0.37260000000000004
0.3487
0.3234
0.30389999999999995
0.30469999999999997
0.2904
0.241
0.21810000000000002
0.4455
0.5535
0.8492
1.5028000000000001
0.3684
0.19540000000000002
0.2907
0.5501
0.7093
1.6888
1.2283
1.3963999999999999
1.5166
0.9068
0.5084
0.4004
0.126
0.2375
0.30670000000000003
0.5479
0.0334
0.20600000000000002
0.43069999999999997
0.6133
0.4065
0.4016
0.42169999999999996
0.4645
0.3996
0.7331
1.6672
0.38939999999999997
1.0665
0.49160000000000004
0.11560000000000001
0.0892
0.0122
0.0
0.0029
0.0451
7.9291
11.052
10.3675
7.6023
1.0685
0.2727
0.3196
0.3313
0.4017
0.38939999999999997
0.5434
3.2874
1.7381
0.47950000000000004
0.368
0.3297
0.3633
0.4308
0.442
0.4993
1.6953
1.8797000000000001
2.1734
1.6364999999999998
1.2809
0.4292
3.0679
0.33330000000000004
0.2448
0.0509
2.2111
0.2144
0.5672999999999999
0.5353
0.5401
0.6098
0.6078
0.5899
0.7303999999999999
0.8983
0.49129999999999996
0.6381
0.6215
0.4367
0.2159
0.20600000000000002
0.1287
0.07250000000000001
0.4844
0.4506
0.4309
0.4333
0.43110000000000004
0.4579
0.5878000000000001
1.3917000000000002
1.4395
1.2208
0.9105
0.7144
0.6493
0.6275
0.6475
0.7583
1.2616
1.8108
1.2740999999999998
0.8729
0.808
0.8134
1.0937999999999999
1.2078
0.2447
0.21550000000000002
0.206
0.2119
0.22
0.2313
0.2878
0.4178
0.4158
0.40449999999999997
0.36260000000000003
0.34840000000000004
0.3738
0.3871
0.4937
1.1561
0.5614
0.5437000000000001
0.526
1.2727
1.7898
1.0952
1.1141
2.3731
0.7404
0.9034
0.5618
0.39849999999999997
0.4056
0.5429999999999999
1.0719
0.40569999999999995
0.2706
0.26749999999999996
0.2582
0.27359999999999995
0.2763
0.2758
0.2851
0.30779999999999996
0.3709
0.9319
0.9202
0.4461
0.434
0.3708
0.2881
3.3067
0.37260000000000004
0.3487
0.3234
0.30389999999999995
0.30469999999999997
0.2904
0.241
0.21810000000000002
0.4455
0.5535
0.8492
1.5028000000000001
0.3684
0.19540000000000002
0.2907
0.5501
0.7093
1.6888
1.2283
1.3963999999999999
1.5166
0.9068
0.5084
0.4004
0.126
0.2375
0.30670000000000003
0.5479
0.0334
0.20600000000000002
0.43069999999999997
0.6133
0.4065
0.4016
0.42169999999999996
0.4645
0.3996
0.7331
1.6672
0.38939999999999997
1.0665
0.49160000000000004
0.11560000000000001
0.0892
0.0122
0.0
0.0029
0.0451
7.9291
11.052
10.3675
7.6023
1.0685
0.2727
0.3196
0.3313
0.4017
0.38939999999999997
0.5434
3.2874
1.7381
0.47950000000000004
0.368
0.3297
0.3633
0.4308
0.442
0.4993
1.6953
1.8797000000000001
2.1734
1.6364999999999998
1.2809
0.4292
3.0679
0.33330000000000004
0.2448
0.0509
2.2111
0.2144
0.5672999999999999
0.5353
0.5401
0.6098
0.6078
0.5899
0.7303999999999999
0.8983
0.49129999999999996
0.6381
0.6215
0.4367
0.2159
0.20600000000000002
0.1287
0.07250000000000001
0.4844
0.4506
0.4309
0.4333
0.43110000000000004
0.4579
0.5878000000000001
1.3917000000000002
1.4395
1.2208
0.9105
0.7144
0.6493
0.6275
0.6475
0.7583
1.2616
1.8108
1.2740999999999998
0.8729
0.808
0.8134
1.0937999999999999
1.2078
0.2447
0.21550000000000002
0.206
0.2119
0.22
0.2313
0.2878
0.4178
0.4158
0.40449999999999997
0.36260000000000003
0.34840000000000004
0.3738
0.3871
0.4937
1.1561
0.5614
0.5437000000000001
0.526
1.2727
1.7898
1.0952
1.1141
2.3731
0.7404
0.9034
0.5618
0.39849999999999997
0.4056
0.5429999999999999
1.0719
0.40569999999999995
0.2706
0.26749999999999996
0.2582
0.27359999999999995
0.2763
0.2758
0.2851
0.30779999999999996
0.3709
0.9319
0.9202
0.4461
0.434
0.3708
0.2881
3.3067
0.37260000000000004
0.3487
0.3234
0.30389999999999995
0.30469999999999997
0.2904
0.241
0.21810000000000002
0.4455
0.5535
0.8492
1.5028000000000001
0.3684
0.19540000000000002
0.2907
0.5501
0.7093
1.6888
1.2283
1.3963999999999999
1.5166
0.9068
0.5084
0.4004
0.126
0.2375
0.30670000000000003
0.5479
0.0334
0.20600000000000002
0.43069999999999997
0.6133
0.4065
0.4016
0.42169999999999996
0.4645
0.3996
0.7331
1.6672
0.38939999999999997
1.0665
0.49160000000000004
0.11560000000000001
0.0892
0.0122
0.0
0.0029
0.0451
7.9291
11.052
10.3675
7.6023
1.0685
0.2727
0.3196
0.3313
0.4017
0.38939999999999997
0.5434
3.2874
1.7381
0.47950000000000004
0.368
0.3297
0.3633
0.4308
0.442
0.4993
1.6953
1.8797000000000001
2.1734
1.6364999999999998
1.2809
0.4292
3.0679
0.33330000000000004
0.2448
0.0509
2.2111
0.2144
0.5672999999999999
0.5353
0.5401
0.6098
0.6078
0.5899
0.7303999999999999
0.8983
0.49129999999999996
0.6381
0.6215
0.4367
0.2159
0.20600000000000002
0.1287
0.07250000000000001
0.4844
0.4506
0.4309
0.4333
0.43110000000000004
0.4579
0.5878000000000001
1.3917000000000002
1.4395
1.2208
0.9105
0.7144
0.6493
0.6275
0.6475
0.7583
1.2616
1.8108
1.2740999999999998
0.8729
0.808
0.8134
1.0937999999999999
1.2078
0.2447
0.21550000000000002
0.206
0.2119
0.22
0.2313
0.2878
0.4178
0.4158
0.40449999999999997
0.36260000000000003
0.34840000000000004
0.3738
0.3871
0.4937
1.1561
0.5614
0.5437000000000001
0.526
1.2727
1.7898
1.0952
1.1141
2.3731
0.7404
0.9034
0.5618
0.39849999999999997
0.4056
0.5429999999999999
1.0719
0.40569999999999995
0.2706
0.26749999999999996
0.2582
0.27359999999999995
0.2763
0.2758
0.2851
0.30779999999999996
0.3709
0.9319
0.9202
0.4461
0.434
0.3708
0.2881
3.3067
0.37260000000000004
0.3487
0.3234
0.30389999999999995
0.30469999999999997
0.2904
0.241
0.21810000000000002
0.4455
0.5535
0.8492
1.5028000000000001
0.3684
0.19540000000000002
0.2907
0.5501
0.7093
1.6888
1.2283
1.3963999999999999
1.5166
0.9068
0.5084
0.4004
0.126
0.2375
0.30670000000000003
0.5479
0.0334
0.20600000000000002
0.43069999999999997
0.6133
0.4065
0.4016
0.42169999999999996
0.4645
0.3996
0.7331
1.6672
0.38939999999999997
1.0665
0.49160000000000004
0.11560000000000001
0.0892
0.0122
0.0
0.0029
0.0451
7.9291
11.052
10.3675
7.6023
1.0685
0.2727
0.3196
0.3313
0.4017
0.38939999999999997
0.5434
3.2874
1.7381
0.47950000000000004
0.368
0.3297
0.3633
0.4308
0.442
0.4993
1.6953
1.8797000000000001
2.1734
1.6364999999999998
1.2809
0.4292
3.0679
0.33330000000000004
0.2448
0.0509
2.2111
0.2144
0.5672999999999999
0.5353
0.5401
0.6098
0.6078
0.5899
0.7303999999999999
0.8983
0.49129999999999996
0.6381
0.6215
0.4367
0.2159
0.20600000000000002
0.1287
0.07250000000000001
0.4844
0.4506
0.4309
0.4333
0.43110000000000004
0.4579
0.5878000000000001
1.3917000000000002
1.4395
1.2208
0.9105
0.7144
0.6493
0.6275
0.6475
0.7583
1.2616
1.8108
1.2740999999999998
0.8729
0.808
0.8134
1.0937999999999999
1.2078
0.2447
0.21550000000000002
0.206
0.2119
0.22
0.2313
0.2878
0.4178
0.4158
0.40449999999999997
0.36260000000000003
0.34840000000000004
0.3738
0.3871
0.4937
1.1561
0.5614
0.5437000000000001
0.526
1.2727
1.7898
1.0952
1.1141
2.3731
0.7404
0.9034
0.5618
0.39849999999999997
0.4056
0.5429999999999999
1.0719
0.40569999999999995
0.2706
0.26749999999999996
0.2582
0.27359999999999995
0.2763
0.2758
0.2851
0.30779999999999996
0.3709
0.9319
0.9202
0.4461
0.434
0.3708
0.2881
3.3067
0.37260000000000004
0.3487
0.3234
0.30389999999999995
0.30469999999999997
0.2904
0.241
0.21810000000000002
0.4455
0.5535
0.8492
1.5028000000000001
0.3684
0.19540000000000002
0.2907
0.5501
0.7093
1.6888
1.2283
1.3963999999999999
1.5166
0.9068
0.5084
0.4004
0.126
0.2375
0.30670000000000003
0.5479
0.0334
0.20600000000000002
0.43069999999999997
0.6133
0.4065
0.4016
0.42169999999999996
0.4645
0.3996
0.7331
1.6672
0.38939999999999997
1.0665
0.49160000000000004
0.11560000000000001
0.0892
0.0122
0.0
0.0029
0.0451
7.9291
11.052
10.3675
7.6023
1.0685
0.2727
0.3196
0.3313
0.4017
0.38939999999999997
0.5434
3.2874
1.7381
0.47950000000000004
0.368
0.3297
0.3633
0.4308
0.442
0.4993
1.6953
1.8797000000000001
2.1734
1.6364999999999998
0.7089000000000001
0.6171
0.5854
0.5833999999999999
0.5275
0.4462
0.2754
0.2283
0.2172
0.2147
0.2239
0.2248
0.9793000000000001
0.0893
0.1126
0.1081
0.12229999999999999
0.1623
0.2246
1.3305
1.0819999999999999
0.3155
0.386
1.6999
0.1017
0.09709999999999999
0.0887
0.0991
0.101
0.1082
0.1762
0.2308
0.2971
0.3062
0.3509
0.47050000000000003
0.48519999999999996
1.333
0.5528
0.2738
0.7117
0.7841
2.2271
0.2008
0.9452
0.6323
0.2934
0.11410000000000001
4.0651
3.6807
3.596
0.0
0.0
0.0499
0.1429
0.0651
0.0
1.907
1.4181
0.8421000000000001
3.7081999999999997
1.2529
0.0807
0.0
0.0
0.0
0.0
0.0
0.0
0.0
0.0
1.9341
0.43189999999999995
0.4935
0.4389
0.4649
0.46950000000000003
2.2816
0.6946
1.597
1.1941
4.2545
1.1496
1.2873999999999999
1.3654
1.3444
1.7888000000000002
2.2195
0.9881
0.8736999999999999
1.2015
1.9336000000000002
0.26680000000000004
0.3165
0.26
0.1712
0.3634
0.9175
1.7252999999999998
1.4036
0.4526
0.2558
0.35740000000000005
0.4494
0.4619
0.5063
0.6213
0.7871999999999999
0.5802
0.5032000000000001
0.45499999999999996
0.39990000000000003
0.3219
0.2762
1.1525
0.5639
0.1941
0.0794
0.0611
0.07039999999999999
0.1509
0.1473
0.1411
0.1476
0.17070000000000002
0.17620000000000002
0.2336
0.2631
1.6736000000000002
1.8885999999999998
0.6806
0.6497999999999999
0.5428
1.002
2.263
0.43069999999999997
0.41400000000000003
0.4133
1.1705999999999999
0.9297
0.4615
0.26470000000000005
0.2098
0.16649999999999998
0.2283
0.222
0.2268
0.2279
0.2244
0.2436
0.3215
0.4423
0.1994
0.2064
0.235
0.2439
0.2653
0.2947
0.3454
0.36
0.9997
1.2236
0.6885
0.0079
0.082
0.0718
0.134
0.1135
0.7089000000000001
0.6171
0.5854
0.5833999999999999
0.5275
0.4462
0.2754
0.2283
0.2172
0.2147
0.2239
0.2248
0.9793000000000001
0.0893
0.1126
0.1081
0.12229999999999999
0.1623
0.2246
1.3305
1.0819999999999999
0.3155
0.386
1.6999
0.1017
0.09709999999999999
0.0887
0.0991
0.101
0.1082
0.1762
0.2308
0.2971
0.3062
0.3509
0.47050000000000003
0.48519999999999996
1.333
0.5528
0.2738
0.7117
0.7841
2.2271
0.2008
0.9452
0.6323
0.2934
0.11410000000000001
4.0651
3.6807
3.596
0.0
0.0
0.0499
0.1429
0.0651
0.0
1.907
1.4181
0.8421000000000001
3.7081999999999997
1.2529
0.0807
0.0
0.0
0.0
0.0
0.0
0.0
0.0
0.0
1.9341
0.43189999999999995
0.4935
0.4389
0.4649
0.46950000000000003
2.2816
0.6946
1.597
1.1941
4.2545
1.1496
1.2873999999999999
1.3654
1.3444
1.7888000000000002
2.2195
0.9881
0.8736999999999999
1.2015
1.9336000000000002
0.26680000000000004
0.3165
0.26
0.1712
0.3634
0.9175
1.7252999999999998
1.4036
0.4526
0.2558
0.35740000000000005
0.4494
0.4619
0.5063
0.6213
0.7871999999999999
0.5802
0.5032000000000001
0.45499999999999996
0.39990000000000003
0.3219
0.2762
1.1525
0.5639
0.1941
0.0794
0.0611
0.07039999999999999
0.1509
0.1473
0.1411
0.1476
0.17070000000000002
0.17620000000000002
0.2336
0.2631
1.6736000000000002
1.8885999999999998
0.6806
0.6497999999999999
0.5428
1.002
2.263
0.43069999999999997
0.41400000000000003
0.4133
1.1705999999999999
0.9297
0.4615
0.26470000000000005
0.2098
0.16649999999999998
0.2283
0.222
0.2268
0.2279
0.2244
0.2436
0.3215
0.4423
0.1994
0.2064
0.235
0.2439
0.2653
0.2947
0.3454
0.36
0.9997
1.2236
0.6885
0.0079
0.082
0.0718
0.134
0.1135
0.7089000000000001
0.6171
0.5854
0.5833999999999999
0.5275
0.4462
0.2754
0.2283
0.2172
0.2147
0.2239
0.2248
0.9793000000000001
0.0893
0.1126
0.1081
0.12229999999999999
0.1623
0.2246
1.3305
1.0819999999999999
0.3155
0.386
1.6999
0.1017
0.09709999999999999
0.0887
0.0991
0.101
0.1082
0.1762
0.2308
0.2971
0.3062
0.3509
0.47050000000000003
0.48519999999999996
1.333
0.5528
0.2738
0.7117
0.7841
2.2271
0.2008
0.9452
0.6323
0.2934
0.11410000000000001
4.0651
3.6807
3.596
0.0
0.0
0.0499
0.1429
0.0651
0.0
1.907
1.4181
0.8421000000000001
3.7081999999999997
1.2529
0.0807
0.0
0.0
0.0
0.0
0.0
0.0
0.0
0.0
1.9341
0.43189999999999995
0.4935
0.4389
0.4649
0.46950000000000003
2.2816
0.6946
1.597
1.1941
4.2545
1.1496
1.2873999999999999
1.3654
1.3444
1.7888000000000002
2.2195
0.9881
0.8736999999999999
1.2015
1.9336000000000002
0.26680000000000004
0.3165
0.26
0.1712
0.3634
0.9175
1.7252999999999998
1.4036
0.4526
0.2558
0.35740000000000005
0.4494
0.4619
0.5063
0.6213
0.7871999999999999
0.5802
0.5032000000000001
0.45499999999999996
0.39990000000000003
0.3219
0.2762
1.1525
0.5639
0.1941
0.0794
0.0611
0.07039999999999999
0.1509
0.1473
0.1411
0.1476
0.17070000000000002
0.17620000000000002
0.2336
0.2631
1.6736000000000002
1.8885999999999998
0.6806
0.6497999999999999
0.5428
1.002
2.263
0.43069999999999997
0.41400000000000003
0.4133
1.1705999999999999
0.9297
0.4615
0.26470000000000005
0.2098
0.16649999999999998
0.2283
0.222
0.2268
0.2279
0.2244
0.2436
0.3215
0.4423
0.1994
0.2064
0.235
0.2439
0.2653
0.2947
0.3454
0.36
0.9997
1.2236
0.6885
0.0079
0.082
0.0718
0.134
0.1135
0.7089000000000001
0.6171
0.5854
0.5833999999999999
0.5275
0.4462
0.2754
0.2283
0.2172
0.2147
0.2239
0.2248
0.9793000000000001
0.0893
0.1126
0.1081
0.12229999999999999
0.1623
0.2246
1.3305
1.0819999999999999
0.3155
0.386
1.6999
0.1017
0.09709999999999999
0.0887
0.0991
0.101
0.1082
0.1762
0.2308
0.2971
0.3062
0.3509
0.47050000000000003
0.48519999999999996
1.333
0.5528
0.2738
0.7117
0.7841
2.2271
0.2008
0.9452
0.6323
0.2934
0.11410000000000001
4.0651
3.6807
3.596
0.0
0.0
0.0499
0.1429
0.0651
0.0
1.907
1.4181
0.8421000000000001
3.7081999999999997
1.2529
0.0807
0.0
0.0
0.0
0.0
0.0
0.0
0.0
0.0
1.9341
0.43189999999999995
0.4935
0.4389
0.4649
0.46950000000000003
2.2816
0.6946
1.597
1.1941
4.2545
1.1496
1.2873999999999999
1.3654
1.3444
1.7888000000000002
2.2195
0.9881
0.8736999999999999
1.2015
1.9336000000000002
0.26680000000000004
0.3165
0.26
0.1712
0.3634
0.9175
1.7252999999999998
1.4036
0.4526
0.2558
0.35740000000000005
0.4494
0.4619
0.5063
0.6213
0.7871999999999999
0.5802
0.5032000000000001
0.45499999999999996
0.39990000000000003
0.3219
0.2762
1.1525
0.5639
0.1941
0.0794
0.0611
0.07039999999999999
0.1509
0.1473
0.1411
0.1476
0.17070000000000002
0.17620000000000002
0.2336
0.2631
1.6736000000000002
1.8885999999999998
0.6806
0.6497999999999999
0.5428
1.002
2.263
0.43069999999999997
0.41400000000000003
0.4133
1.1705999999999999
0.9297
0.4615
0.26470000000000005
0.2098
0.16649999999999998
0.2283
0.222
0.2268
0.2279
0.2244
0.2436
0.3215
0.4423
0.1994
0.2064
0.235
0.2439
0.2653
0.2947
0.3454
0.36
0.9997
1.2236
0.6885
0.0079
0.082
0.0718
0.134
0.1135
3.6719
5.56
3.5629
0.6112
0.37010000000000004
0.1649
0.1923
0.31310000000000004
0.3388
0.3634
0.3204
0.2565
0.3539
0.3865
0.4033
0.4658
0.3994
0.4037
0.5609999999999999
3.4616
1.0106
0.7148
1.9605
2.4618
0.355
0.32689999999999997
0.31320000000000003
0.3132
0.3214
0.3512
0.4053
0.4517
0.7696
0.9263
1.2444000000000002
1.6915
1.3835
0.9754
0.8434999999999999
1.8862999999999999
0.8320000000000001
0.5725
0.5151
0.4078
0.4737
0.5757
1.108
1.0553
0.5085
0.49950000000000006
0.4759
0.44789999999999996
0.4497
0.4706
0.4216
0.3639
0.44079999999999997
1.2024
0.4462
0.4526
0.3871
1.7743
1.6414
0.3261
0.404
0.3603
0.3865
0.44
0.4869
0.4002
0.36460000000000004
0.38739999999999997
0.1315
0.11510000000000001
0.1176
0.113
0.1144
0.19019999999999998
0.2752
0.1941
0.0421
0.0386
0.0548
0.0746
0.0701
0.0583
0.0928
0.0985
0.1395
1.0836999999999999
1.0965
0.7006
0.664
0.5341
0.49529999999999996
1.7881
0.6515
0.5505
0.4743
0.3794
0.3224
0.2435
0.1524
0.0758
0.0251
0.0
0.13190000000000002
0.6438999999999999
0.48750000000000004
0.2525
3.7503
0.4325
0.5063
2.7729
1.0345
0.8376
4.4892
5.3268
5.6975
3.6841
8.3689
0.0907
0.0557
0.0097
0.0477
0.0183
0.6388
1.2946
1.1446
2.4152
2.4718
0.9950000000000001
1.5347
4.0486
0.2207
0.0
0.0232
0.0933
0.1778
0.3446
0.0844
1.8297
2.4494
4.2358
0.2495
0.2207
0.222
0.23320000000000002
0.23909999999999998
0.2852
0.4284
0.7701
1.032
0.6266
0.1687
0.11780000000000002
0.1482
0.15639999999999998
0.2002
0.4729
1.3462
1.7252
0.8542000000000001
0.5386
0.5331
0.5703
0.6436999999999999
1.0347
3.6719
5.56
3.5629
0.6112
0.37010000000000004
0.1649
0.1923
0.31310000000000004
0.3388
0.3634
0.3204
0.2565
0.3539
0.3865
0.4033
0.4658
0.3994
0.4037
0.5609999999999999
3.4616
1.0106
0.7148
1.9605
2.4618
0.355
0.32689999999999997
0.31320000000000003
0.3132
0.3214
0.3512
0.4053
0.4517
0.7696
0.9263
1.2444000000000002
1.6915
1.3835
0.9754
0.8434999999999999
1.8862999999999999
0.8320000000000001
0.5725
0.5151
0.4078
0.4737
0.5757
1.108
1.0553
0.5085
0.49950000000000006
0.4759
0.44789999999999996
0.4497
0.4706
0.4216
0.3639
0.44079999999999997
1.2024
0.4462
0.4526
0.3871
1.7743
1.6414
0.3261
0.404
0.3603
0.3865
0.44
0.4869
0.4002
0.36460000000000004
0.38739999999999997
0.1315
0.11510000000000001
0.1176
0.113
0.1144
0.19019999999999998
0.2752
0.1941
0.0421
0.0386
0.0548
0.0746
0.0701
0.0583
0.0928
0.0985
0.1395
1.0836999999999999
1.0965
0.7006
0.664
0.5341
0.49529999999999996
1.7881
0.6515
0.5505
0.4743
0.3794
0.3224
0.2435
0.1524
0.0758
0.0251
0.0
0.13190000000000002
0.6438999999999999
0.48750000000000004
0.2525
3.7503
0.4325
0.5063
2.7729
1.0345
0.8376
4.4892
5.3268
5.6975
3.6841
8.3689
0.0907
0.0557
0.0097
0.0477
0.0183
0.6388
1.2946
1.1446
2.4152
2.4718
0.9950000000000001
1.5347
4.0486
0.2207
0.0
0.0232
0.0933
0.1778
0.3446
0.0844
1.8297
2.4494
4.2358
0.2495
0.2207
0.222
0.23320000000000002
0.23909999999999998
0.2852
0.4284
0.7701
1.032
0.6266
0.1687
0.11780000000000002
0.1482
0.15639999999999998
0.2002
0.4729
1.3462
1.7252
0.8542000000000001
0.5386
0.5331
0.5703
0.6436999999999999
1.0347
3.6719
5.56
3.5629
0.6112
0.37010000000000004
0.1649
0.1923
0.31310000000000004
0.3388
0.3634
0.3204
0.2565
0.3539
0.3865
0.4033
0.4658
0.3994
0.4037
0.5609999999999999
3.4616
1.0106
0.7148
1.9605
2.4618
0.355
0.32689999999999997
0.31320000000000003
0.3132
0.3214
0.3512
0.4053
0.4517
0.7696
0.9263
1.2444000000000002
1.6915
1.3835
0.9754
0.8434999999999999
1.8862999999999999
0.8320000000000001
0.5725
0.5151
0.4078
0.4737
0.5757
1.108
1.0553
0.5085
0.49950000000000006
0.4759
0.44789999999999996
0.4497
0.4706
0.4216
0.3639
0.44079999999999997
1.2024
0.4462
0.4526
0.3871
1.7743
1.6414
0.3261
0.404
0.3603
0.3865
0.44
0.4869
0.4002
0.36460000000000004
0.38739999999999997
0.1315
0.11510000000000001
0.1176
0.113
0.1144
0.19019999999999998
0.2752
0.1941
0.0421
0.0386
0.0548
0.0746
0.0701
0.0583
0.0928
0.0985
0.1395
1.0836999999999999
1.0965
0.7006
0.664
0.5341
0.49529999999999996
1.7881
0.6515
0.5505
0.4743
0.3794
0.3224
0.2435
0.1524
0.0758
0.0251
0.0
0.13190000000000002
0.6438999999999999
0.48750000000000004
0.2525
3.7503
0.4325
0.5063
2.7729
1.0345
0.8376
4.4892
5.3268
5.6975
3.6841
8.3689
0.0907
0.0557
0.0097
0.0477
0.0183
0.6388
1.2946
1.1446
2.4152
2.4718
0.9950000000000001
1.5347
4.0486
0.2207
0.0
0.0232
0.0933
0.1778
0.3446
0.0844
1.8297
2.4494
4.2358
0.2495
0.2207
0.222
0.23320000000000002
0.23909999999999998
0.2852
0.4284
0.7701
1.032
0.6266
0.1687
0.11780000000000002
0.1482
0.15639999999999998
0.2002
0.4729
1.3462
1.7252
0.8542000000000001
0.5386
0.5331
0.5703
0.6436999999999999
1.0347
3.6719
5.56
3.5629
0.6112
0.37010000000000004
0.1649
0.1923
0.31310000000000004
0.3388
0.3634
0.3204
0.2565
0.3539
0.3865
0.4033
0.4658
0.3994
0.4037
0.5609999999999999
3.4616
1.0106
0.7148
1.9605
2.4618
0.355
0.32689999999999997
0.31320000000000003
0.3132
0.3214
0.3512
0.4053
0.4517
0.7696
0.9263
1.2444000000000002
1.6915
1.3835
0.9754
0.8434999999999999
1.8862999999999999
0.8320000000000001
0.5725
0.5151
0.4078
0.4737
0.5757
1.108
1.0553
0.5085
0.49950000000000006
0.4759
0.44789999999999996
0.4497
0.4706
0.4216
0.3639
0.44079999999999997
1.2024
0.4462
0.4526
0.3871
1.7743
1.6414
0.3261
0.404
0.3603
0.3865
0.44
0.4869
0.4002
0.36460000000000004
0.38739999999999997
0.1315
0.11510000000000001
0.1176
0.113
0.1144
0.19019999999999998
0.2752
0.1941
0.0421
0.0386
0.0548
0.0746
0.0701
0.0583
0.0928
0.0985
0.1395
1.0836999999999999
1.0965
0.7006
0.664
0.5341
0.49529999999999996
1.7881
0.6515
0.5505
0.4743
0.3794
0.3224
0.2435
0.1524
0.0758
0.0251
0.0
0.13190000000000002
0.6438999999999999
0.48750000000000004
0.2525
3.7503
0.4325
0.5063
2.7729
1.0345
0.8376
4.4892
5.3268
5.6975
3.6841
8.3689
0.0907
0.0557
0.0097
0.0477
0.0183
0.6388
1.2946
1.1446
2.4152
2.4718
0.9950000000000001
1.5347
4.0486
0.2207
0.0
0.0232
0.0933
0.1778
0.3446
0.0844
1.8297
2.4494
4.2358
0.2495
0.2207
0.222
0.23320000000000002
0.23909999999999998
0.2852
0.4284
0.7701
1.032
0.6266
0.1687
0.11780000000000002
0.1482
0.15639999999999998
0.2002
0.4729
1.3462
1.7252
0.8542000000000001
0.5386
0.5331
0.5703
0.6436999999999999
1.0347
3.6719
5.56
3.5629
0.6112
0.37010000000000004
0.1649
0.1923
0.31310000000000004
0.3388
0.3634
0.3204
0.2565
0.3539
0.3865
0.4033
0.4658
0.3994
0.4037
0.5609999999999999
3.4616
1.0106
0.7148
1.9605
2.4618
0.355
0.32689999999999997
0.31320000000000003
0.3132
0.3214
0.3512
0.4053
0.4517
0.7696
0.9263
1.2444000000000002
1.6915
1.3835
0.9754
0.8434999999999999
1.8862999999999999
0.8320000000000001
0.5725
0.5151
0.4078
0.4737
0.5757
1.108
1.0553
0.5085
0.49950000000000006
0.4759
0.44789999999999996
0.4497
0.4706
0.4216
0.3639
0.44079999999999997
1.2024
0.4462
0.4526
0.3871
1.7743
1.6414
0.3261
0.404
0.3603
0.3865
0.44
0.4869
0.4002
0.36460000000000004
0.38739999999999997
0.1963
0.1982
0.21739999999999998
0.2076
0.2054
0.296
0.5807
0.6858
0.6268
0.6086
0.5846
0.6214
0.6435
0.8517
1.4687999999999999
0.7333000000000001
1.1718
1.7343000000000002
1.1280999999999999
0.7318
0.2334
0.0182
0.0094
0.0358
0.5013
0.4535
0.40490000000000004
0.3901
0.398
0.41700000000000004
0.5416
0.7649
2.0019
2.3289999999999997
1.8088
0.9307000000000001
0.6405000000000001
0.5794
0.6006
1.7029999999999998
1.3144
2.5827999999999998
3.1013
3.2813
1.3308
3.5024
2.2134
0.7308
1.5615
0.242
0.3267
0.3351
0.3436
0.4657
0.6229
0.6808000000000001
0.6839
0.6895
0.6601
0.6354
0.6503
0.6678999999999999
0.5724
0.4127
0.3966
0.3808
0.36229999999999996
0.9101999999999999
0.6347
1.0979999999999999
1.2923
0.608
0.7806
0.15760000000000002
0.1085
0.1222
0.1244
0.1259
0.19690000000000002
0.5811999999999999
0.8334
0.8985000000000001
0.8604
0.7329
0.7012
0.7155
0.5975
0.5094
1.472
0.4781
0.436
0.44320000000000004
0.4706
0.7010000000000001
0.6107
0.5747
2.3055
2.9082
2.5174000000000003
2.4922
2.4118000000000004
2.4066
2.7647
1.4391
0.1013
0.19569999999999999
0.1801
0.2304
0.2014
0.18130000000000002
0.1394
0.1001
0.0603
0.007
0.0294
0.3547
2.2013
1.8908
1.9729
2.2651
6.1482
5.7347
5.2088
1.4658
0.1946
0.1765
0.24209999999999998
0.39949999999999997
0.9659
1.9703
2.9572000000000003
2.0246
1.0809000000000002
0.8115
1.4548
2.9568000000000003
1.6606
2.2281
0.8499000000000001
0.1647
0.1452
0.21889999999999998
0.3398
4.0565
1.0011
0.9947999999999999
0.9403
0.9079999999999999
0.9557
2.1728
1.0465
0.7669
0.5971
0.4899
0.5680000000000001
0.4955
0.3977
0.2874
0.2599
0.2311
0.2262
0.4076
0.3775
0.3522
0.3784
0.19
0.2069
0.2061
0.1963
0.1982
0.21739999999999998
0.2076
0.2054
0.296
0.5807
0.6858
0.6268
0.6086
0.5846
0.6214
0.6435
0.8517
1.4687999999999999
0.7333000000000001
1.1718
1.7343000000000002
1.1280999999999999
0.7318
0.2334
0.0182
0.0094
0.0358
0.5013
0.4535
0.40490000000000004
0.3901
0.398
0.41700000000000004
0.5416
0.7649
2.0019
2.3289999999999997
1.8088
0.9307000000000001
0.6405000000000001
0.5794
0.6006
1.7029999999999998
1.3144
2.5827999999999998
3.1013
3.2813
1.3308
3.5024
2.2134
0.7308
1.5615
0.242
0.3267
0.3351
0.3436
0.4657
0.6229
0.6808000000000001
0.6839
0.6895
0.6601
0.6354
0.6503
0.6678999999999999
0.5724
0.4127
0.3966
0.3808
0.36229999999999996
0.9101999999999999
0.6347
1.0979999999999999
1.2923
0.608
0.7806
0.15760000000000002
0.1085
0.1222
0.1244
0.1259
0.19690000000000002
0.5811999999999999
0.8334
0.8985000000000001
0.8604
0.7329
0.7012
0.7155
0.5975
0.5094
1.472
0.4781
0.436
0.44320000000000004
0.4706
0.7010000000000001
0.6107
0.5747
2.3055
2.9082
2.5174000000000003
2.4922
2.4118000000000004
2.4066
2.7647
1.4391
0.1013
0.19569999999999999
0.1801
0.2304
0.2014
0.18130000000000002
0.1394
0.1001
0.0603
0.007
0.0294
0.3547
2.2013
1.8908
1.9729
2.2651
6.1482
5.7347
5.2088
1.4658
0.1946
0.1765
0.24209999999999998
0.39949999999999997
0.9659
1.9703
2.9572000000000003
2.0246
1.0809000000000002
0.8115
1.4548
2.9568000000000003
1.6606
2.2281
0.8499000000000001
0.1647
0.1452
0.21889999999999998
0.3398
4.0565
1.0011
0.9947999999999999
0.9403
0.9079999999999999
0.9557
2.1728
1.0465
0.7669
0.5971
0.4899
0.5680000000000001
0.4955
0.3977
0.2874
0.2599
0.2311
0.2262
0.4076
0.3775
0.3522
0.3784
0.19
0.2069
0.2061
0.1963
0.1982
0.21739999999999998
0.2076
0.2054
0.296
0.5807
0.6858
0.6268
0.6086
0.5846
0.6214
0.6435
0.8517
1.4687999999999999
0.7333000000000001
1.1718
1.7343000000000002
1.1280999999999999
0.7318
0.2334
0.0182
0.0094
0.0358
0.5013
0.4535
0.40490000000000004
0.3901
0.398
0.41700000000000004
0.5416
0.7649
2.0019
2.3289999999999997
1.8088
0.9307000000000001
0.6405000000000001
0.5794
0.6006
1.7029999999999998
1.3144
2.5827999999999998
3.1013
3.2813
1.3308
3.5024
2.2134
0.7308
1.5615
0.242
0.3267
0.3351
0.3436
0.4657
0.6229
0.6808000000000001
0.6839
0.6895
0.6601
0.6354
0.6503
0.6678999999999999
0.5724
0.4127
0.3966
0.3808
0.36229999999999996
0.9101999999999999
0.6347
1.0979999999999999
1.2923
0.608
0.7806
0.15760000000000002
0.1085
0.1222
0.1244
0.1259
0.19690000000000002
0.5811999999999999
0.8334
0.8985000000000001
0.8604
0.7329
0.7012
0.7155
0.5975
0.5094
1.472
0.4781
0.436
0.44320000000000004
0.4706
0.7010000000000001
0.6107
0.5747
2.3055
2.9082
2.5174000000000003
2.4922
2.4118000000000004
2.4066
2.7647
1.4391
0.1013
0.19569999999999999
0.1801
0.2304
0.2014
0.18130000000000002
0.1394
0.1001
0.0603
0.007
0.0294
0.3547
2.2013
1.8908
1.9729
2.2651
6.1482
5.7347
5.2088
1.4658
0.1946
0.1765
0.24209999999999998
0.39949999999999997
0.9659
1.9703
2.9572000000000003
2.0246
1.0809000000000002
0.8115
1.4548
2.9568000000000003
1.6606
2.2281
0.8499000000000001
0.1647
0.1452
0.21889999999999998
0.3398
4.0565
1.0011
0.9947999999999999
0.9403
0.9079999999999999
0.9557
2.1728
1.0465
0.7669
0.5971
0.4899
0.5680000000000001
0.4955
0.3977
0.2874
0.2599
0.2311
0.2262
0.4076
0.3775
0.3522
0.3784
0.19
0.2069
0.2061
0.1963
0.1982
0.21739999999999998
0.2076
0.2054
0.296
0.5807
0.6858
0.6268
0.6086
0.5846
0.6214
0.6435
0.8517
1.4687999999999999
0.7333000000000001
1.1718
1.7343000000000002
1.1280999999999999
0.7318
0.2334
0.0182
0.0094
0.0358
0.5013
0.4535
0.40490000000000004
0.3901
0.398
0.41700000000000004
0.5416
0.7649
2.0019
2.3289999999999997
1.8088
0.9307000000000001
0.6405000000000001
0.5794
0.6006
1.7029999999999998
1.3144
2.5827999999999998
3.1013
3.2813
1.3308
3.5024
2.2134
0.7308
1.5615
0.242
0.3267
0.3351
0.3436
0.4657
0.6229
0.6808000000000001
0.6839
0.6895
0.6601
0.6354
0.6503
0.6678999999999999
0.5724
0.4127
0.3966
0.3808
0.36229999999999996
0.9101999999999999
0.6347
1.0979999999999999
1.2923
0.608
0.7806
0.15760000000000002
0.1085
0.1222
0.1244
0.1259
0.19690000000000002
0.5811999999999999
0.8334
0.8985000000000001
0.8604
0.7329
0.7012
0.7155
0.5975
0.5094
1.472
0.4781
0.436
0.44320000000000004
0.4706
0.7010000000000001
0.6107
0.5747
2.3055
2.9082
2.5174000000000003
2.4922
2.4118000000000004
2.4066
2.7647
1.4391
0.1013
0.19569999999999999
0.1801
0.2304
0.2014
0.18130000000000002
0.1394
0.1001
0.0603
0.007
0.0294
0.3547
2.2013
1.8908
1.9729
2.2651
6.1482
5.7347
5.2088
1.4658
0.1946
0.1765
0.24209999999999998
0.39949999999999997
0.9659
1.9703
2.9572000000000003
2.0246
1.0809000000000002
0.8115
1.4548
2.9568000000000003
1.6606
2.2281
0.8499000000000001
0.1647
0.1452
0.21889999999999998
0.3398
4.0565
1.0011
0.9947999999999999
0.9403
0.9079999999999999
0.9557
2.1728
1.0465
0.7669
0.5971
0.4899
0.5680000000000001
0.4955
0.3977
0.2874
0.2599
0.2311
0.2262
0.4076
0.3775
0.3522
0.3784
0.19
0.2069
0.2061
0.1963
0.1982
0.21739999999999998
0.2076
0.2054
0.296
0.5807
0.6858
0.6268
0.6086
0.5846
0.6214
0.6435
0.8517
1.4687999999999999
0.7333000000000001
1.1718
1.7343000000000002
1.1280999999999999
0.7318
0.2334
0.0182
0.0094
0.0358
0.5013
0.4535
0.40490000000000004
0.3901
0.398
0.41700000000000004
0.5416
0.7649
2.0019
2.3289999999999997
1.8088
0.9307000000000001
0.6405000000000001
0.5794
0.6006
1.7029999999999998
1.3144
2.5827999999999998
3.1013
3.2813
1.3308
3.5024
2.2134
0.7308
0.4203
0.39990000000000003
0.4212
0.403
0.3698
0.392
0.301
0.9203
0.19619999999999999
0.2889
0.3713
0.374
0.2925
0.234
0.1935
0.1376
0.4926
0.21400000000000002
0.6738
0.6213
0.6338
0.0725
0.0096
0.0971
1.8978
2.2571
1.3812
0.29190000000000005
0.2774
0.2858
0.3167
0.4273
0.27540000000000003
0.1476
0.1253
0.1123
0.1061
0.1116
0.1386
0.227
1.1002
1.1925
0.7906
0.6288
0.542
0.5969
1.1213
1.2884
0.2744
0.25739999999999996
0.2442
0.24419999999999997
0.23970000000000002
0.24180000000000001
0.2718
0.30100000000000005
0.5618000000000001
0.8822000000000001
0.7814
0.3392
0.1593
0.1339
0.1575
0.5854
1.1659
0.7223
0.8667
0.5303
0.6019
0.45299999999999996
0.30920000000000003
0.26959999999999995
0.2948
0.2823
0.28259999999999996
0.2796
0.2815
0.2878
0.3534
0.515
0.644
0.7153
0.6862
0.7101
1.1273
0.8239000000000001
0.5607
0.4036
1.4586999999999999
0.2882
1.2048999999999999
0.4991
0.4469
0.4438
0.3833
0.3067
0.0815
0.0806
0.077
0.0774
0.0718
0.0731
0.08990000000000001
0.0994
1.0068000000000001
0.1969
0.15839999999999999
0.1333
0.13390000000000002
0.1422
0.1627
0.2862
0.5866
0.7363
0.5187999999999999
0.49949999999999994
0.4831
0.3667
0.2084
0.1139
0.7585
0.3852
0.18080000000000002
1.4779000000000002
0.5898
0.277
0.5214000000000001
0.1944
0.2264
0.2298
0.2227
0.2311
0.23099999999999998
0.25160000000000005
0.3926
0.2017
0.1495
0.5675
0.17020000000000002
0.2128
0.0684
0.0043
0.0
0.0
0.0156
0.013500000000000002
0.0254
0.0166
0.0181
0.0235
0.024599999999999997
0.037700000000000004
0.1421
0.2124
0.2435
0.34609999999999996
0.4595
1.288
0.6457999999999999
0.32930000000000004
0.9931
0.6906
0.7090000000000001
1.145
0.6686000000000001
0.8533999999999999
0.7711
0.228
0.4203
0.39990000000000003
0.4212
0.403
0.3698
0.392
0.301
0.9203
0.19619999999999999
0.2889
0.3713
0.374
0.2925
0.234
0.1935
0.1376
0.4926
0.21400000000000002
0.6738
0.6213
0.6338
0.0725
0.0096
0.0971
1.8978
2.2571
1.3812
0.29190000000000005
0.2774
0.2858
0.3167
0.4273
0.27540000000000003
0.1476
0.1253
0.1123
0.1061
0.1116
0.1386
0.227
1.1002
1.1925
0.7906
0.6288
0.542
0.5969
1.1213
1.2884
0.2744
0.25739999999999996
0.2442
0.24419999999999997
0.23970000000000002
0.24180000000000001
0.2718
0.30100000000000005
0.5618000000000001
0.8822000000000001
0.7814
0.3392
0.1593
0.1339
0.1575
0.5854
1.1659
0.7223
0.8667
0.5303
0.6019
0.45299999999999996
0.30920000000000003
0.26959999999999995
0.2948
0.2823
0.28259999999999996
0.2796
0.2815
0.2878
0.3534
0.515
0.644
0.7153
0.6862
0.7101
1.1273
0.8239000000000001
0.5607
0.4036
1.4586999999999999
0.2882
1.2048999999999999
0.4991
0.4469
0.4438
0.3833
0.3067
0.0815
0.0806
0.077
0.0774
0.0718
0.0731
0.08990000000000001
0.0994
1.0068000000000001
0.1969
0.15839999999999999
0.1333
0.13390000000000002
0.1422
0.1627
0.2862
0.5866
0.7363
0.5187999999999999
0.49949999999999994
0.4831
0.3667
0.2084
0.1139
0.7585
0.3852
0.18080000000000002
1.4779000000000002
0.5898
0.277
0.5214000000000001
0.1944
0.2264
0.2298
0.2227
0.2311
0.23099999999999998
0.25160000000000005
0.3926
0.2017
0.1495
0.5675
0.17020000000000002
0.2128
0.0684
0.0043
0.0
0.0
0.0156
0.013500000000000002
0.0254
0.0166
0.0181
0.0235
0.024599999999999997
0.037700000000000004
0.1421
0.2124
0.2435
0.34609999999999996
0.4595
1.288
0.6457999999999999
0.32930000000000004
0.9931
0.6906
0.7090000000000001
1.145
0.6686000000000001
0.8533999999999999
0.7711
0.228
0.4203
0.39990000000000003
0.4212
0.403
0.3698
0.392
0.301
0.9203
0.19619999999999999
0.2889
0.3713
0.374
0.2925
0.234
0.1935
0.1376
0.4926
0.21400000000000002
0.6738
0.6213
0.6338
0.0725
0.0096
0.0971
1.8978
2.2571
1.3812
0.29190000000000005
0.2774
0.2858
0.3167
0.4273
0.27540000000000003
0.1476
0.1253
0.1123
0.1061
0.1116
0.1386
0.227
1.1002
1.1925
0.7906
0.6288
0.542
0.5969
1.1213
1.2884
0.2744
0.25739999999999996
0.2442
0.24419999999999997
0.23970000000000002
0.24180000000000001
0.2718
0.30100000000000005
0.5618000000000001
0.8822000000000001
0.7814
0.3392
0.1593
0.1339
0.1575
0.5854
1.1659
0.7223
0.8667
0.5303
0.6019
0.45299999999999996
0.30920000000000003
0.26959999999999995
0.2948
0.2823
0.28259999999999996
0.2796
0.2815
0.2878
0.3534
0.515
0.644
0.7153
0.6862
0.7101
1.1273
0.8239000000000001
0.5607
0.4036
1.4586999999999999
0.2882
1.2048999999999999
0.4991
0.4469
0.4438
0.3833
0.3067
0.0815
0.0806
0.077
0.0774
0.0718
0.0731
0.08990000000000001
0.0994
1.0068000000000001
0.1969
0.15839999999999999
0.1333
0.13390000000000002
0.1422
0.1627
0.2862
0.5866
0.7363
0.5187999999999999
0.49949999999999994
0.4831
0.3667
0.2084
0.1139
0.7585
0.3852
0.18080000000000002
1.4779000000000002
0.5898
0.277
0.5214000000000001
0.1944
0.2264
0.2298
0.2227
0.2311
0.23099999999999998
0.25160000000000005
0.3926
0.2017
0.1495
0.5675
0.17020000000000002
0.2128
0.0684
0.0043
0.0
0.0
0.0156
0.013500000000000002
0.0254
0.0166
0.0181
0.0235
0.024599999999999997
0.037700000000000004
0.1421
0.2124
0.2435
0.34609999999999996
0.4595
1.288
0.6457999999999999
0.32930000000000004
0.9931
0.6906
0.7090000000000001
1.145
0.6686000000000001
0.8533999999999999
0.7711
0.228
0.4203
0.39990000000000003
0.4212
0.403
0.3698
0.392
0.301
0.9203
0.19619999999999999
0.2889
0.3713
0.374
0.2925
0.234
0.1935
0.1376
0.4926
0.21400000000000002
0.6738
0.6213
0.6338
0.0725
0.0096
0.0971
1.8978
2.2571
1.3812
0.29190000000000005
0.2774
0.2858
0.3167
0.4273
0.27540000000000003
0.1476
0.1253
0.1123
0.1061
0.1116
0.1386
0.227
1.1002
1.1925
0.7906
0.6288
0.542
0.5969
1.1213
1.2884
0.2744
0.25739999999999996
0.2442
0.24419999999999997
0.23970000000000002
0.24180000000000001
0.2718
0.30100000000000005
0.5618000000000001
0.8822000000000001
0.7814
0.3392
0.1593
0.1339
0.1575
0.5854
1.1659
0.7223
0.8667
0.5303
0.6019
0.45299999999999996
0.30920000000000003
0.26959999999999995
0.2948
0.2823
0.28259999999999996
0.2796
0.2815
0.2878
0.3534
0.515
0.644
0.7153
0.6862
0.7101
1.1273
0.8239000000000001
0.5607
0.4036
1.4586999999999999
0.2882
1.2048999999999999
0.4991
0.4469
0.4438
0.3833
0.3067
0.0815
0.0806
0.077
0.0774
0.0718
0.0731
0.08990000000000001
0.0994
1.0068000000000001
0.1969
0.15839999999999999
0.1333
0.13390000000000002
0.1422
0.1627
0.2862
0.5866
0.7363
0.5187999999999999
0.49949999999999994
0.4831
0.3667
0.2084
0.1139
0.7585
0.3852
0.18080000000000002
1.4779000000000002
0.5898
0.277
0.5214000000000001
0.1944
0.2264
0.2298
0.2227
0.2311
0.23099999999999998
0.25160000000000005
0.3926
0.2017
0.1495
0.5675
0.17020000000000002
0.2128
0.0684
0.0043
0.0
0.0
0.0156
0.013500000000000002
0.0254
0.0166
0.0181
0.0235
0.024599999999999997
0.037700000000000004
0.1421
0.2124
0.2435
0.34609999999999996
0.4595
1.288
0.6457999999999999
0.32930000000000004
0.9931
0.6906
0.7090000000000001
1.145
0.6686000000000001
0.8533999999999999
0.7711
0.228
0.4203
0.39990000000000003
0.4212
0.403
0.3698
0.392
0.301
0.9203
0.19619999999999999
0.2889
0.3713
0.374
0.2925
0.234
0.1935
0.1376
0.4926
0.21400000000000002
0.6738
0.6213
0.6338
0.0725
0.0096
0.0971
1.8978
2.2571
1.3812
0.29190000000000005
0.2774
0.2858
0.3167
0.4273
0.27540000000000003
0.1476
0.1253
0.1123
0.1061
0.1116
0.1386
0.227
1.1002
1.1925
0.7906
0.6288
0.542
0.5969
1.1213
1.2884
0.2744
0.25739999999999996
0.2442
0.24419999999999997
0.23970000000000002
0.24180000000000001
0.2718
0.30100000000000005
0.5618000000000001
0.8822000000000001
0.7814
0.3392
0.1593
0.1339
0.1575
0.5854
1.1659
0.7223
0.8667
0.5303
0.6019
0.45299999999999996
0.30920000000000003
0.26959999999999995
0.2642
0.264
0.2605
0.2637
0.2655
0.4023
0.5673
0.13529999999999998
0.1026
0.0686
0.0665
0.08180000000000001
0.0965
0.1269
0.1421
0.5122
0.8256
0.9761
0.40049999999999997
0.2881
0.4627
0.1683
0.2203
0.2026
0.2535
0.2596
0.2475
0.2521
0.2666
0.6213
0.6998
1.085
0.7609
0.6799999999999999
0.9954999999999999
0.3328
0.335
0.3637
0.38239999999999996
1.065
0.6336999999999999
0.5584
0.5377000000000001
0.4656
0.39480000000000004
0.31710000000000005
0.26739999999999997
0.2626
0.18919999999999998
0.1532
0.14
0.1407
1.1897
0.6978
1.7574999999999998
0.2257
0.2187
0.2066
0.20629999999999998
0.24509999999999998
0.2384
0.2233
0.17830000000000001
0.18009999999999998
0.1461
0.0257
1.4946
0.3149
0.1531
0.0641
0.042499999999999996
0.0874
0.32099999999999995
0.2905
0.2748
0.2495
0.2246
0.20379999999999998
0.19319999999999998
0.24989999999999998
0.2769
0.246
0.2397
0.2353
0.4313
0.2712
0.2198
0.1761
0.16799999999999998
0.1763
0.13540000000000002
0.1315
0.13290000000000002
0.2072
0.7905
0.8822
0.1312
0.1057
0.1065
0.1118
0.127
0.1769
0.35509999999999997
0.48029999999999995
0.49150000000000005
0.2924
0.17420000000000002
0.1341
0.1568
0.1846
0.1709
0.2286
0.27
0.3195
0.45809999999999995
1.4872
5.0365
5.6326
4.6514
3.5571
0.0023
0.0106
0.0071
0.0104
0.0058000000000000005
0.012
0.0124
0.0259
0.0165
0.0054
0.022199999999999998
0.0274
0.0762
0.11410000000000001
0.16720000000000002
0.0
0.0
0.6649
0.8569
0.1054
0.1592
0.038599999999999995
0.0193
0.0103
0.4931
0.5844
0.49920000000000003
0.4427
0.4132
0.43110000000000004
0.5801000000000001
0.6916
0.5888
0.4868
0.46840000000000004
1.1567
1.2466
0.5459
0.6004
0.6285000000000001
1.0626
1.7028
1.158
0.6044
0.596
0.6333
0.6502
0.6368
0.2642
0.264
0.2605
0.2637
0.2655
0.4023
0.5673
0.13529999999999998
0.1026
0.0686
0.0665
0.08180000000000001
0.0965
0.1269
0.1421
0.5122
0.8256
0.9761
0.40049999999999997
0.2881
0.4627
0.1683
0.2203
0.2026
0.2535
0.2596
0.2475
0.2521
0.2666
0.6213
0.6998
1.085
0.7609
0.6799999999999999
0.9954999999999999
0.3328
0.335
0.3637
0.38239999999999996
1.065
0.6336999999999999
0.5584
0.5377000000000001
0.4656
0.39480000000000004
0.31710000000000005
0.26739999999999997
0.2626
0.18919999999999998
0.1532
0.14
0.1407
1.1897
0.6978
1.7574999999999998
0.2257
0.2187
0.2066
0.20629999999999998
0.24509999999999998
0.2384
0.2233
0.17830000000000001
0.18009999999999998
0.1461
0.0257
1.4946
0.3149
0.1531
0.0641
0.042499999999999996
0.0874
0.32099999999999995
0.2905
0.2748
0.2495
0.2246
0.20379999999999998
0.19319999999999998
0.24989999999999998
0.2769
0.246
0.2397
0.2353
0.4313
0.2712
0.2198
0.1761
0.16799999999999998
0.1763
0.13540000000000002
0.1315
0.13290000000000002
0.2072
0.7905
0.8822
0.1312
0.1057
0.1065
0.1118
0.127
0.1769
0.35509999999999997
0.48029999999999995
0.49150000000000005
0.2924
0.17420000000000002
0.1341
0.1568
0.1846
0.1709
0.2286
0.27
0.3195
0.45809999999999995
1.4872
5.0365
5.6326
4.6514
3.5571
0.0023
0.0106
0.0071
0.0104
0.0058000000000000005
0.012
0.0124
0.0259
0.0165
0.0054
0.022199999999999998
0.0274
0.0762
0.11410000000000001
0.16720000000000002
0.0
0.0
0.6649
0.8569
0.1054
0.1592
0.038599999999999995
0.0193
0.0103
0.4931
0.5844
0.49920000000000003
0.4427
0.4132
0.43110000000000004
0.5801000000000001
0.6916
0.5888
0.4868
0.46840000000000004
1.1567
1.2466
0.5459
0.6004
0.6285000000000001
1.0626
1.7028
1.158
0.6044
0.596
0.6333
0.6502
0.6368
0.2642
0.264
0.2605
0.2637
0.2655
0.4023
0.5673
0.13529999999999998
0.1026
0.0686
0.0665
0.08180000000000001
0.0965
0.1269
0.1421
0.5122
0.8256
0.9761
0.40049999999999997
0.2881
0.4627
0.1683
0.2203
0.2026
0.2535
0.2596
0.2475
0.2521
0.2666
0.6213
0.6998
1.085
0.7609
0.6799999999999999
0.9954999999999999
0.3328
0.335
0.3637
0.38239999999999996
1.065
0.6336999999999999
0.5584
0.5377000000000001
0.4656
0.39480000000000004
0.31710000000000005
0.26739999999999997
0.2626
0.18919999999999998
0.1532
0.14
0.1407
1.1897
0.6978
1.7574999999999998
0.2257
0.2187
0.2066
0.20629999999999998
0.24509999999999998
0.2384
0.2233
0.17830000000000001
0.18009999999999998
0.1461
0.0257
1.4946
0.3149
0.1531
0.0641
0.042499999999999996
0.0874
0.32099999999999995
0.2905
0.2748
0.2495
0.2246
0.20379999999999998
0.19319999999999998
0.24989999999999998
0.2769
0.246
0.2397
0.2353
0.4313
0.2712
0.2198
0.1761
0.16799999999999998
0.1763
0.13540000000000002
0.1315
0.13290000000000002
0.2072
0.7905
0.8822
0.1312
0.1057
0.1065
0.1118
0.127
0.1769
0.35509999999999997
0.48029999999999995
0.49150000000000005
0.2924
0.17420000000000002
0.1341
0.1568
0.1846
0.1709
0.2286
0.27
0.3195
0.45809999999999995
1.4872
5.0365
5.6326
4.6514
3.5571
0.0023
0.0106
0.0071
0.0104
0.0058000000000000005
0.012
0.0124
0.0259
0.0165
0.0054
0.022199999999999998
0.0274
0.0762
0.11410000000000001
0.16720000000000002
0.0
0.0
0.6649
0.8569
0.1054
0.1592
0.038599999999999995
0.0193
0.0103
0.4931
0.5844
0.49920000000000003
0.4427
0.4132
0.43110000000000004
0.5801000000000001
0.6916
0.5888
0.4868
0.46840000000000004
1.1567
1.2466
0.5459
0.6004
0.6285000000000001
1.0626
1.7028
1.158
0.6044
0.596
0.6333
0.6502
0.6368
0.2642
0.264
0.2605
0.2637
0.2655
0.4023
0.5673
0.13529999999999998
0.1026
0.0686
0.0665
0.08180000000000001
0.0965
0.1269
0.1421
0.5122
0.8256
0.9761
0.40049999999999997
0.2881
0.4627
0.1683
0.2203
0.2026
0.2535
0.2596
0.2475
0.2521
0.2666
0.6213
0.6998
1.085
0.7609
0.6799999999999999
0.9954999999999999
0.3328
0.335
0.3637
0.38239999999999996
1.065
0.6336999999999999
0.5584
0.5377000000000001
0.4656
0.39480000000000004
0.31710000000000005
0.26739999999999997
0.2626
0.18919999999999998
0.1532
0.14
0.1407
1.1897
0.6978
1.7574999999999998
0.2257
0.2187
0.2066
0.20629999999999998
0.24509999999999998
0.2384
0.2233
0.17830000000000001
0.18009999999999998
0.1461
0.0257
1.4946
0.3149
0.1531
0.0641
0.042499999999999996
0.0874
0.32099999999999995
0.2905
0.2748
0.2495
0.2246
0.20379999999999998
0.19319999999999998
0.24989999999999998
0.2769
0.246
0.2397
0.2353
0.4313
0.2712
0.2198
0.1761
0.16799999999999998
0.1763
0.13540000000000002
0.1315
0.13290000000000002
0.2072
0.7905
0.8822
0.1312
0.1057
0.1065
0.1118
0.127
0.1769
0.35509999999999997
0.48029999999999995
0.49150000000000005
0.2924
0.17420000000000002
0.1341
0.1568
0.1846
0.1709
0.2286
0.27
0.3195
0.45809999999999995
1.4872
5.0365
5.6326
4.6514
3.5571
0.0023
0.0106
0.0071
0.0104
0.0058000000000000005
0.012
0.0124
0.0259
0.0165
0.0054
0.022199999999999998
0.0274
0.0762
0.11410000000000001
0.16720000000000002
0.0
0.0
0.6649
0.8569
0.1054
0.1592
0.038599999999999995
0.0193
0.0103
0.4931
0.5844
0.49920000000000003
0.4427
0.4132
0.43110000000000004
0.5801000000000001
0.6916
0.5888
0.4868
0.46840000000000004
1.1567
1.2466
0.5459
0.6004
0.6285000000000001
1.0626
1.7028
1.158
0.6044
0.596
0.6333
0.6502
0.6368
0.2642
0.264
0.2605
0.2637
0.2655
0.4023
0.5673
0.13529999999999998
0.1026
0.0686
0.0665
0.08180000000000001
0.0965
0.1269
0.1421
0.5122
0.8256
0.9761
0.40049999999999997
0.2881
0.4627
0.1683
0.2203
0.2026
0.2535
0.2596
0.2475
0.2521
0.2666
0.6213
0.6998
1.085
0.7609
0.6799999999999999
0.9954999999999999
0.3328
0.335
0.3637
0.38239999999999996
1.065
0.6336999999999999
0.5584
0.5377000000000001
0.4656
0.39480000000000004
0.31710000000000005
0.26739999999999997
0.2626
0.3104
0.30889999999999995
0.28700000000000003
0.2895
0.2912
0.3307
0.3885
1.392
0.9678
0.4588
0.4391
0.4407
0.44220000000000004
0.4226
0.401
0.41459999999999997
0.4325
0.4944
0.6537999999999999
0.7553000000000001
0.6321
0.4968
0.4099
0.35150000000000003
0.3569
0.056499999999999995
0.1518
0.057499999999999996
0.0109
0.0
0.5483
1.3820999999999999
1.2517
0.7431
0.2868
0.1718
0.1771
2.2667
4.1524
2.6512000000000002
3.5922
4.6678
5.1188
3.7027
1.6009
3.1706000000000003
0.5137
2.5766999999999998
0.5114
1.0749
1.2405
0.6306
0.5946
0.6247
0.7198
0.9543999999999999
0.8552
1.1038000000000001
1.3244
1.3564
0.4314
0.3322
0.3534
0.5613
1.0444
0.4438
0.4728
0.5375000000000001
0.49160000000000004
0.3917
0.3413
0.3408
8.770299999999999
6.3309
6.5019
4.472300000000001
1.9032999999999998
0.9359999999999999
0.2491
0.2915
0.2895
0.22160000000000002
0.1976
0.1767
0.6483
0.6583
0.2501
0.2265
0.6192
1.8137999999999999
0.4434
0.5437
0.9202999999999999
0.7295
0.45289999999999997
2.5947
1.4430999999999998
0.39390000000000003
0.2994
0.2888
0.25170000000000003
0.2484
0.22260000000000002
0.033
0.0369
0.0316
0.039599999999999996
0.0321
0.026799999999999997
0.0279
0.0365
0.0123
0.0063
0.0469
0.1794
0.3359
0.3607
0.3869
0.3693
2.4431000000000003
0.0139
0.0264
0.0613
0.0832
0.4042
0.183
0.0414
0.0084
0.0003
0.0
0.0
0.0
0.0070999999999999995
0.048299999999999996
0.1072
0.7566999999999999
0.0
0.0
0.0
0.0097
0.0
0.0
0.0
0.0
8.6095
8.1875
7.5024
6.9672
4.0988
1.2151
1.4180000000000001
2.9594
1.8895
0.8714000000000001
0.5654
0.4827
0.472
0.46740000000000004
0.6105
3.2951
1.1200999999999999
1.1
1.5800999999999998
2.1666999999999996
3.65
3.4210000000000003
4.1875
8.1411
0.3104
0.30889999999999995
0.28700000000000003
0.2895
0.2912
0.3307
0.3885
1.392
0.9678
0.4588
0.4391
0.4407
0.44220000000000004
0.4226
0.401
0.41459999999999997
0.4325
0.4944
0.6537999999999999
0.7553000000000001
0.6321
0.4968
0.4099
0.35150000000000003
0.3569
0.056499999999999995
0.1518
0.057499999999999996
0.0109
0.0
0.5483
1.3820999999999999
1.2517
0.7431
0.2868
0.1718
0.1771
2.2667
4.1524
2.6512000000000002
3.5922
4.6678
5.1188
3.7027
1.6009
3.1706000000000003
0.5137
2.5766999999999998
0.5114
1.0749
1.2405
0.6306
0.5946
0.6247
0.7198
0.9543999999999999
0.8552
1.1038000000000001
1.3244
1.3564
0.4314
0.3322
0.3534
0.5613
1.0444
0.4438
0.4728
0.5375000000000001
0.49160000000000004
0.3917
0.3413
0.3408
8.770299999999999
6.3309
6.5019
4.472300000000001
1.9032999999999998
0.9359999999999999
0.2491
0.2915
0.2895
0.22160000000000002
0.1976
0.1767
0.6483
0.6583
0.2501
0.2265
0.6192
1.8137999999999999
0.4434
0.5437
0.9202999999999999
0.7295
0.45289999999999997
2.5947
1.4430999999999998
0.39390000000000003
0.2994
0.2888
0.25170000000000003
0.2484
0.22260000000000002
0.033
0.0369
0.0316
0.039599999999999996
0.0321
0.026799999999999997
0.0279
0.0365
0.0123
0.0063
0.0469
0.1794
0.3359
0.3607
0.3869
0.3693
2.4431000000000003
0.0139
0.0264
0.0613
0.0832
0.4042
0.183
0.0414
0.0084
0.0003
0.0
0.0
0.0
0.0070999999999999995
0.048299999999999996
0.1072
0.7566999999999999
0.0
0.0
0.0
0.0097
0.0
0.0
0.0
0.0
8.6095
8.1875
7.5024
6.9672
4.0988
1.2151
1.4180000000000001
2.9594
1.8895
0.8714000000000001
0.5654
0.4827
0.472
0.46740000000000004
0.6105
3.2951
1.1200999999999999
1.1
1.5800999999999998
2.1666999999999996
3.65
3.4210000000000003
4.1875
8.1411
0.3104
0.30889999999999995
0.28700000000000003
0.2895
0.2912
0.3307
0.3885
1.392
0.9678
0.4588
0.4391
0.4407
0.44220000000000004
0.4226
0.401
0.41459999999999997
0.4325
0.4944
0.6537999999999999
0.7553000000000001
0.6321
0.4968
0.4099
0.35150000000000003
0.3569
0.056499999999999995
0.1518
0.057499999999999996
0.0109
0.0
0.5483
1.3820999999999999
1.2517
0.7431
0.2868
0.1718
0.1771
2.2667
4.1524
2.6512000000000002
3.5922
4.6678
5.1188
3.7027
1.6009
3.1706000000000003
0.5137
2.5766999999999998
0.5114
1.0749
1.2405
0.6306
0.5946
0.6247
0.7198
0.9543999999999999
0.8552
1.1038000000000001
1.3244
1.3564
0.4314
0.3322
0.3534
0.5613
1.0444
0.4438
0.4728
0.5375000000000001
0.49160000000000004
0.3917
0.3413
0.3408
8.770299999999999
6.3309
6.5019
4.472300000000001
1.9032999999999998
0.9359999999999999
0.2491
0.2915
0.2895
0.22160000000000002
0.1976
0.1767
0.6483
0.6583
0.2501
0.2265
0.6192
1.8137999999999999
0.4434
0.5437
0.9202999999999999
0.7295
0.45289999999999997
2.5947
1.4430999999999998
0.39390000000000003
0.2994
0.2888
0.25170000000000003
0.2484
0.22260000000000002
0.033
0.0369
0.0316
0.039599999999999996
0.0321
0.026799999999999997
0.0279
0.0365
0.0123
0.0063
0.0469
0.1794
0.3359
0.3607
0.3869
0.3693
2.4431000000000003
0.0139
0.0264
0.0613
0.0832
0.4042
0.183
0.0414
0.0084
0.0003
0.0
0.0
0.0
0.0070999999999999995
0.048299999999999996
0.1072
0.7566999999999999
0.0
0.0
0.0
0.0097
0.0
0.0
0.0
0.0
8.6095
8.1875
7.5024
6.9672
4.0988
1.2151
1.4180000000000001
2.9594
1.8895
0.8714000000000001
0.5654
0.4827
0.472
0.46740000000000004
0.6105
3.2951
1.1200999999999999
1.1
1.5800999999999998
2.1666999999999996
3.65
3.4210000000000003
4.1875
8.1411
0.3104
0.30889999999999995
0.28700000000000003
0.2895
0.2912
0.3307
0.3885
1.392
0.9678
0.4588
0.4391
0.4407
0.44220000000000004
0.4226
0.401
0.41459999999999997
0.4325
0.4944
0.6537999999999999
0.7553000000000001
0.6321
0.4968
0.4099
0.35150000000000003
0.3569
0.056499999999999995
0.1518
0.057499999999999996
0.0109
0.0
0.5483
1.3820999999999999
1.2517
0.7431
0.2868
0.1718
0.1771
2.2667
4.1524
2.6512000000000002
3.5922
4.6678
5.1188
3.7027
1.6009
3.1706000000000003
0.5137
2.5766999999999998
0.5114
1.0749
1.2405
0.6306
0.5946
0.6247
0.7198
0.9543999999999999
0.8552
1.1038000000000001
1.3244
1.3564
0.4314
0.3322
0.3534
0.5613
1.0444
0.4438
0.4728
0.5375000000000001
0.49160000000000004
0.3917
0.3413
0.3408
8.770299999999999
6.3309
6.5019
4.472300000000001
1.9032999999999998
0.9359999999999999
0.2491
0.2915
0.2895
0.22160000000000002
0.1976
0.1767
0.6483
0.6583
0.2501
0.2265
0.6192
1.8137999999999999
0.4434
0.5437
0.9202999999999999
0.7295
0.45289999999999997
2.5947
1.4430999999999998
0.39390000000000003
0.2994
0.2888
0.25170000000000003
0.2484
0.22260000000000002
0.033
0.0369
0.0316
0.039599999999999996
0.0321
0.026799999999999997
0.0279
0.0365
0.0123
0.0063
0.0469
0.1794
0.3359
0.3607
0.3869
0.3693
2.4431000000000003
0.0139
0.0264
0.0613
0.0832
0.4042
0.183
0.0414
0.0084
0.0003
0.0
0.0
0.0
0.0070999999999999995
0.048299999999999996
0.1072
0.7566999999999999
0.0
0.0
0.0
0.0097
0.0
0.0
0.0
0.0
8.6095
8.1875
7.5024
6.9672
4.0988
1.2151
1.4180000000000001
2.9594
1.8895
0.8714000000000001
0.5654
0.4827
0.472
0.46740000000000004
0.6105
3.2951
1.1200999999999999
1.1
1.5800999999999998
2.1666999999999996
3.65
3.4210000000000003
4.1875
8.1411
0.3104
0.30889999999999995
0.28700000000000003
0.2895
0.2912
0.3307
0.3885
1.392
0.9678
0.4588
0.4391
0.4407
0.44220000000000004
0.4226
0.401
0.41459999999999997
0.4325
0.4944
0.6537999999999999
0.7553000000000001
0.6321
0.4968
0.4099
0.35150000000000003
0.3569
0.056499999999999995
0.1518
0.057499999999999996
0.0109
0.0
0.5483
1.3820999999999999
1.2517
0.7431
0.2868
0.1718
0.1771
2.2667
4.1524
2.6512000000000002
3.5922
4.6678
5.1188
3.7027
1.6009
3.1706000000000003
0.5137
2.5766999999999998
0.5114
1.0749
1.2405
0.6306
0.5946
0.6247
0.7198
0.9543999999999999
0.8552
1.1038000000000001
1.3244
1.3564
0.4314
0.3322
0.3534
0.5613
1.0444
0.4438
0.4728
0.5375000000000001
0.49160000000000004
0.3917
0.3413
0.3408
1.9854
1.1416
0.19290000000000002
0.0897
0.0
0.0
0.058
0.0
0.0
0.7346
1.2046
0.0
0.19690000000000002
1.3234
0.2591
0.0
0.0097
0.0458
0.16920000000000002
0.2502
0.0
0.0
0.0
2.2368
0.267
0.26380000000000003
0.2673
0.2339
0.18080000000000002
0.1377
0.31410000000000005
0.8179000000000001
0.1274
0.1721
0.21910000000000002
0.262
0.2757
0.3002
0.2796
0.1367
0.1153
0.6004
0.0
0.8514999999999999
0.3765
0.3846
0.3206
0.30810000000000004
0.6654
0.538
0.4881
0.4517
0.4657
0.5075000000000001
0.5831999999999999
0.6335999999999999
0.7316
0.7624
0.7036
0.6462
0.6734
0.6453
0.6892
1.4031
1.9655
1.6904
1.5642999999999998
1.4794
0.8257
0.4401
0.3847
3.2413
0.2384
0.1864
0.12990000000000002
0.1371
0.1333
0.1104
0.096
0.0968
0.049199999999999994
0.0
0.0045
0.47530000000000006
1.8053
1.8973999999999998
0.7593
0.2663
1.3187
0.8711
0.575
0.6355999999999999
0.8782
0.8984000000000001
0.7967
1.4206
0.1894
0.164
0.15660000000000002
0.1666
0.1628
0.1905
0.3817
0.8799
0.6194999999999999
0.5389999999999999
0.3614
1.3732
0.3452
0.4118
0.3815
0.3527
0.6494
0.2143
0.1779
0.118
0.14839999999999998
0.2005
0.39649999999999996
0.36960000000000004
0.9938
0.256
0.063
0.0816
0.0627
0.0702
0.0639
0.0717
0.6392
0.1363
0.1137
0.26370000000000005
0.5524
0.2468
0.25839999999999996
0.2002
0.1698
0.2076
0.21150000000000002
0.2241
0.25329999999999997
0.196
0.18080000000000002
1.6588
0.1681
0.1396
0.138
0.1365
0.1291
0.1206
0.112
0.2838
0.2541
0.1797
0.0874
0.0723
0.055999999999999994
0.0438
0.0515
0.0785
0.6279
0.47100000000000003
0.3944
0.5742
0.6857
0.6153
0.7038
1.2608000000000001
1.9854
1.1416
0.19290000000000002
0.0897
0.0
0.0
0.058
0.0
0.0
0.7346
1.2046
0.0
0.19690000000000002
1.3234
0.2591
0.0
0.0097
0.0458
0.16920000000000002
0.2502
0.0
0.0
0.0
2.2368
0.267
0.26380000000000003
0.2673
0.2339
0.18080000000000002
0.1377
0.31410000000000005
0.8179000000000001
0.1274
0.1721
0.21910000000000002
0.262
0.2757
0.3002
0.2796
0.1367
0.1153
0.6004
0.0
0.8514999999999999
0.3765
0.3846
0.3206
0.30810000000000004
0.6654
0.538
0.4881
0.4517
0.4657
0.5075000000000001
0.5831999999999999
0.6335999999999999
0.7316
0.7624
0.7036
0.6462
0.6734
0.6453
0.6892
1.4031
1.9655
1.6904
1.5642999999999998
1.4794
0.8257
0.4401
0.3847
3.2413
0.2384
0.1864
0.12990000000000002
0.1371
0.1333
0.1104
0.096
0.0968
0.049199999999999994
0.0
0.0045
0.47530000000000006
1.8053
1.8973999999999998
0.7593
0.2663
1.3187
0.8711
0.575
0.6355999999999999
0.8782
0.8984000000000001
0.7967
1.4206
0.1894
0.164
0.15660000000000002
0.1666
0.1628
0.1905
0.3817
0.8799
0.6194999999999999
0.5389999999999999
0.3614
1.3732
0.3452
0.4118
0.3815
0.3527
0.6494
0.2143
0.1779
0.118
0.14839999999999998
0.2005
0.39649999999999996
0.36960000000000004
0.9938
0.256
0.063
0.0816
0.0627
0.0702
0.0639
0.0717
0.6392
0.1363
0.1137
0.26370000000000005
0.5524
0.2468
0.25839999999999996
0.2002
0.1698
0.2076
0.21150000000000002
0.2241
0.25329999999999997
0.196
0.18080000000000002
1.6588
0.1681
0.1396
0.138
0.1365
0.1291
0.1206
0.112
0.2838
0.2541
0.1797
0.0874
0.0723
0.055999999999999994
0.0438
0.0515
0.0785
0.6279
0.47100000000000003
0.3944
0.5742
0.6857
0.6153
0.7038
1.2608000000000001
1.9854
1.1416
0.19290000000000002
0.0897
0.0
0.0
0.058
0.0
0.0
0.7346
1.2046
0.0
0.19690000000000002
1.3234
0.2591
0.0
0.0097
0.0458
0.16920000000000002
0.2502
0.0
0.0
0.0
2.2368
0.267
0.26380000000000003
0.2673
0.2339
0.18080000000000002
0.1377
0.31410000000000005
0.8179000000000001
0.1274
0.1721
0.21910000000000002
0.262
0.2757
0.3002
0.2796
0.1367
0.1153
0.6004
0.0
0.8514999999999999
0.3765
0.3846
0.3206
0.30810000000000004
0.6654
0.538
0.4881
0.4517
0.4657
0.5075000000000001
0.5831999999999999
0.6335999999999999
0.7316
0.7624
0.7036
0.6462
0.6734
0.6453
0.6892
1.4031
1.9655
1.6904
1.5642999999999998
1.4794
0.8257
0.4401
0.3847
3.2413
0.2384
0.1864
0.12990000000000002
0.1371
0.1333
0.1104
0.096
0.0968
0.049199999999999994
0.0
0.0045
0.47530000000000006
1.8053
1.8973999999999998
0.7593
0.2663
1.3187
0.8711
0.575
0.6355999999999999
0.8782
0.8984000000000001
0.7967
1.4206
0.1894
0.164
0.15660000000000002
0.1666
0.1628
0.1905
0.3817
0.8799
0.6194999999999999
0.5389999999999999
0.3614
1.3732
0.3452
0.4118
0.3815
0.3527
0.6494
0.2143
0.1779
0.118
0.14839999999999998
0.2005
0.39649999999999996
0.36960000000000004
0.9938
0.256
0.063
0.0816
0.0627
0.0702
0.0639
0.0717
0.6392
0.1363
0.1137
0.26370000000000005
0.5524
0.2468
0.25839999999999996
0.2002
0.1698
0.2076
0.21150000000000002
0.2241
0.25329999999999997
0.196
0.18080000000000002
1.6588
0.1681
0.1396
0.138
0.1365
0.1291
0.1206
0.112
0.2838
0.2541
0.1797
0.0874
0.0723
0.055999999999999994
0.0438
0.0515
0.0785
0.6279
0.47100000000000003
0.3944
0.5742
0.6857
0.6153
0.7038
1.2608000000000001
1.9854
1.1416
0.19290000000000002
0.0897
0.0
0.0
0.058
0.0
0.0
0.7346
1.2046
0.0
0.19690000000000002
1.3234
0.2591
0.0
0.0097
0.0458
0.16920000000000002
0.2502
0.0
0.0
0.0
2.2368
0.267
0.26380000000000003
0.2673
0.2339
0.18080000000000002
0.1377
0.31410000000000005
0.8179000000000001
0.1274
0.1721
0.21910000000000002
0.262
0.2757
0.3002
0.2796
0.1367
0.1153
0.6004
0.0
0.8514999999999999
0.3765
0.3846
0.3206
0.30810000000000004
0.6654
0.538
0.4881
0.4517
0.4657
0.5075000000000001
0.5831999999999999
0.6335999999999999
0.7316
0.7624
0.7036
0.6462
0.6734
0.6453
0.6892
1.4031
1.9655
1.6904
1.5642999999999998
1.4794
0.8257
0.4401
0.3847
3.2413
0.2384
0.1864
0.12990000000000002
0.1371
0.1333
0.1104
0.096
0.0968
0.049199999999999994
0.0
0.0045
0.47530000000000006
1.8053
1.8973999999999998
0.7593
0.2663
1.3187
0.8711
0.575
0.6355999999999999
0.8782
0.8984000000000001
0.7967
1.4206
0.1894
0.164
0.15660000000000002
0.1666
0.1628
0.1905
0.3817
0.8799
0.6194999999999999
0.5389999999999999
0.3614
1.3732
0.3452
0.4118
0.3815
0.3527
0.6494
0.2143
0.1779
0.118
0.14839999999999998
0.2005
0.39649999999999996
0.36960000000000004
0.9938
0.256
0.063
0.0816
0.0627
0.0702
0.0639
0.0717
0.6392
0.1363
0.1137
0.26370000000000005
0.5524
0.2468
0.25839999999999996
0.2002
0.1698
0.2076
0.21150000000000002
0.2241
0.25329999999999997
0.196
0.18080000000000002
1.6588
0.1681
0.1396
0.138
0.1365
0.1291
0.1206
0.112
0.2838
0.2541
0.1797
0.0874
0.0723
0.055999999999999994
0.0438
0.0515
0.0785
0.6279
0.47100000000000003
0.3944
0.5742
0.6857
0.6153
0.7038
1.2608000000000001
1.9854
1.1416
0.19290000000000002
0.0897
0.0
0.0
0.058
0.0
0.0
0.7346
1.2046
0.0
0.19690000000000002
1.3234
0.2591
0.0
0.0097
0.0458
0.16920000000000002
0.2502
0.0
0.0
0.0
2.2368
0.267
0.26380000000000003
0.2673
0.2339
0.18080000000000002
0.1377
0.31410000000000005
0.8179000000000001
0.1274
0.1721
0.21910000000000002
0.262
0.2757
0.3002
0.2796
0.1367
0.1153
0.6004
0.0
0.8514999999999999
0.3765
0.3846
0.3206
0.30810000000000004
0.6654
0.538
0.4881
0.4517
0.4657
0.5075000000000001
0.5831999999999999
0.6335999999999999
0.7316
0.7624
0.7036
0.6462
0.6734
0.6453
0.6892
1.4031
1.9655
1.6904
1.5642999999999998
1.4794
0.8257
0.4401
0.3847
3.2413
0.8187
0.0907
0.0673
0.08349999999999999
0.0968
0.1132
0.1562
0.3152
0.4501
0.5001
0.5286
0.4377
0.6674
0.5417000000000001
0.3039
0.25260000000000005
0.2472
0.2193
0.7258
0.1716
0.1618
0.1986
0.4467
0.6332
1.4827
0.9843999999999999
0.5701
0.5672999999999999
0.644
0.7646999999999999
0.5690999999999999
0.4962
0.39259999999999995
0.34109999999999996
0.2944
0.2551
0.22610000000000002
0.2108
0.19529999999999997
0.177
0.4932
0.1313
0.1662
0.1648
0.1778
0.3605
0.7767999999999999
0.5778
0.4303
0.43889999999999996
0.2665
0.202
0.21860000000000002
0.2506
0.3073
0.3362
0.3302
0.3242
0.40149999999999997
0.9266
0.4335
0.2878
0.27490000000000003
0.2551
0.2398
0.2433
0.5591
0.4097
0.3456
0.2535
0.2042
0.8532000000000001
0.5474
0.12919999999999998
0.10250000000000001
0.0949
0.11049999999999999
0.1806
0.449
0.33409999999999995
0.2828
0.2133
0.1958
0.20240000000000002
0.19
0.2176
0.4615
0.44710000000000005
0.9101
0.30679999999999996
0.2665
0.21989999999999998
0.18830000000000002
0.5718000000000001
1.3721
0.708
0.3346
0.3447
1.2088999999999999
0.1109
0.19019999999999998
0.199
0.1009
0.167
0.1599
0.1316
0.0799
0.0577
0.07300000000000001
0.060200000000000004
0.0558
0.0419
0.0095
0.0002
0.0058
0.0224
0.0149
0.0083
0.009000000000000001
0.0031
2.8225
1.8584
0.2978
0.2112
0.1936
0.1996
0.18630000000000002
0.1929
0.193
0.18059999999999998
0.1858
0.1749
0.1864
0.3507
0.6403
0.2911
0.2858
1.1234
0.8952
0.2249
0.2306
0.32699999999999996
0.7067
0.6309
0.0011
0.0
0.027
0.0308
1.1247
0.19619999999999999
0.0605
0.0166
0.0
0.0034000000000000002
0.017
0.0119
0.020900000000000002
0.024800000000000003
0.008799999999999999
0.15360000000000001
0.0274
0.0016
0.0068
0.0115
0.0
0.0
0.0
0.0
0.8187
0.0907
0.0673
0.08349999999999999
0.0968
0.1132
0.1562
0.3152
0.4501
0.5001
0.5286
0.4377
0.6674
0.5417000000000001
0.3039
0.25260000000000005
0.2472
0.2193
0.7258
0.1716
0.1618
0.1986
0.4467
0.6332
1.4827
0.9843999999999999
0.5701
0.5672999999999999
0.644
0.7646999999999999
0.5690999999999999
0.4962
0.39259999999999995
0.34109999999999996
0.2944
0.2551
0.22610000000000002
0.2108
0.19529999999999997
0.177
0.4932
0.1313
0.1662
0.1648
0.1778
0.3605
0.7767999999999999
0.5778
0.4303
0.43889999999999996
0.2665
0.202
0.21860000000000002
0.2506
0.3073
0.3362
0.3302
0.3242
0.40149999999999997
0.9266
0.4335
0.2878
0.27490000000000003
0.2551
0.2398
0.2433
0.5591
0.4097
0.3456
0.2535
0.2042
0.8532000000000001
0.5474
0.12919999999999998
0.10250000000000001
0.0949
0.11049999999999999
0.1806
0.449
0.33409999999999995
0.2828
0.2133
0.1958
0.20240000000000002
0.19
0.2176
0.4615
0.44710000000000005
0.9101
0.30679999999999996
0.2665
0.21989999999999998
0.18830000000000002
0.5718000000000001
1.3721
0.708
0.3346
0.3447
1.2088999999999999
0.1109
0.19019999999999998
0.199
0.1009
0.167
0.1599
0.1316
0.0799
0.0577
0.07300000000000001
0.060200000000000004
0.0558
0.0419
0.0095
0.0002
0.0058
0.0224
0.0149
0.0083
0.009000000000000001
0.0031
2.8225
1.8584
0.2978
0.2112
0.1936
0.1996
0.18630000000000002
0.1929
0.193
0.18059999999999998
0.1858
0.1749
0.1864
0.3507
0.6403
0.2911
0.2858
1.1234
0.8952
0.2249
0.2306
0.32699999999999996
0.7067
0.6309
0.0011
0.0
0.027
0.0308
1.1247
0.19619999999999999
0.0605
0.0166
0.0
0.0034000000000000002
0.017
0.0119
0.020900000000000002
0.024800000000000003
0.008799999999999999
0.15360000000000001
0.0274
0.0016
0.0068
0.0115
0.0
0.0
0.0
0.0
0.8187
0.0907
0.0673
0.08349999999999999
0.0968
0.1132
0.1562
0.3152
0.4501
0.5001
0.5286
0.4377
0.6674
0.5417000000000001
0.3039
0.25260000000000005
0.2472
0.2193
0.7258
0.1716
0.1618
0.1986
0.4467
0.6332
1.4827
0.9843999999999999
0.5701
0.5672999999999999
0.644
0.7646999999999999
0.5690999999999999
0.4962
0.39259999999999995
0.34109999999999996
0.2944
0.2551
0.22610000000000002
0.2108
0.19529999999999997
0.177
0.4932
0.1313
0.1662
0.1648
0.1778
0.3605
0.7767999999999999
0.5778
0.4303
0.43889999999999996
0.2665
0.202
0.21860000000000002
0.2506
0.3073
0.3362
0.3302
0.3242
0.40149999999999997
0.9266
0.4335
0.2878
0.27490000000000003
0.2551
0.2398
0.2433
0.5591
0.4097
0.3456
0.2535
0.2042
0.8532000000000001
0.5474
0.12919999999999998
0.10250000000000001
0.0949
0.11049999999999999
0.1806
0.449
0.33409999999999995
0.2828
0.2133
0.1958
0.20240000000000002
0.19
0.2176
0.4615
0.44710000000000005
0.9101
0.30679999999999996
0.2665
0.21989999999999998
0.18830000000000002
0.5718000000000001
1.3721
0.708
0.3346
0.3447
1.2088999999999999
0.1109
0.19019999999999998
0.199
0.1009
0.167
0.1599
0.1316
0.0799
0.0577
0.07300000000000001
0.060200000000000004
0.0558
0.0419
0.0095
0.0002
0.0058
0.0224
0.0149
0.0083
0.009000000000000001
0.0031
2.8225
1.8584
0.2978
0.2112
0.1936
0.1996
0.18630000000000002
0.1929
0.193
0.18059999999999998
0.1858
0.1749
0.1864
0.3507
0.6403
0.2911
0.2858
1.1234
0.8952
0.2249
0.2306
0.32699999999999996
0.7067
0.6309
0.0011
0.0
0.027
0.0308
1.1247
0.19619999999999999
0.0605
0.0166
0.0
0.0034000000000000002
0.017
0.0119
0.020900000000000002
0.024800000000000003
0.008799999999999999
0.15360000000000001
0.0274
0.0016
0.0068
0.0115
0.0
0.0
0.0
0.0
0.8187
0.0907
0.0673
0.08349999999999999
0.0968
0.1132
0.1562
0.3152
0.4501
0.5001
0.5286
0.4377
0.6674
0.5417000000000001
0.3039
0.25260000000000005
0.2472
0.2193
0.7258
0.1716
0.1618
0.1986
0.4467
0.6332
1.4827
0.9843999999999999
0.5701
0.5672999999999999
0.644
0.7646999999999999
0.5690999999999999
0.4962
0.39259999999999995
0.34109999999999996
0.2944
0.2551
0.22610000000000002
0.2108
0.19529999999999997
0.177
0.4932
0.1313
0.1662
0.1648
0.1778
0.3605
0.7767999999999999
0.5778
0.4303
0.43889999999999996
0.2665
0.202
0.21860000000000002
0.2506
0.3073
0.3362
0.3302
0.3242
0.40149999999999997
0.9266
0.4335
0.2878
0.27490000000000003
0.2551
0.2398
0.2433
0.5591
0.4097
0.3456
0.2535
0.2042
0.8532000000000001
0.5474
0.12919999999999998
0.10250000000000001
0.0949
0.11049999999999999
0.1806
0.449
0.33409999999999995
0.2828
0.2133
0.1958
0.20240000000000002
0.19
0.2176
0.4615
0.44710000000000005
0.9101
0.30679999999999996
0.2665
0.21989999999999998
0.18830000000000002
0.5718000000000001
1.3721
0.708
0.3346
0.3447
1.2088999999999999
0.1109
0.19019999999999998
0.199
0.1009
0.167
0.1599
0.1316
0.0799
0.0577
0.07300000000000001
0.060200000000000004
0.0558
0.0419
0.0095
0.0002
0.0058
0.0224
0.0149
0.0083
0.009000000000000001
0.0031
2.8225
1.8584
0.2978
0.2112
0.1936
0.1996
0.18630000000000002
0.1929
0.193
0.18059999999999998
0.1858
0.1749
0.1864
0.3507
0.6403
0.2911
0.2858
1.1234
0.8952
0.2249
0.2306
0.32699999999999996
0.7067
0.6309
0.0011
0.0
0.027
0.0308
1.1247
0.19619999999999999
0.0605
0.0166
0.0
0.0034000000000000002
0.017
0.0119
0.020900000000000002
0.024800000000000003
0.008799999999999999
0.15360000000000001
0.0274
0.0016
0.0068
0.0115
0.0
0.0
0.0
0.0
0.8187
0.0907
0.0673
0.08349999999999999
0.0968
0.1132
0.1562
0.3152
0.4501
0.5001
0.5286
0.4377
0.6674
0.5417000000000001
0.3039
0.25260000000000005
0.2472
0.2193
0.7258
0.1716
0.1618
0.1986
0.4467
0.6332
1.4827
0.9843999999999999
0.5701
0.5672999999999999
0.644
0.7646999999999999
0.5690999999999999
0.4962
0.39259999999999995
0.34109999999999996
0.2944
0.2551
0.22610000000000002
0.2108
0.19529999999999997
0.177
0.4932
0.1313
0.1662
0.1648
0.1778
0.3605
0.7767999999999999
0.5778
0.2631
0.26680000000000004
0.2573
0.2526
0.25
0.2347
0.1876
0.16770000000000002
0.1723
0.17049999999999998
0.1797
1.4259
0.251
0.20540000000000003
0.1989
0.2314
0.186
1.8888
0.5734
0.4202
0.513
0.4759
0.3639
0.2944
2.4254
2.9832
6.7097999999999995
4.2656
0.2165
0.0055
0.0269
0.0176
0.0428
0.3014
0.0303
0.1256
0.2081
0.2007
0.2589
0.1409
0.0701
0.0709
0.0922
0.08879999999999999
0.0195
0.0051
0.0
0.0
0.406
0.40080000000000005
0.3526
0.34430000000000005
0.3324
0.4054
0.6087
0.4492
0.43989999999999996
0.3865
0.38139999999999996
0.4065
0.4102
0.4468
0.6897
0.9947
0.6305000000000001
0.7888
0.9651000000000001
0.6305000000000001
0.49329999999999996
0.38649999999999995
0.32689999999999997
0.3111
0.3699
0.2895
0.24760000000000001
0.2474
0.257
0.3238
0.4017
0.5725
0.7115
0.7626
0.7052
0.5875999999999999
0.6305000000000001
0.9013
1.5136
1.0070000000000001
1.1666
1.3897
1.0345
2.7222
4.2283
4.2956
2.6202
4.6978
6.7456000000000005
4.3665
6.7234
0.3149
0.011
0.0171
0.0
0.0
0.0
0.0
0.0
0.0
0.0
0.0
0.0
0.9643999999999999
0.7833
0.2582
0.0
0.0123
0.0178
0.005
0.011
0.0563
0.5783
0.8137
0.0
0.2023
0.3453
0.1737
0.3831
0.4143
0.2783
0.2145
0.0446
0.9338
0.28090000000000004
1.1745
0.7112999999999999
0.46819999999999995
0.26689999999999997
1.4255
0.2943
0.1721
0.1876
0.1718
0.17270000000000002
0.1896
0.7441
0.23149999999999998
0.15510000000000002
0.17099999999999999
0.1743
0.2097
0.2242
0.2615
0.4198
0.5343
0.7157
0.9455
0.9924000000000001
0.6473
1.7074
0.6930000000000001
0.5672999999999999
0.6157
1.1808999999999998
0.8048
0.8414999999999999
0.8535999999999999
0.8467
0.5941000000000001
0.2631
0.26680000000000004
0.2573
0.2526
0.25
0.2347
0.1876
0.16770000000000002
0.1723
0.17049999999999998
0.1797
1.4259
0.251
0.20540000000000003
0.1989
0.2314
0.186
1.8888
0.5734
0.4202
0.513
0.4759
0.3639
0.2944
2.4254
2.9832
6.7097999999999995
4.2656
0.2165
0.0055
0.0269
0.0176
0.0428
0.3014
0.0303
0.1256
0.2081
0.2007
0.2589
0.1409
0.0701
0.0709
0.0922
0.08879999999999999
0.0195
0.0051
0.0
0.0
0.406
0.40080000000000005
0.3526
0.34430000000000005
0.3324
0.4054
0.6087
0.4492
0.43989999999999996
0.3865
0.38139999999999996
0.4065
0.4102
0.4468
0.6897
0.9947
0.6305000000000001
0.7888
0.9651000000000001
0.6305000000000001
0.49329999999999996
0.38649999999999995
0.32689999999999997
0.3111
0.3699
0.2895
0.24760000000000001
0.2474
0.257
0.3238
0.4017
0.5725
0.7115
0.7626
0.7052
0.5875999999999999
0.6305000000000001
0.9013
1.5136
1.0070000000000001
1.1666
1.3897
1.0345
2.7222
4.2283
4.2956
2.6202
4.6978
6.7456000000000005
4.3665
6.7234
0.3149
0.011
0.0171
0.0
0.0
0.0
0.0
0.0
0.0
0.0
0.0
0.0
0.9643999999999999
0.7833
0.2582
0.0
0.0123
0.0178
0.005
0.011
0.0563
0.5783
0.8137
0.0
0.2023
0.3453
0.1737
0.3831
0.4143
0.2783
0.2145
0.0446
0.9338
0.28090000000000004
1.1745
0.7112999999999999
0.46819999999999995
0.26689999999999997
1.4255
0.2943
0.1721
0.1876
0.1718
0.17270000000000002
0.1896
0.7441
0.23149999999999998
0.15510000000000002
0.17099999999999999
0.1743
0.2097
0.2242
0.2615
0.4198
0.5343
0.7157
0.9455
0.9924000000000001
0.6473
1.7074
0.6930000000000001
0.5672999999999999
0.6157
1.1808999999999998
0.8048
0.8414999999999999
0.8535999999999999
0.8467
0.5941000000000001
0.2631
0.26680000000000004
0.2573
0.2526
0.25
0.2347
0.1876
0.16770000000000002
0.1723
0.17049999999999998
0.1797
1.4259
0.251
0.20540000000000003
0.1989
0.2314
0.186
1.8888
0.5734
0.4202
0.513
0.4759
0.3639
0.2944
2.4254
2.9832
6.7097999999999995
4.2656
0.2165
0.0055
0.0269
0.0176
0.0428
0.3014
0.0303
0.1256
0.2081
0.2007
0.2589
0.1409
0.0701
0.0709
0.0922
0.08879999999999999
0.0195
0.0051
0.0
0.0
0.406
0.40080000000000005
0.3526
0.34430000000000005
0.3324
0.4054
0.6087
0.4492
0.43989999999999996
0.3865
0.38139999999999996
0.4065
0.4102
0.4468
0.6897
0.9947
0.6305000000000001
0.7888
0.9651000000000001
0.6305000000000001
0.49329999999999996
0.38649999999999995
0.32689999999999997
0.3111
0.3699
0.2895
0.24760000000000001
0.2474
0.257
0.3238
0.4017
0.5725
0.7115
0.7626
0.7052
0.5875999999999999
0.6305000000000001
0.9013
1.5136
1.0070000000000001
1.1666
1.3897
1.0345
2.7222
4.2283
4.2956
2.6202
4.6978
6.7456000000000005
4.3665
6.7234
0.3149
0.011
0.0171
0.0
0.0
0.0
0.0
0.0
0.0
0.0
0.0
0.0
0.9643999999999999
0.7833
0.2582
0.0
0.0123
0.0178
0.005
0.011
0.0563
0.5783
0.8137
0.0
0.2023
0.3453
0.1737
0.3831
0.4143
0.2783
0.2145
0.0446
0.9338
0.28090000000000004
1.1745
0.7112999999999999
0.46819999999999995
0.26689999999999997
1.4255
0.2943
0.1721
0.1876
0.1718
0.17270000000000002
0.1896
0.7441
0.23149999999999998
0.15510000000000002
0.17099999999999999
0.1743
0.2097
0.2242
0.2615
0.4198
0.5343
0.7157
0.9455
0.9924000000000001
0.6473
1.7074
0.6930000000000001
0.5672999999999999
0.6157
1.1808999999999998
0.8048
0.8414999999999999
0.8535999999999999
0.8467
0.5941000000000001
0.2631
0.26680000000000004
0.2573
0.2526
0.25
0.2347
0.1876
0.16770000000000002
0.1723
0.17049999999999998
0.1797
1.4259
0.251
0.20540000000000003
0.1989
0.2314
0.186
1.8888
0.5734
0.4202
0.513
0.4759
0.3639
0.2944
2.4254
2.9832
6.7097999999999995
4.2656
0.2165
0.0055
0.0269
0.0176
0.0428
0.3014
0.0303
0.1256
0.2081
0.2007
0.2589
0.1409
0.0701
0.0709
0.0922
0.08879999999999999
0.0195
0.0051
0.0
0.0
0.406
0.40080000000000005
0.3526
0.34430000000000005
0.3324
0.4054
0.6087
0.4492
0.43989999999999996
0.3865
0.38139999999999996
0.4065
0.4102
0.4468
0.6897
0.9947
0.6305000000000001
0.7888
0.9651000000000001
0.6305000000000001
0.49329999999999996
0.38649999999999995
0.32689999999999997
0.3111
0.3699
0.2895
0.24760000000000001
0.2474
0.257
0.3238
0.4017
0.5725
0.7115
0.7626
0.7052
0.5875999999999999
0.6305000000000001
0.9013
1.5136
1.0070000000000001
1.1666
1.3897
1.0345
2.7222
4.2283
4.2956
2.6202
4.6978
6.7456000000000005
4.3665
6.7234
0.3149
0.011
0.0171
0.0
0.0
0.0
0.0
0.0
0.0
0.0
0.0
0.0
0.9643999999999999
0.7833
0.2582
0.0
0.0123
0.0178
0.005
0.011
0.0563
0.5783
0.8137
0.0
0.2023
0.3453
0.1737
0.3831
0.4143
0.2783
0.2145
0.0446
0.9338
0.28090000000000004
1.1745
0.7112999999999999
0.46819999999999995
0.26689999999999997
1.4255
0.2943
0.1721
0.1876
0.1718
0.17270000000000002
0.1896
0.7441
0.23149999999999998
0.15510000000000002
0.17099999999999999
0.1743
0.2097
0.2242
0.2615
0.4198
0.5343
0.7157
0.9455
0.9924000000000001
0.6473
1.7074
0.6930000000000001
0.5672999999999999
0.6157
1.1808999999999998
0.8048
0.8414999999999999
0.8535999999999999
0.8467
0.5941000000000001
0.2631
0.26680000000000004
0.2573
0.2526
0.25
0.2347
0.1876
0.16770000000000002
0.1723
0.17049999999999998
0.1797
1.4259
0.251
0.20540000000000003
0.1989
0.2314
0.186
1.8888
0.5734
0.4202
0.513
0.4759
0.3639
0.2944
2.4254
2.9832
6.7097999999999995
4.2656
0.2165
0.0055
0.0269
0.0176
0.0428
0.3014
0.0303
0.1256
0.2081
0.2007
0.2589
0.1409
0.0701
0.0709
0.0922
0.08879999999999999
0.0195
0.0051
0.0
0.0
0.406
0.40080000000000005
0.3526
0.34430000000000005
0.3324
0.4054
0.6087
0.4492
0.43989999999999996
0.3865
0.38139999999999996
0.4065
0.4102
0.4468
0.6897
0.9947
0.6305000000000001
0.7888
0.9651000000000001
0.6305000000000001
0.49329999999999996
0.38649999999999995
0.32689999999999997
0.3111
0.0393
0.0381
0.038099999999999995
0.03560000000000001
0.0327
0.0329
0.0269
0.0294
0.0207
0.0258
0.0236
0.026000000000000002
0.0274
0.0265
0.0274
0.028499999999999998
0.0254
0.0354
0.0233
0.027200000000000002
0.028
0.026799999999999997
0.0358
0.046
4.202
5.0174
4.9975000000000005
5.0455000000000005
5.1091
5.0529
4.1701
0.5092
0.1162
0.0625
0.0842
0.0673
0.07500000000000001
0.07189999999999999
0.061
0.0
0.0
0.0
2.0162
6.249700000000001
4.9481
3.5694999999999997
2.0046
3.4149000000000003
1.1995
1.3859
1.2635999999999998
0.8457
1.0432
1.1207
1.3598
1.8559
1.034
1.0602
1.0615
0.9907
1.8428
2.0837
1.7793999999999999
2.1444
3.0364
1.8454000000000002
1.9307
4.1322
6.2574000000000005
5.7758
3.2934
1.5529000000000002
0.2115
0.2626
1.9318
0.118
0.0804
0.096
0.0947
0.11929999999999999
0.11180000000000001
0.0998
0.0955
0.0723
0.1482
0.4936
0.2222
0.08660000000000001
0.053000000000000005
0.3387
0.1307
0.0747
0.0324
0.0036
0.0026
0.0066
0.8481000000000001
0.41500000000000004
0.3389
0.3365
0.3099
0.36719999999999997
0.4988
0.7025
1.3446
1.4114
1.1815
0.7481
0.6042000000000001
0.5458000000000001
0.4992
2.2533
2.0712
1.2315
0.9777
0.9539
0.8742
0.6537
0.4494
0.3816
0.2379
0.2328
0.2266
0.2237
0.2354
0.2514
0.2623
0.33699999999999997
0.2188
0.1869
0.1834
0.1906
0.18109999999999998
0.1785
0.1804
0.1865
0.3145
0.915
0.9901
1.0247000000000002
0.5903
0.4023
0.3421
1.2193
0.019
0.0983
0.1192
0.1365
0.1173
0.09989999999999999
0.27259999999999995
1.7073
3.5732999999999997
0.12090000000000001
0.3169
0.5848
0.44689999999999996
0.4588
1.1676
0.2681
0.1301
0.6341
0.9111
0.24359999999999998
0.0
0.0
0.0
0.0
0.0393
0.0381
0.038099999999999995
0.03560000000000001
0.0327
0.0329
0.0269
0.0294
0.0207
0.0258
0.0236
0.026000000000000002
0.0274
0.0265
0.0274
0.028499999999999998
0.0254
0.0354
0.0233
0.027200000000000002
0.028
0.026799999999999997
0.0358
0.046
4.202
5.0174
4.9975000000000005
5.0455000000000005
5.1091
5.0529
4.1701
0.5092
0.1162
0.0625
0.0842
0.0673
0.07500000000000001
0.07189999999999999
0.061
0.0
0.0
0.0
2.0162
6.249700000000001
4.9481
3.5694999999999997
2.0046
3.4149000000000003
1.1995
1.3859
1.2635999999999998
0.8457
1.0432
1.1207
1.3598
1.8559
1.034
1.0602
1.0615
0.9907
1.8428
2.0837
1.7793999999999999
2.1444
3.0364
1.8454000000000002
1.9307
4.1322
6.2574000000000005
5.7758
3.2934
1.5529000000000002
0.2115
0.2626
1.9318
0.118
0.0804
0.096
0.0947
0.11929999999999999
0.11180000000000001
0.0998
0.0955
0.0723
0.1482
0.4936
0.2222
0.08660000000000001
0.053000000000000005
0.3387
0.1307
0.0747
0.0324
0.0036
0.0026
0.0066
0.8481000000000001
0.41500000000000004
0.3389
0.3365
0.3099
0.36719999999999997
0.4988
0.7025
1.3446
1.4114
1.1815
0.7481
0.6042000000000001
0.5458000000000001
0.4992
2.2533
2.0712
1.2315
0.9777
0.9539
0.8742
0.6537
0.4494
0.3816
0.2379
0.2328
0.2266
0.2237
0.2354
0.2514
0.2623
0.33699999999999997
0.2188
0.1869
0.1834
0.1906
0.18109999999999998
0.1785
0.1804
0.1865
0.3145
0.915
0.9901
1.0247000000000002
0.5903
0.4023
0.3421
1.2193
0.019
0.0983
0.1192
0.1365
0.1173
0.09989999999999999
0.27259999999999995
1.7073
3.5732999999999997
0.12090000000000001
0.3169
0.5848
0.44689999999999996
0.4588
1.1676
0.2681
0.1301
0.6341
0.9111
0.24359999999999998
0.0
0.0
0.0
0.0
0.0393
0.0381
0.038099999999999995
0.03560000000000001
0.0327
0.0329
0.0269
0.0294
0.0207
0.0258
0.0236
0.026000000000000002
0.0274
0.0265
0.0274
0.028499999999999998
0.0254
0.0354
0.0233
0.027200000000000002
0.028
0.026799999999999997
0.0358
0.046
4.202
5.0174
4.9975000000000005
5.0455000000000005
5.1091
5.0529
4.1701
0.5092
0.1162
0.0625
0.0842
0.0673
0.07500000000000001
0.07189999999999999
0.061
0.0
0.0
0.0
2.0162
6.249700000000001
4.9481
3.5694999999999997
2.0046
3.4149000000000003
1.1995
1.3859
1.2635999999999998
0.8457
1.0432
1.1207
1.3598
1.8559
1.034
1.0602
1.0615
0.9907
1.8428
2.0837
1.7793999999999999
2.1444
3.0364
1.8454000000000002
1.9307
4.1322
6.2574000000000005
5.7758
3.2934
1.5529000000000002
0.2115
0.2626
1.9318
0.118
0.0804
0.096
0.0947
0.11929999999999999
0.11180000000000001
0.0998
0.0955
0.0723
0.1482
0.4936
0.2222
0.08660000000000001
0.053000000000000005
0.3387
0.1307
0.0747
0.0324
0.0036
0.0026
0.0066
0.8481000000000001
0.41500000000000004
0.3389
0.3365
0.3099
0.36719999999999997
0.4988
0.7025
1.3446
1.4114
1.1815
0.7481
0.6042000000000001
0.5458000000000001
0.4992
2.2533
2.0712
1.2315
0.9777
0.9539
0.8742
0.6537
0.4494
0.3816
0.2379
0.2328
0.2266
0.2237
0.2354
0.2514
0.2623
0.33699999999999997
0.2188
0.1869
0.1834
0.1906
0.18109999999999998
0.1785
0.1804
0.1865
0.3145
0.915
0.9901
1.0247000000000002
0.5903
0.4023
0.3421
1.2193
0.019
0.0983
0.1192
0.1365
0.1173
0.09989999999999999
0.27259999999999995
1.7073
3.5732999999999997
0.12090000000000001
0.3169
0.5848
0.44689999999999996
0.4588
1.1676
0.2681
0.1301
0.6341
0.9111
0.24359999999999998
0.0
0.0
0.0
0.0
0.0393
0.0381
0.038099999999999995
0.03560000000000001
0.0327
0.0329
0.0269
0.0294
0.0207
0.0258
0.0236
0.026000000000000002
0.0274
0.0265
0.0274
0.028499999999999998
0.0254
0.0354
0.0233
0.027200000000000002
0.028
0.026799999999999997
0.0358
0.046
4.202
5.0174
4.9975000000000005
5.0455000000000005
5.1091
5.0529
4.1701
0.5092
0.1162
0.0625
0.0842
0.0673
0.07500000000000001
0.07189999999999999
0.061
0.0
0.0
0.0
2.0162
6.249700000000001
4.9481
3.5694999999999997
2.0046
3.4149000000000003
1.1995
1.3859
1.2635999999999998
0.8457
1.0432
1.1207
1.3598
1.8559
1.034
1.0602
1.0615
0.9907
1.8428
2.0837
1.7793999999999999
2.1444
3.0364
1.8454000000000002
1.9307
4.1322
6.2574000000000005
5.7758
3.2934
1.5529000000000002
0.2115
0.2626
1.9318
0.118
0.0804
0.096
0.0947
0.11929999999999999
0.11180000000000001
0.0998
0.0955
0.0723
0.1482
0.4936
0.2222
0.08660000000000001
0.053000000000000005
0.3387
0.1307
0.0747
0.0324
0.0036
0.0026
0.0066
0.8481000000000001
0.41500000000000004
0.3389
0.3365
0.3099
0.36719999999999997
0.4988
0.7025
1.3446
1.4114
1.1815
0.7481
0.6042000000000001
0.5458000000000001
0.4992
2.2533
2.0712
1.2315
0.9777
0.9539
0.8742
0.6537
0.4494
0.3816
0.2379
0.2328
0.2266
0.2237
0.2354
0.2514
0.2623
0.33699999999999997
0.2188
0.1869
0.1834
0.1906
0.18109999999999998
0.1785
0.1804
0.1865
0.3145
0.915
0.9901
1.0247000000000002
0.5903
0.4023
0.3421
1.2193
0.019
0.0983
0.1192
0.1365
0.1173
0.09989999999999999
0.27259999999999995
1.7073
3.5732999999999997
0.12090000000000001
0.3169
0.5848
0.44689999999999996
0.4588
1.1676
0.2681
0.1301
0.6341
0.9111
0.24359999999999998
0.0
0.0
0.0
0.0
0.0393
0.0381
0.038099999999999995
0.03560000000000001
0.0327
0.0329
0.0269
0.0294
0.0207
0.0258
0.0236
0.026000000000000002
0.0274
0.0265
0.0274
0.028499999999999998
0.0254
0.0354
0.0233
0.027200000000000002
0.028
0.026799999999999997
0.0358
0.046
4.202
5.0174
4.9975000000000005
5.0455000000000005
5.1091
5.0529
4.1701
0.5092
0.1162
0.0625
0.0842
0.0673
0.07500000000000001
0.07189999999999999
0.061
0.0
0.0
0.0
2.0162
6.249700000000001
4.9481
3.5694999999999997
2.0046
3.4149000000000003
0.9733
0.6137999999999999
0.495
0.4784
0.4468
0.4968
0.5528
0.6693
0.9899
0.9953000000000001
1.0939999999999999
1.2461
1.7993000000000001
2.1388000000000003
1.6509
1.197
1.4064
1.9417
1.1617000000000002
1.0258
1.0533000000000001
1.0966
1.2052
0.9687
0.11649999999999999
0.1182
0.11399999999999999
0.1122
0.13340000000000002
0.1462
0.1772
0.1478
0.24619999999999997
0.23010000000000003
0.1069
0.659
0.0
0.027
0.088
0.4737
0.1181
0.0497
1.4693
0.5295
0.0541
0.1112
0.0911
0.1002
0.8903
0.6557
0.5941
0.5723
0.5866
0.6097
0.5298
0.44989999999999997
0.43479999999999996
0.4303
0.4355
0.4412
0.4774
0.505
0.5283
0.4659
0.4807
0.509
0.6411
2.1824
0.5591999999999999
0.485
0.4178
0.8180000000000001
0.0
0.0
0.0
0.0
0.0
0.0
0.0
0.0213
0.1144
0.1375
0.124
0.13479999999999998
0.10139999999999999
0.898
0.0346
0.0421
0.0097
0.1991
0.4775
0.0334
0.32530000000000003
0.3217
0.6588
0.603
1.6546
1.7105
0.2916
0.0698
0.0788
0.107
0.3033
0.666
0.9688
1.5767
1.998
1.5278
1.4413999999999998
1.7724
1.9028
3.3245
2.6641
0.3458
0.41000000000000003
0.3698
0.32220000000000004
0.2843
0.3075
2.9914
0.1355
0.1051
0.6051000000000001
0.22999999999999998
0.0849
0.1066
0.1014
0.1907
0.3285
0.3991
0.2452
0.0592
0.0171
0.0065
0.0178
0.0238
0.7950999999999999
0.0252
0.0469
0.06670000000000001
0.0516
0.0257
0.0237
0.0406
0.5856
0.6057
0.5758000000000001
0.5308999999999999
0.5313
0.5146
0.4898
1.5821
1.0835
1.0692
1.0005
0.7725
0.43910000000000005
0.3708
0.36350000000000005
0.4116
1.3466
1.6535
1.192
1.111
0.8831
0.6722
0.6024
1.902
0.9733
0.6137999999999999
0.495
0.4784
0.4468
0.4968
0.5528
0.6693
0.9899
0.9953000000000001
1.0939999999999999
1.2461
1.7993000000000001
2.1388000000000003
1.6509
1.197
1.4064
1.9417
1.1617000000000002
1.0258
1.0533000000000001
1.0966
1.2052
0.9687
0.11649999999999999
0.1182
0.11399999999999999
0.1122
0.13340000000000002
0.1462
0.1772
0.1478
0.24619999999999997
0.23010000000000003
0.1069
0.659
0.0
0.027
0.088
0.4737
0.1181
0.0497
1.4693
0.5295
0.0541
0.1112
0.0911
0.1002
0.8903
0.6557
0.5941
0.5723
0.5866
0.6097
0.5298
0.44989999999999997
0.43479999999999996
0.4303
0.4355
0.4412
0.4774
0.505
0.5283
0.4659
0.4807
0.509
0.6411
2.1824
0.5591999999999999
0.485
0.4178
0.8180000000000001
0.0
0.0
0.0
0.0
0.0
0.0
0.0
0.0213
0.1144
0.1375
0.124
0.13479999999999998
0.10139999999999999
0.898
0.0346
0.0421
0.0097
0.1991
0.4775
0.0334
0.32530000000000003
0.3217
0.6588
0.603
1.6546
1.7105
0.2916
0.0698
0.0788
0.107
0.3033
0.666
0.9688
1.5767
1.998
1.5278
1.4413999999999998
1.7724
1.9028
3.3245
2.6641
0.3458
0.41000000000000003
0.3698
0.32220000000000004
0.2843
0.3075
2.9914
0.1355
0.1051
0.6051000000000001
0.22999999999999998
0.0849
0.1066
0.1014
0.1907
0.3285
0.3991
0.2452
0.0592
0.0171
0.0065
0.0178
0.0238
0.7950999999999999
0.0252
0.0469
0.06670000000000001
0.0516
0.0257
0.0237
0.0406
0.5856
0.6057
0.5758000000000001
0.5308999999999999
0.5313
0.5146
0.4898
1.5821
1.0835
1.0692
1.0005
0.7725
0.43910000000000005
0.3708
0.36350000000000005
0.4116
1.3466
1.6535
1.192
1.111
0.8831
0.6722
0.6024
1.902
0.9733
0.6137999999999999
0.495
0.4784
0.4468
0.4968
0.5528
0.6693
0.9899
0.9953000000000001
1.0939999999999999
1.2461
1.7993000000000001
2.1388000000000003
1.6509
1.197
1.4064
1.9417
1.1617000000000002
1.0258
1.0533000000000001
1.0966
1.2052
0.9687
0.11649999999999999
0.1182
0.11399999999999999
0.1122
0.13340000000000002
0.1462
0.1772
0.1478
0.24619999999999997
0.23010000000000003
0.1069
0.659
0.0
0.027
0.088
0.4737
0.1181
0.0497
1.4693
0.5295
0.0541
0.1112
0.0911
0.1002
0.8903
0.6557
0.5941
0.5723
0.5866
0.6097
0.5298
0.44989999999999997
0.43479999999999996
0.4303
0.4355
0.4412
0.4774
0.505
0.5283
0.4659
0.4807
0.509
0.6411
2.1824
0.5591999999999999
0.485
0.4178
0.8180000000000001
0.0
0.0
0.0
0.0
0.0
0.0
0.0
0.0213
0.1144
0.1375
0.124
0.13479999999999998
0.10139999999999999
0.898
0.0346
0.0421
0.0097
0.1991
0.4775
0.0334
0.32530000000000003
0.3217
0.6588
0.603
1.6546
1.7105
0.2916
0.0698
0.0788
0.107
0.3033
0.666
0.9688
1.5767
1.998
1.5278
1.4413999999999998
1.7724
1.9028
3.3245
2.6641
0.3458
0.41000000000000003
0.3698
0.32220000000000004
0.2843
0.3075
2.9914
0.1355
0.1051
0.6051000000000001
0.22999999999999998
0.0849
0.1066
0.1014
0.1907
0.3285
0.3991
0.2452
0.0592
0.0171
0.0065
0.0178
0.0238
0.7950999999999999
0.0252
0.0469
0.06670000000000001
0.0516
0.0257
0.0237
0.0406
0.5856
0.6057
0.5758000000000001
0.5308999999999999
0.5313
0.5146
0.4898
1.5821
1.0835
1.0692
1.0005
0.7725
0.43910000000000005
0.3708
0.36350000000000005
0.4116
1.3466
1.6535
1.192
1.111
0.8831
0.6722
0.6024
1.902
0.9733
0.6137999999999999
0.495
0.4784
0.4468
0.4968
0.5528
0.6693
0.9899
0.9953000000000001
1.0939999999999999
1.2461
1.7993000000000001
2.1388000000000003
1.6509
1.197
1.4064
1.9417
1.1617000000000002
1.0258
1.0533000000000001
1.0966
1.2052
0.9687
0.11649999999999999
0.1182
0.11399999999999999
0.1122
0.13340000000000002
0.1462
0.1772
0.1478
0.24619999999999997
0.23010000000000003
0.1069
0.659
0.0
0.027
0.088
0.4737
0.1181
0.0497
1.4693
0.5295
0.0541
0.1112
0.0911
0.1002
0.8903
0.6557
0.5941
0.5723
0.5866
0.6097
0.5298
0.44989999999999997
0.43479999999999996
0.4303
0.4355
0.4412
0.4774
0.505
0.5283
0.4659
0.4807
0.509
0.6411
2.1824
0.5591999999999999
0.485
0.4178
0.8180000000000001
0.0
0.0
0.0
0.0
0.0
0.0
0.0
0.0213
0.1144
0.1375
0.124
0.13479999999999998
0.10139999999999999
0.898
0.0346
0.0421
0.0097
0.1991
0.4775
0.0334
0.32530000000000003
0.3217
0.6588
0.603
1.6546
1.7105
0.2916
0.0698
0.0788
0.107
0.3033
0.666
0.9688
1.5767
1.998
1.5278
1.4413999999999998
1.7724
1.9028
3.3245
2.6641
0.3458
0.41000000000000003
0.3698
0.32220000000000004
0.2843
0.3075
2.9914
0.1355
0.1051
0.6051000000000001
0.22999999999999998
0.0849
0.1066
0.1014
0.1907
0.3285
0.3991
0.2452
0.0592
0.0171
0.0065
0.0178
0.0238
0.7950999999999999
0.0252
0.0469
0.06670000000000001
0.0516
0.0257
0.0237
0.0406
0.5856
0.6057
0.5758000000000001
0.5308999999999999
0.5313
0.5146
0.4898
1.5821
1.0835
1.0692
1.0005
0.7725
0.43910000000000005
0.3708
0.36350000000000005
0.4116
1.3466
1.6535
1.192
1.111
0.8831
0.6722
0.6024
1.902
0.9733
0.6137999999999999
0.495
0.4784
0.4468
0.4968
0.5528
0.6693
0.9899
0.9953000000000001
1.0939999999999999
1.2461
1.7993000000000001
2.1388000000000003
1.6509
1.197
1.4064
1.9417
1.1617000000000002
1.0258
1.0533000000000001
1.0966
1.2052
0.9687
0.11649999999999999
0.1182
0.11399999999999999
0.1122
0.13340000000000002
0.1462
0.1772
0.1478
0.24619999999999997
0.23010000000000003
0.1069
0.659
0.0
0.027
0.088
0.4737
0.1181
0.0497
1.4693
0.5295
0.0541
0.1112
0.0911
0.1002
0.8903
0.6557
0.5941
0.5723
0.5866
0.6097
0.5298
0.44989999999999997
0.43479999999999996
0.4303
0.4355
0.4412
0.4774
0.505
0.5283
0.4659
0.4807
0.509
0.6411
2.1824
0.5591999999999999
0.485
0.4178
0.8180000000000001
