0.2999
0.2639
0.2399
0.23220000000000002
0.23399999999999999
0.25429999999999997
0.3254
0.4013
0.38980000000000004
0.3611
0.3543
0.3733
0.4376
0.6806
0.8765000000000001
0.8049999999999999
1.0934
1.4712
1.6865
1.4449999999999998
2.0749
1.3913
1.4921
1.4647000000000001
4.5494
0.8005
0.4764
0.3588
0.281
0.43679999999999997
1.5853
1.099
1.1058
1.2421
1.4969000000000001
1.4412
1.4197000000000002
1.3538999999999999
1.8456
1.3681999999999999
1.2848
2.0686
2.4107000000000003
3.2181
0.9408000000000001
0.2515
0.0997
0.0
0.5313
0.4739
0.45840000000000003
0.4182
0.4068
0.3863
0.4021
0.6278999999999999
0.7501
0.5211
0.28
0.22089999999999999
0.2021
0.1925
0.1961
0.8893
0.4023
0.4677
0.5253000000000001
0.5434
0.5226
0.5115000000000001
0.5253000000000001
1.1007
4.757300000000001
2.9812
0.777
0.6505
0.643
1.0251
0.8181
1.2864
1.6572
0.4548
0.5062
0.5781000000000001
0.6013
0.575
0.5346
0.509
0.5588
0.5417000000000001
0.52
0.5516
0.571
0.5616000000000001
4.0943000000000005
4.3225
7.1129
6.3187
5.3115
3.5953
1.4105
0.9413
1.3961999999999999
1.2565
0.5244
0.37329999999999997
0.3431
0.3406
0.31579999999999997
0.28959999999999997
0.2764
0.4668
2.0072
2.0308
1.4405999999999999
1.0433
0.8679
0.7356
0.6172
4.8337
0.1506
0.1392
0.1395
0.1397
0.14329999999999998
0.1557
0.19180000000000003
0.26280000000000003
0.3453
0.3831
0.34199999999999997
0.35250000000000004
0.33409999999999995
0.29900000000000004
0.28580000000000005
0.24980000000000002
0.32120000000000004
0.1829
0.8609
0.13140000000000002
0.3699
0.3601
0.2363
0.1502
0.0698
0.07100000000000001
0.0822
0.09040000000000001
0.0806
0.17659999999999998
0.5982000000000001
0.2599
0.7231
0.0341
0.0124
0.0026
0.0056
0.0
0.0638
0.6777000000000001
0.0871
0.0959
0.6511
0.1291
0.0872
0.0333
0.0064
0.027999999999999997
0.2999
0.2639
0.2399
0.23220000000000002
0.23399999999999999
0.25429999999999997
0.3254
0.4013
0.38980000000000004
0.3611
0.3543
0.3733
0.4376
0.6806
0.8765000000000001
0.8049999999999999
1.0934
1.4712
1.6865
1.4449999999999998
2.0749
1.3913
1.4921
1.4647000000000001
4.5494
0.8005
0.4764
0.3588
0.281
0.43679999999999997
1.5853
1.099
1.1058
1.2421
1.4969000000000001
1.4412
1.4197000000000002
1.3538999999999999
1.8456
1.3681999999999999
1.2848
2.0686
2.4107000000000003
3.2181
0.9408000000000001
0.2515
0.0997
0.0
0.5313
0.4739
0.45840000000000003
0.4182
0.4068
0.3863
0.4021
0.6278999999999999
0.7501
0.5211
0.28
0.22089999999999999
0.2021
0.1925
0.1961
0.8893
0.4023
0.4677
0.5253000000000001
0.5434
0.5226
0.5115000000000001
0.5253000000000001
1.1007
4.757300000000001
2.9812
0.777
0.6505
0.643
1.0251
0.8181
1.2864
1.6572
0.4548
0.5062
0.5781000000000001
0.6013
0.575
0.5346
0.509
0.5588
0.5417000000000001
0.52
0.5516
0.571
0.5616000000000001
4.0943000000000005
4.3225
7.1129
6.3187
5.3115
3.5953
1.4105
0.9413
1.3961999999999999
1.2565
0.5244
0.37329999999999997
0.3431
0.3406
0.31579999999999997
0.28959999999999997
0.2764
0.4668
2.0072
2.0308
1.4405999999999999
1.0433
0.8679
0.7356
0.6172
4.8337
0.1506
0.1392
0.1395
0.1397
0.14329999999999998
0.1557
0.19180000000000003
0.26280000000000003
0.3453
0.3831
0.34199999999999997
0.35250000000000004
0.33409999999999995
0.29900000000000004
0.28580000000000005
0.24980000000000002
0.32120000000000004
0.1829
0.8609
0.13140000000000002
0.3699
0.3601
0.2363
0.1502
0.0698
0.07100000000000001
0.0822
0.09040000000000001
0.0806
0.17659999999999998
0.5982000000000001
0.2599
0.7231
0.0341
0.0124
0.0026
0.0056
0.0
0.0638
0.6777000000000001
0.0871
0.0959
0.6511
0.1291
0.0872
0.0333
0.0064
0.027999999999999997
0.2999
0.2639
0.2399
0.23220000000000002
0.23399999999999999
0.25429999999999997
0.3254
0.4013
0.38980000000000004
0.3611
0.3543
0.3733
0.4376
0.6806
0.8765000000000001
0.8049999999999999
1.0934
1.4712
1.6865
1.4449999999999998
2.0749
1.3913
1.4921
1.4647000000000001
4.5494
0.8005
0.4764
0.3588
0.281
0.43679999999999997
1.5853
1.099
1.1058
1.2421
1.4969000000000001
1.4412
1.4197000000000002
1.3538999999999999
1.8456
1.3681999999999999
1.2848
2.0686
2.4107000000000003
3.2181
0.9408000000000001
0.2515
0.0997
0.0
0.5313
0.4739
0.45840000000000003
0.4182
0.4068
0.3863
0.4021
0.6278999999999999
0.7501
0.5211
0.28
0.22089999999999999
0.2021
0.1925
0.1961
0.8893
0.4023
0.4677
0.5253000000000001
0.5434
0.5226
0.5115000000000001
0.5253000000000001
1.1007
4.757300000000001
2.9812
0.777
0.6505
0.643
1.0251
0.8181
1.2864
1.6572
0.4548
0.5062
0.5781000000000001
0.6013
0.575
0.5346
0.509
0.5588
0.5417000000000001
0.52
0.5516
0.571
0.5616000000000001
4.0943000000000005
4.3225
7.1129
6.3187
5.3115
3.5953
1.4105
0.9413
1.3961999999999999
1.2565
0.5244
0.37329999999999997
0.3431
0.3406
0.31579999999999997
0.28959999999999997
0.2764
0.4668
2.0072
2.0308
1.4405999999999999
1.0433
0.8679
0.7356
0.6172
4.8337
0.1506
0.1392
0.1395
0.1397
0.14329999999999998
0.1557
0.19180000000000003
0.26280000000000003
0.3453
0.3831
0.34199999999999997
0.35250000000000004
0.33409999999999995
0.29900000000000004
0.28580000000000005
0.24980000000000002
0.32120000000000004
0.1829
0.8609
0.13140000000000002
0.3699
0.3601
0.2363
0.1502
0.0698
0.07100000000000001
0.0822
0.09040000000000001
0.0806
0.17659999999999998
0.5982000000000001
0.2599
0.7231
0.0341
0.0124
0.0026
0.0056
0.0
0.0638
0.6777000000000001
0.0871
0.0959
0.6511
0.1291
0.0872
0.0333
0.0064
0.027999999999999997
0.2999
0.2639
0.2399
0.23220000000000002
0.23399999999999999
0.25429999999999997
0.3254
0.4013
0.38980000000000004
0.3611
0.3543
0.3733
0.4376
0.6806
0.8765000000000001
0.8049999999999999
1.0934
1.4712
1.6865
1.4449999999999998
2.0749
1.3913
1.4921
1.4647000000000001
4.5494
0.8005
0.4764
0.3588
0.281
0.43679999999999997
1.5853
1.099
1.1058
1.2421
1.4969000000000001
1.4412
1.4197000000000002
1.3538999999999999
1.8456
1.3681999999999999
1.2848
2.0686
2.4107000000000003
3.2181
0.9408000000000001
0.2515
0.0997
0.0
0.5313
0.4739
0.45840000000000003
0.4182
0.4068
0.3863
0.4021
0.6278999999999999
0.7501
0.5211
0.28
0.22089999999999999
0.2021
0.1925
0.1961
0.8893
0.4023
0.4677
0.5253000000000001
0.5434
0.5226
0.5115000000000001
0.5253000000000001
1.1007
4.757300000000001
2.9812
0.777
0.6505
0.643
1.0251
0.8181
1.2864
1.6572
0.4548
0.5062
0.5781000000000001
0.6013
0.575
0.5346
0.509
0.5588
0.5417000000000001
0.52
0.5516
0.571
0.5616000000000001
4.0943000000000005
4.3225
7.1129
6.3187
5.3115
3.5953
1.4105
0.9413
1.3961999999999999
1.2565
0.5244
0.37329999999999997
0.3431
0.3406
0.31579999999999997
0.28959999999999997
0.2764
0.4668
2.0072
2.0308
1.4405999999999999
1.0433
0.8679
0.7356
0.6172
4.8337
0.1506
0.1392
0.1395
0.1397
0.14329999999999998
0.1557
0.19180000000000003
0.26280000000000003
0.3453
0.3831
0.34199999999999997
0.35250000000000004
0.33409999999999995
0.29900000000000004
0.28580000000000005
0.24980000000000002
0.32120000000000004
0.1829
0.8609
0.13140000000000002
0.3699
0.3601
0.2363
0.1502
0.0698
0.07100000000000001
0.0822
0.09040000000000001
0.0806
0.17659999999999998
0.5982000000000001
0.2599
0.7231
0.0341
0.0124
0.0026
0.0056
0.0
0.0638
0.6777000000000001
0.0871
0.0959
0.6511
0.1291
0.0872
0.0333
0.0064
0.027999999999999997
0.2999
0.2639
0.2399
0.23220000000000002
0.23399999999999999
0.25429999999999997
0.3254
0.4013
0.38980000000000004
0.3611
0.3543
0.3733
0.4376
0.6806
0.8765000000000001
0.8049999999999999
1.0934
1.4712
1.6865
1.4449999999999998
2.0749
1.3913
1.4921
1.4647000000000001
4.5494
0.8005
0.4764
0.3588
0.281
0.43679999999999997
1.5853
1.099
1.1058
1.2421
1.4969000000000001
1.4412
1.4197000000000002
1.3538999999999999
1.8456
1.3681999999999999
1.2848
2.0686
2.4107000000000003
3.2181
0.9408000000000001
0.2515
0.0997
0.0
0.5313
0.4739
0.45840000000000003
0.4182
0.4068
0.3863
0.4021
0.6278999999999999
0.7501
0.5211
0.28
0.22089999999999999
0.2021
0.1925
0.1961
0.8893
0.4023
0.4677
0.5253000000000001
0.5434
0.5226
0.5115000000000001
0.5253000000000001
1.1007
1.3056999999999999
3.4848
4.1828
3.8382
0.2893
0.0365
0.1119
0.0
0.0
0.0
2.568
0.0
0.007
0.8299
0.08449999999999999
0.1214
0.0833
0.0935
0.12440000000000001
0.0518
0.1627
3.5551
5.037100000000001
1.1125
0.6589
0.4826
0.41800000000000004
0.39959999999999996
0.4104
0.4962
0.7397
1.0123
0.9635
0.8327
0.7584
0.7393
0.7619
0.9676
1.963
1.2429000000000001
1.1579000000000002
2.0338000000000003
1.8715000000000002
1.2499
1.1452
1.0124
0.8084
0.8381000000000001
0.3749
0.3508
0.344
0.3396
0.3388
1.7459000000000002
0.5596
0.7096
0.6416
0.6815
0.8075
0.755
0.4193
0.31110000000000004
0.30789999999999995
0.31
0.3369
1.5065
0.5550999999999999
0.9288000000000001
1.0998
0.6637
0.3984
0.376
0.7262000000000001
3.7084
4.2318
5.1085
2.9143
0.2851
0.4182
2.9059
3.0621
2.3173
1.0946
0.9557
1.0037
0.8872
1.8225
3.7725999999999997
1.0109000000000001
1.0925
2.7432
0.9598
0.1953
0.2481
0.1956
0.19999999999999998
0.4142
0.3909
0.40349999999999997
0.5286
1.0422
0.5434
0.7879
0.3493
0.2888
0.2583
0.25780000000000003
0.2361
0.24430000000000002
0.2753
0.3335
0.4142
0.4961
1.0909
2.2001999999999997
0.7031000000000001
0.5044
0.4437
0.3876
0.3788
0.1419
0.1256
0.1055
0.5419
0.7599
0.3526
0.5079
0.22049999999999997
0.0621
0.0259
0.0091
0.012799999999999999
0.0203
0.0243
0.0745
0.6019
0.132
0.2205
0.31420000000000003
0.4951
0.5541
0.4607
0.3635
0.2681
6.2622
5.67
5.877800000000001
2.9792
0.6318
1.1911
2.283
0.5186
0.4606
2.0866
0.12240000000000001
0.081
0.0669
0.0495
0.020900000000000002
0.0911
0.1658
0.1903
0.19579999999999997
0.18030000000000002
0.2174
0.24220000000000003
0.1691
3.5101999999999998
1.3056999999999999
3.4848
4.1828
3.8382
0.2893
0.0365
0.1119
0.0
0.0
0.0
2.568
0.0
0.007
0.8299
0.08449999999999999
0.1214
0.0833
0.0935
0.12440000000000001
0.0518
0.1627
3.5551
5.037100000000001
1.1125
0.6589
0.4826
0.41800000000000004
0.39959999999999996
0.4104
0.4962
0.7397
1.0123
0.9635
0.8327
0.7584
0.7393
0.7619
0.9676
1.963
1.2429000000000001
1.1579000000000002
2.0338000000000003
1.8715000000000002
1.2499
1.1452
1.0124
0.8084
0.8381000000000001
0.3749
0.3508
0.344
0.3396
0.3388
1.7459000000000002
0.5596
0.7096
0.6416
0.6815
0.8075
0.755
0.4193
0.31110000000000004
0.30789999999999995
0.31
0.3369
1.5065
0.5550999999999999
0.9288000000000001
1.0998
0.6637
0.3984
0.376
0.7262000000000001
3.7084
4.2318
5.1085
2.9143
0.2851
0.4182
2.9059
3.0621
2.3173
1.0946
0.9557
1.0037
0.8872
1.8225
3.7725999999999997
1.0109000000000001
1.0925
2.7432
0.9598
0.1953
0.2481
0.1956
0.19999999999999998
0.4142
0.3909
0.40349999999999997
0.5286
1.0422
0.5434
0.7879
0.3493
0.2888
0.2583
0.25780000000000003
0.2361
0.24430000000000002
0.2753
0.3335
0.4142
0.4961
1.0909
2.2001999999999997
0.7031000000000001
0.5044
0.4437
0.3876
0.3788
0.1419
0.1256
0.1055
0.5419
0.7599
0.3526
0.5079
0.22049999999999997
0.0621
0.0259
0.0091
0.012799999999999999
0.0203
0.0243
0.0745
0.6019
0.132
0.2205
0.31420000000000003
0.4951
0.5541
0.4607
0.3635
0.2681
6.2622
5.67
5.877800000000001
2.9792
0.6318
1.1911
2.283
0.5186
0.4606
2.0866
0.12240000000000001
0.081
0.0669
0.0495
0.020900000000000002
0.0911
0.1658
0.1903
0.19579999999999997
0.18030000000000002
0.2174
0.24220000000000003
0.1691
3.5101999999999998
1.3056999999999999
3.4848
4.1828
3.8382
0.2893
0.0365
0.1119
0.0
0.0
0.0
2.568
0.0
0.007
0.8299
0.08449999999999999
0.1214
0.0833
0.0935
0.12440000000000001
0.0518
0.1627
3.5551
5.037100000000001
1.1125
0.6589
0.4826
0.41800000000000004
0.39959999999999996
0.4104
0.4962
0.7397
1.0123
0.9635
0.8327
0.7584
0.7393
0.7619
0.9676
1.963
1.2429000000000001
1.1579000000000002
2.0338000000000003
1.8715000000000002
1.2499
1.1452
1.0124
0.8084
0.8381000000000001
0.3749
0.3508
0.344
0.3396
0.3388
1.7459000000000002
0.5596
0.7096
0.6416
0.6815
0.8075
0.755
0.4193
0.31110000000000004
0.30789999999999995
0.31
0.3369
1.5065
0.5550999999999999
0.9288000000000001
1.0998
0.6637
0.3984
0.376
0.7262000000000001
3.7084
4.2318
5.1085
2.9143
0.2851
0.4182
2.9059
3.0621
2.3173
1.0946
0.9557
1.0037
0.8872
1.8225
3.7725999999999997
1.0109000000000001
1.0925
2.7432
0.9598
0.1953
0.2481
0.1956
0.19999999999999998
0.4142
0.3909
0.40349999999999997
0.5286
1.0422
0.5434
0.7879
0.3493
0.2888
0.2583
0.25780000000000003
0.2361
0.24430000000000002
0.2753
0.3335
0.4142
0.4961
1.0909
2.2001999999999997
0.7031000000000001
0.5044
0.4437
0.3876
0.3788
0.1419
0.1256
0.1055
0.5419
0.7599
0.3526
0.5079
0.22049999999999997
0.0621
0.0259
0.0091
0.012799999999999999
0.0203
0.0243
0.0745
0.6019
0.132
0.2205
0.31420000000000003
0.4951
0.5541
0.4607
0.3635
0.2681
6.2622
5.67
5.877800000000001
2.9792
0.6318
1.1911
2.283
0.5186
0.4606
2.0866
0.12240000000000001
0.081
0.0669
0.0495
0.020900000000000002
0.0911
0.1658
0.1903
0.19579999999999997
0.18030000000000002
0.2174
0.24220000000000003
0.1691
3.5101999999999998
1.3056999999999999
3.4848
4.1828
3.8382
0.2893
0.0365
0.1119
0.0
0.0
0.0
2.568
0.0
0.007
0.8299
0.08449999999999999
0.1214
0.0833
0.0935
0.12440000000000001
0.0518
0.1627
3.5551
5.037100000000001
1.1125
0.6589
0.4826
0.41800000000000004
0.39959999999999996
0.4104
0.4962
0.7397
1.0123
0.9635
0.8327
0.7584
0.7393
0.7619
0.9676
1.963
1.2429000000000001
1.1579000000000002
2.0338000000000003
1.8715000000000002
1.2499
1.1452
1.0124
0.8084
0.8381000000000001
0.3749
0.3508
0.344
0.3396
0.3388
1.7459000000000002
0.5596
0.7096
0.6416
0.6815
0.8075
0.755
0.4193
0.31110000000000004
0.30789999999999995
0.31
0.3369
1.5065
0.5550999999999999
0.9288000000000001
1.0998
0.6637
0.3984
0.376
0.7262000000000001
3.7084
4.2318
5.1085
2.9143
0.2851
0.4182
2.9059
3.0621
2.3173
1.0946
0.9557
1.0037
0.8872
1.8225
3.7725999999999997
1.0109000000000001
1.0925
2.7432
0.9598
0.1953
0.2481
0.1956
0.19999999999999998
0.4142
0.3909
0.40349999999999997
0.5286
1.0422
0.5434
0.7879
0.3493
0.2888
0.2583
0.25780000000000003
0.2361
0.24430000000000002
0.2753
0.3335
0.4142
0.4961
1.0909
2.2001999999999997
0.7031000000000001
0.5044
0.4437
0.3876
0.3788
0.1419
0.1256
0.1055
0.5419
0.7599
0.3526
0.5079
0.22049999999999997
0.0621
0.0259
0.0091
0.012799999999999999
0.0203
0.0243
0.0745
0.6019
0.132
0.2205
0.31420000000000003
0.4951
0.5541
0.4607
0.3635
0.2681
6.2622
5.67
5.877800000000001
2.9792
0.6318
1.1911
2.283
0.5186
0.4606
2.0866
0.12240000000000001
0.081
0.0669
0.0495
0.020900000000000002
0.0911
0.1658
0.1903
0.19579999999999997
0.18030000000000002
0.2174
0.24220000000000003
0.1691
3.5101999999999998
0.4991
0.5133
0.509
0.5158
0.5091
0.5780000000000001
0.8609
1.0584
1.1614
0.711
0.7464
0.7622
0.7856000000000001
0.7716000000000001
0.9533
1.3374
0.6401
0.6577
0.8633
0.5978
0.4192
0.2633
0.2382
0.2248
0.2667
0.2766
0.2635
0.2524
0.23670000000000002
0.2331
0.1762
1.0959
0.2783
0.32030000000000003
0.3738
0.3984
0.3498
0.3117
0.32230000000000003
0.2855
0.3045
1.3093
0.4466
2.0162
0.1618
0.139
0.1382
0.176
0.0194
0.0
0.0044
0.0002
0.0039
0.0
0.0067
0.0168
0.059300000000000005
0.051699999999999996
0.055999999999999994
0.059699999999999996
0.0794
0.6651
0.19190000000000002
0.215
0.4002
0.2837
0.38649999999999995
0.4075
0.3245
1.4159000000000002
0.8179000000000001
1.2372
0.2886
0.2508
0.23299999999999998
0.224
0.21939999999999998
0.20479999999999998
0.2499
0.6634
0.2157
0.0314
0.029400000000000003
0.0379
0.039
0.036000000000000004
0.0412
0.06409999999999999
0.6691
0.7808999999999999
0.778
0.6890000000000001
0.6262
0.5235000000000001
0.4651
0.6373
2.7173
1.3778000000000001
0.49729999999999996
0.4113
0.4003
0.4218
0.4379
0.4903
0.6806
0.8529
1.0604
1.1212
0.8017000000000001
0.7611
0.8279
0.8009
0.7611
0.7975
0.9730000000000001
1.1111
0.8001
0.7954
0.8704000000000001
1.7077
0.8164
2.5772
0.7229
0.6433
0.647
0.6446000000000001
0.7074
0.7939
0.7773
0.8242
1.0349
1.742
0.7108
0.5115
0.4744
0.43589999999999995
0.4306
0.4484
2.2752
0.4315
0.4289
0.49839999999999995
0.738
0.8881
0.4754
0.4769
0.4617
0.4497
0.4531
0.48009999999999997
0.5394
0.6589
0.4675
0.4006
0.3363
0.3076
0.29469999999999996
0.2893
0.31379999999999997
0.5155
0.4007
0.3604
0.4132
0.497
0.7858
1.0703
0.6404
2.8394
0.4991
0.5133
0.509
0.5158
0.5091
0.5780000000000001
0.8609
1.0584
1.1614
0.711
0.7464
0.7622
0.7856000000000001
0.7716000000000001
0.9533
1.3374
0.6401
0.6577
0.8633
0.5978
0.4192
0.2633
0.2382
0.2248
0.2667
0.2766
0.2635
0.2524
0.23670000000000002
0.2331
0.1762
1.0959
0.2783
0.32030000000000003
0.3738
0.3984
0.3498
0.3117
0.32230000000000003
0.2855
0.3045
1.3093
0.4466
2.0162
0.1618
0.139
0.1382
0.176
0.0194
0.0
0.0044
0.0002
0.0039
0.0
0.0067
0.0168
0.059300000000000005
0.051699999999999996
0.055999999999999994
0.059699999999999996
0.0794
0.6651
0.19190000000000002
0.215
0.4002
0.2837
0.38649999999999995
0.4075
0.3245
1.4159000000000002
0.8179000000000001
1.2372
0.2886
0.2508
0.23299999999999998
0.224
0.21939999999999998
0.20479999999999998
0.2499
0.6634
0.2157
0.0314
0.029400000000000003
0.0379
0.039
0.036000000000000004
0.0412
0.06409999999999999
0.6691
0.7808999999999999
0.778
0.6890000000000001
0.6262
0.5235000000000001
0.4651
0.6373
2.7173
1.3778000000000001
0.49729999999999996
0.4113
0.4003
0.4218
0.4379
0.4903
0.6806
0.8529
1.0604
1.1212
0.8017000000000001
0.7611
0.8279
0.8009
0.7611
0.7975
0.9730000000000001
1.1111
0.8001
0.7954
0.8704000000000001
1.7077
0.8164
2.5772
0.7229
0.6433
0.647
0.6446000000000001
0.7074
0.7939
0.7773
0.8242
1.0349
1.742
0.7108
0.5115
0.4744
0.43589999999999995
0.4306
0.4484
2.2752
0.4315
0.4289
0.49839999999999995
0.738
0.8881
0.4754
0.4769
0.4617
0.4497
0.4531
0.48009999999999997
0.5394
0.6589
0.4675
0.4006
0.3363
0.3076
0.29469999999999996
0.2893
0.31379999999999997
0.5155
0.4007
0.3604
0.4132
0.497
0.7858
1.0703
0.6404
2.8394
0.4991
0.5133
0.509
0.5158
0.5091
0.5780000000000001
0.8609
1.0584
1.1614
0.711
0.7464
0.7622
0.7856000000000001
0.7716000000000001
0.9533
1.3374
0.6401
0.6577
0.8633
0.5978
0.4192
0.2633
0.2382
0.2248
0.2667
0.2766
0.2635
0.2524
0.23670000000000002
0.2331
0.1762
1.0959
0.2783
0.32030000000000003
0.3738
0.3984
0.3498
0.3117
0.32230000000000003
0.2855
0.3045
1.3093
0.4466
2.0162
0.1618
0.139
0.1382
0.176
0.0194
0.0
0.0044
0.0002
0.0039
0.0
0.0067
0.0168
0.059300000000000005
0.051699999999999996
0.055999999999999994
0.059699999999999996
0.0794
0.6651
0.19190000000000002
0.215
0.4002
0.2837
0.38649999999999995
0.4075
0.3245
1.4159000000000002
0.8179000000000001
1.2372
0.2886
0.2508
0.23299999999999998
0.224
0.21939999999999998
0.20479999999999998
0.2499
0.6634
0.2157
0.0314
0.029400000000000003
0.0379
0.039
0.036000000000000004
0.0412
0.06409999999999999
0.6691
0.7808999999999999
0.778
0.6890000000000001
0.6262
0.5235000000000001
0.4651
0.6373
2.7173
1.3778000000000001
0.49729999999999996
0.4113
0.4003
0.4218
0.4379
0.4903
0.6806
0.8529
1.0604
1.1212
0.8017000000000001
0.7611
0.8279
0.8009
0.7611
0.7975
0.9730000000000001
1.1111
0.8001
0.7954
0.8704000000000001
1.7077
0.8164
2.5772
0.7229
0.6433
0.647
0.6446000000000001
0.7074
0.7939
0.7773
0.8242
1.0349
1.742
0.7108
0.5115
0.4744
0.43589999999999995
0.4306
0.4484
2.2752
0.4315
0.4289
0.49839999999999995
0.738
0.8881
0.4754
0.4769
0.4617
0.4497
0.4531
0.48009999999999997
0.5394
0.6589
0.4675
0.4006
0.3363
0.3076
0.29469999999999996
0.2893
0.31379999999999997
0.5155
0.4007
0.3604
0.4132
0.497
0.7858
1.0703
0.6404
2.8394
0.4991
0.5133
0.509
0.5158
0.5091
0.5780000000000001
0.8609
1.0584
1.1614
0.711
0.7464
0.7622
0.7856000000000001
0.7716000000000001
0.9533
1.3374
0.6401
0.6577
0.8633
0.5978
0.4192
0.2633
0.2382
0.2248
0.2667
0.2766
0.2635
0.2524
0.23670000000000002
0.2331
0.1762
1.0959
0.2783
0.32030000000000003
0.3738
0.3984
0.3498
0.3117
0.32230000000000003
0.2855
0.3045
1.3093
0.4466
2.0162
0.1618
0.139
0.1382
0.176
0.0194
0.0
0.0044
0.0002
0.0039
0.0
0.0067
0.0168
0.059300000000000005
0.051699999999999996
0.055999999999999994
0.059699999999999996
0.0794
0.6651
0.19190000000000002
0.215
0.4002
0.2837
0.38649999999999995
0.4075
0.3245
1.4159000000000002
0.8179000000000001
1.2372
0.2886
0.2508
0.23299999999999998
0.224
0.21939999999999998
0.20479999999999998
0.2499
0.6634
0.2157
0.0314
0.029400000000000003
0.0379
0.039
0.036000000000000004
0.0412
0.06409999999999999
0.6691
0.7808999999999999
0.778
0.6890000000000001
0.6262
0.5235000000000001
0.4651
0.6373
2.7173
1.3778000000000001
0.49729999999999996
0.4113
0.4003
0.4218
0.4379
0.4903
0.6806
0.8529
1.0604
1.1212
0.8017000000000001
0.7611
0.8279
0.8009
0.7611
0.7975
0.9730000000000001
1.1111
0.8001
0.7954
0.8704000000000001
1.7077
0.8164
2.5772
0.7229
0.6433
0.647
0.6446000000000001
0.7074
0.7939
0.7773
0.8242
1.0349
1.742
0.7108
0.5115
0.4744
0.43589999999999995
0.4306
0.4484
2.2752
0.4315
0.4289
0.49839999999999995
0.738
0.8881
0.4754
0.4769
0.4617
0.4497
0.4531
0.48009999999999997
0.5394
0.6589
0.4675
0.4006
0.3363
0.3076
0.29469999999999996
0.2893
0.31379999999999997
0.5155
0.4007
0.3604
0.4132
0.497
0.7858
1.0703
0.6404
2.8394
0.4991
0.5133
0.509
0.5158
0.5091
0.5780000000000001
0.8609
1.0584
1.1614
0.711
0.7464
0.7622
0.7856000000000001
0.7716000000000001
0.9533
1.3374
0.6401
0.6577
0.8633
0.5978
0.4192
0.2633
0.2382
0.2248
0.2667
0.2766
0.2635
0.2524
0.23670000000000002
0.2331
0.1762
1.0959
0.2783
0.32030000000000003
0.3738
0.3984
0.3498
0.3117
0.32230000000000003
0.2855
0.3045
1.3093
0.4466
2.0162
0.1618
0.139
0.1382
0.176
0.0194
0.0
0.0044
0.0002
0.0039
0.0
0.0067
0.0168
0.059300000000000005
0.051699999999999996
0.055999999999999994
0.059699999999999996
0.0794
0.6651
0.19190000000000002
0.215
0.4002
0.2837
0.38649999999999995
0.4075
0.3245
1.4159000000000002
0.8179000000000001
1.2372
0.5224
0.4597
0.4263
0.3688
0.3432
0.3103
0.2663
0.274
0.2852
0.2843
0.2758
0.2597
0.2346
0.21989999999999998
0.2235
0.2273
0.2944
0.4238
1.1435
0.9248000000000001
0.6072
0.554
0.5106999999999999
1.0044
0.16699999999999998
0.1612
0.16160000000000002
0.15589999999999998
0.16
0.17880000000000001
0.2189
0.3444
0.35229999999999995
0.3265
0.297
0.2999
0.277
1.5574
0.5119
0.31220000000000003
0.2829
0.7001999999999999
0.26139999999999997
0.25160000000000005
0.4303
0.3064
0.2819
0.19790000000000002
0.9305000000000001
2.2272
4.4422
4.3479
4.1386
1.6077
1.6798
0.6845
0.2218
0.0708
0.094
0.1147
0.11679999999999999
0.1027
0.1424
0.1068
0.6669
4.8483
4.6005
4.799899999999999
4.760400000000001
4.9754
3.6742999999999997
7.9014
0.0371
0.5019
1.2085
1.0483
0.0586
0.1121
0.6944
1.0819
0.3326
0.404
0.4165
0.424
0.41669999999999996
0.38570000000000004
0.40759999999999996
1.9332
1.5634000000000001
0.24559999999999998
0.2229
0.22699999999999998
0.1982
0.1493
0.1577
0.1124
0.9707999999999999
0.8855999999999999
0.6963
0.3261
0.3183
0.3508
0.386
0.4467
0.5499
0.6161
0.6168
0.5551
0.5246
0.4989
0.5029
0.4765
0.42310000000000003
0.39949999999999997
0.3842
0.9552
0.824
0.9048
1.3052000000000001
1.3495
0.2293
0.198
0.19
0.18480000000000002
0.21489999999999998
0.24
0.2865
0.3119
0.3195
0.3179
0.4616
1.3380999999999998
0.9399
0.5785
2.2586999999999997
0.4274
0.9045
0.8371000000000001
0.966
0.7291000000000001
1.1388
0.7484999999999999
0.3304
0.24669999999999997
2.0745
0.22959999999999997
0.10969999999999999
0.1073
0.10790000000000001
0.0
0.0
0.0012
0.0
0.0028
0.0402
0.040400000000000005
0.0214
0.0301
1.5951
1.2128
0.8481000000000001
0.9015
1.9581
4.0078
4.02
2.0181
1.4921
2.3991
0.5224
0.4597
0.4263
0.3688
0.3432
0.3103
0.2663
0.274
0.2852
0.2843
0.2758
0.2597
0.2346
0.21989999999999998
0.2235
0.2273
0.2944
0.4238
1.1435
0.9248000000000001
0.6072
0.554
0.5106999999999999
1.0044
0.16699999999999998
0.1612
0.16160000000000002
0.15589999999999998
0.16
0.17880000000000001
0.2189
0.3444
0.35229999999999995
0.3265
0.297
0.2999
0.277
1.5574
0.5119
0.31220000000000003
0.2829
0.7001999999999999
0.26139999999999997
0.25160000000000005
0.4303
0.3064
0.2819
0.19790000000000002
0.9305000000000001
2.2272
4.4422
4.3479
4.1386
1.6077
1.6798
0.6845
0.2218
0.0708
0.094
0.1147
0.11679999999999999
0.1027
0.1424
0.1068
0.6669
4.8483
4.6005
4.799899999999999
4.760400000000001
4.9754
3.6742999999999997
7.9014
0.0371
0.5019
1.2085
1.0483
0.0586
0.1121
0.6944
1.0819
0.3326
0.404
0.4165
0.424
0.41669999999999996
0.38570000000000004
0.40759999999999996
1.9332
1.5634000000000001
0.24559999999999998
0.2229
0.22699999999999998
0.1982
0.1493
0.1577
0.1124
0.9707999999999999
0.8855999999999999
0.6963
0.3261
0.3183
0.3508
0.386
0.4467
0.5499
0.6161
0.6168
0.5551
0.5246
0.4989
0.5029
0.4765
0.42310000000000003
0.39949999999999997
0.3842
0.9552
0.824
0.9048
1.3052000000000001
1.3495
0.2293
0.198
0.19
0.18480000000000002
0.21489999999999998
0.24
0.2865
0.3119
0.3195
0.3179
0.4616
1.3380999999999998
0.9399
0.5785
2.2586999999999997
0.4274
0.9045
0.8371000000000001
0.966
0.7291000000000001
1.1388
0.7484999999999999
0.3304
0.24669999999999997
2.0745
0.22959999999999997
0.10969999999999999
0.1073
0.10790000000000001
0.0
0.0
0.0012
0.0
0.0028
0.0402
0.040400000000000005
0.0214
0.0301
1.5951
1.2128
0.8481000000000001
0.9015
1.9581
4.0078
4.02
2.0181
1.4921
2.3991
0.5224
0.4597
0.4263
0.3688
0.3432
0.3103
0.2663
0.274
0.2852
0.2843
0.2758
0.2597
0.2346
0.21989999999999998
0.2235
0.2273
0.2944
0.4238
1.1435
0.9248000000000001
0.6072
0.554
0.5106999999999999
1.0044
0.16699999999999998
0.1612
0.16160000000000002
0.15589999999999998
0.16
0.17880000000000001
0.2189
0.3444
0.35229999999999995
0.3265
0.297
0.2999
0.277
1.5574
0.5119
0.31220000000000003
0.2829
0.7001999999999999
0.26139999999999997
0.25160000000000005
0.4303
0.3064
0.2819
0.19790000000000002
0.9305000000000001
2.2272
4.4422
4.3479
4.1386
1.6077
1.6798
0.6845
0.2218
0.0708
0.094
0.1147
0.11679999999999999
0.1027
0.1424
0.1068
0.6669
4.8483
4.6005
4.799899999999999
4.760400000000001
4.9754
3.6742999999999997
7.9014
0.0371
0.5019
1.2085
1.0483
0.0586
0.1121
0.6944
1.0819
0.3326
0.404
0.4165
0.424
0.41669999999999996
0.38570000000000004
0.40759999999999996
1.9332
1.5634000000000001
0.24559999999999998
0.2229
0.22699999999999998
0.1982
0.1493
0.1577
0.1124
0.9707999999999999
0.8855999999999999
0.6963
0.3261
0.3183
0.3508
0.386
0.4467
0.5499
0.6161
0.6168
0.5551
0.5246
0.4989
0.5029
0.4765
0.42310000000000003
0.39949999999999997
0.3842
0.9552
0.824
0.9048
1.3052000000000001
1.3495
0.2293
0.198
0.19
0.18480000000000002
0.21489999999999998
0.24
0.2865
0.3119
0.3195
0.3179
0.4616
1.3380999999999998
0.9399
0.5785
2.2586999999999997
0.4274
0.9045
0.8371000000000001
0.966
0.7291000000000001
1.1388
0.7484999999999999
0.3304
0.24669999999999997
2.0745
0.22959999999999997
0.10969999999999999
0.1073
0.10790000000000001
0.0
0.0
0.0012
0.0
0.0028
0.0402
0.040400000000000005
0.0214
0.0301
1.5951
1.2128
0.8481000000000001
0.9015
1.9581
4.0078
4.02
2.0181
1.4921
2.3991
0.5224
0.4597
0.4263
0.3688
0.3432
0.3103
0.2663
0.274
0.2852
0.2843
0.2758
0.2597
0.2346
0.21989999999999998
0.2235
0.2273
0.2944
0.4238
1.1435
0.9248000000000001
0.6072
0.554
0.5106999999999999
1.0044
0.16699999999999998
0.1612
0.16160000000000002
0.15589999999999998
0.16
0.17880000000000001
0.2189
0.3444
0.35229999999999995
0.3265
0.297
0.2999
0.277
1.5574
0.5119
0.31220000000000003
0.2829
0.7001999999999999
0.26139999999999997
0.25160000000000005
0.4303
0.3064
0.2819
0.19790000000000002
0.9305000000000001
2.2272
4.4422
4.3479
4.1386
1.6077
1.6798
0.6845
0.2218
0.0708
0.094
0.1147
0.11679999999999999
0.1027
0.1424
0.1068
0.6669
4.8483
4.6005
4.799899999999999
4.760400000000001
4.9754
3.6742999999999997
7.9014
0.0371
0.5019
1.2085
1.0483
0.0586
0.1121
0.6944
1.0819
0.3326
0.404
0.4165
0.424
0.41669999999999996
0.38570000000000004
0.40759999999999996
1.9332
1.5634000000000001
0.24559999999999998
0.2229
0.22699999999999998
0.1982
0.1493
0.1577
0.1124
0.9707999999999999
0.8855999999999999
0.6963
0.3261
0.3183
0.3508
0.386
0.4467
0.5499
0.6161
0.6168
0.5551
0.5246
0.4989
0.5029
0.4765
0.42310000000000003
0.39949999999999997
0.3842
0.9552
0.824
0.9048
1.3052000000000001
1.3495
0.2293
0.198
0.19
0.18480000000000002
0.21489999999999998
0.24
0.2865
0.3119
0.3195
0.3179
0.4616
1.3380999999999998
0.9399
0.5785
2.2586999999999997
0.4274
0.9045
0.8371000000000001
0.966
0.7291000000000001
1.1388
0.7484999999999999
0.3304
0.24669999999999997
2.0745
0.22959999999999997
0.10969999999999999
0.1073
0.10790000000000001
0.0
0.0
0.0012
0.0
0.0028
0.0402
0.040400000000000005
0.0214
0.0301
1.5951
1.2128
0.8481000000000001
0.9015
1.9581
4.0078
4.02
2.0181
1.4921
2.3991
0.5224
0.4597
0.4263
0.3688
0.3432
0.3103
0.2663
0.274
0.2852
0.2843
0.2758
0.2597
0.2346
0.21989999999999998
0.2235
0.2273
0.2944
0.4238
1.1435
0.9248000000000001
0.6072
0.554
0.5106999999999999
1.0044
0.16699999999999998
0.1612
0.16160000000000002
0.15589999999999998
0.16
0.17880000000000001
0.2189
0.3444
0.35229999999999995
0.3265
0.297
0.2999
0.277
1.5574
0.5119
0.31220000000000003
0.2829
0.7001999999999999
0.26139999999999997
0.25160000000000005
0.4303
0.3064
0.2819
0.19790000000000002
0.0999
0.1067
0.12
0.11069999999999999
0.10819999999999999
0.1307
0.2728
0.3331
0.3516
0.32720000000000005
0.2474
0.2218
0.22399999999999998
0.2542
0.6023
0.24830000000000002
0.2852
0.1211
1.2268000000000001
1.4575
0.3193
0.6165
0.5103
0.0658
1.3785
0.2049
0.199
0.2385
0.28059999999999996
0.3501
0.6304000000000001
0.8546
0.8009999999999999
0.6819
0.5905
0.5339
0.49229999999999996
0.4934
1.1261
0.6873
0.6053000000000001
0.36929999999999996
0.3136
0.2881
0.2511
0.5799000000000001
1.0653000000000001
0.5307999999999999
9.901399999999999
7.2595
8.488299999999999
5.6848
0.2954
0.1745
1.5374999999999999
1.8264
0.2112
0.2965
0.3018
0.3779
0.3623
0.2969
0.2777
0.2606
0.34309999999999996
0.37629999999999997
0.38580000000000003
0.3367
0.2834
0.2821
0.254
2.9571
0.06820000000000001
0.09609999999999999
0.09620000000000001
0.09670000000000001
0.1037
0.20550000000000002
0.297
0.31010000000000004
0.4982
0.0521
0.0779
0.0791
0.07930000000000001
0.054
0.0401
0.0133
0.0297
0.0257
0.2928
0.0234
0.0625
0.0138
0.0
0.0
10.8896
7.831200000000001
7.5045
1.4092
0.43810000000000004
0.1723
0.1527
0.0871
0.10200000000000001
0.0791
0.0487
0.0005
0.2798
0.3732
0.1693
0.7042
0.337
0.2363
0.2117
0.2344
0.18359999999999999
0.1698
0.1199
0.0122
0.34240000000000004
0.33609999999999995
0.3175
0.3094
0.28400000000000003
0.2662
0.2386
0.9542
0.6826
0.5448999999999999
0.4861
0.4281
0.2895
0.2519
0.25329999999999997
0.3267
0.8235
0.828
0.7174
0.5284
0.48219999999999996
0.3853
0.3183
0.32420000000000004
2.1109999999999998
2.7576
1.0754
0.2425
0.2228
0.24670000000000003
0.3004
0.32399999999999995
0.3556
0.3909
0.4586
0.7114
0.3607
0.2922
0.29059999999999997
0.2875
0.4128
0.6973
0.2654
0.21389999999999998
0.1476
0.3022
2.1357
1.3739
0.0999
0.1067
0.12
0.11069999999999999
0.10819999999999999
0.1307
0.2728
0.3331
0.3516
0.32720000000000005
0.2474
0.2218
0.22399999999999998
0.2542
0.6023
0.24830000000000002
0.2852
0.1211
1.2268000000000001
1.4575
0.3193
0.6165
0.5103
0.0658
1.3785
0.2049
0.199
0.2385
0.28059999999999996
0.3501
0.6304000000000001
0.8546
0.8009999999999999
0.6819
0.5905
0.5339
0.49229999999999996
0.4934
1.1261
0.6873
0.6053000000000001
0.36929999999999996
0.3136
0.2881
0.2511
0.5799000000000001
1.0653000000000001
0.5307999999999999
9.901399999999999
7.2595
8.488299999999999
5.6848
0.2954
0.1745
1.5374999999999999
1.8264
0.2112
0.2965
0.3018
0.3779
0.3623
0.2969
0.2777
0.2606
0.34309999999999996
0.37629999999999997
0.38580000000000003
0.3367
0.2834
0.2821
0.254
2.9571
0.06820000000000001
0.09609999999999999
0.09620000000000001
0.09670000000000001
0.1037
0.20550000000000002
0.297
0.31010000000000004
0.4982
0.0521
0.0779
0.0791
0.07930000000000001
0.054
0.0401
0.0133
0.0297
0.0257
0.2928
0.0234
0.0625
0.0138
0.0
0.0
10.8896
7.831200000000001
7.5045
1.4092
0.43810000000000004
0.1723
0.1527
0.0871
0.10200000000000001
0.0791
0.0487
0.0005
0.2798
0.3732
0.1693
0.7042
0.337
0.2363
0.2117
0.2344
0.18359999999999999
0.1698
0.1199
0.0122
0.34240000000000004
0.33609999999999995
0.3175
0.3094
0.28400000000000003
0.2662
0.2386
0.9542
0.6826
0.5448999999999999
0.4861
0.4281
0.2895
0.2519
0.25329999999999997
0.3267
0.8235
0.828
0.7174
0.5284
0.48219999999999996
0.3853
0.3183
0.32420000000000004
2.1109999999999998
2.7576
1.0754
0.2425
0.2228
0.24670000000000003
0.3004
0.32399999999999995
0.3556
0.3909
0.4586
0.7114
0.3607
0.2922
0.29059999999999997
0.2875
0.4128
0.6973
0.2654
0.21389999999999998
0.1476
0.3022
2.1357
1.3739
0.0999
0.1067
0.12
0.11069999999999999
0.10819999999999999
0.1307
0.2728
0.3331
0.3516
0.32720000000000005
0.2474
0.2218
0.22399999999999998
0.2542
0.6023
0.24830000000000002
0.2852
0.1211
1.2268000000000001
1.4575
0.3193
0.6165
0.5103
0.0658
1.3785
0.2049
0.199
0.2385
0.28059999999999996
0.3501
0.6304000000000001
0.8546
0.8009999999999999
0.6819
0.5905
0.5339
0.49229999999999996
0.4934
1.1261
0.6873
0.6053000000000001
0.36929999999999996
0.3136
0.2881
0.2511
0.5799000000000001
1.0653000000000001
0.5307999999999999
9.901399999999999
7.2595
8.488299999999999
5.6848
0.2954
0.1745
1.5374999999999999
1.8264
0.2112
0.2965
0.3018
0.3779
0.3623
0.2969
0.2777
0.2606
0.34309999999999996
0.37629999999999997
0.38580000000000003
0.3367
0.2834
0.2821
0.254
2.9571
0.06820000000000001
0.09609999999999999
0.09620000000000001
0.09670000000000001
0.1037
0.20550000000000002
0.297
0.31010000000000004
0.4982
0.0521
0.0779
0.0791
0.07930000000000001
0.054
0.0401
0.0133
0.0297
0.0257
0.2928
0.0234
0.0625
0.0138
0.0
0.0
10.8896
7.831200000000001
7.5045
1.4092
0.43810000000000004
0.1723
0.1527
0.0871
0.10200000000000001
0.0791
0.0487
0.0005
0.2798
0.3732
0.1693
0.7042
0.337
0.2363
0.2117
0.2344
0.18359999999999999
0.1698
0.1199
0.0122
0.34240000000000004
0.33609999999999995
0.3175
0.3094
0.28400000000000003
0.2662
0.2386
0.9542
0.6826
0.5448999999999999
0.4861
0.4281
0.2895
0.2519
0.25329999999999997
0.3267
0.8235
0.828
0.7174
0.5284
0.48219999999999996
0.3853
0.3183
0.32420000000000004
2.1109999999999998
2.7576
1.0754
0.2425
0.2228
0.24670000000000003
0.3004
0.32399999999999995
0.3556
0.3909
0.4586
0.7114
0.3607
0.2922
0.29059999999999997
0.2875
0.4128
0.6973
0.2654
0.21389999999999998
0.1476
0.3022
2.1357
1.3739
0.0999
0.1067
0.12
0.11069999999999999
0.10819999999999999
0.1307
0.2728
0.3331
0.3516
0.32720000000000005
0.2474
0.2218
0.22399999999999998
0.2542
0.6023
0.24830000000000002
0.2852
0.1211
1.2268000000000001
1.4575
0.3193
0.6165
0.5103
0.0658
1.3785
0.2049
0.199
0.2385
0.28059999999999996
0.3501
0.6304000000000001
0.8546
0.8009999999999999
0.6819
0.5905
0.5339
0.49229999999999996
0.4934
1.1261
0.6873
0.6053000000000001
0.36929999999999996
0.3136
0.2881
0.2511
0.5799000000000001
1.0653000000000001
0.5307999999999999
9.901399999999999
7.2595
8.488299999999999
5.6848
0.2954
0.1745
1.5374999999999999
1.8264
0.2112
0.2965
0.3018
0.3779
0.3623
0.2969
0.2777
0.2606
0.34309999999999996
0.37629999999999997
0.38580000000000003
0.3367
0.2834
0.2821
0.254
2.9571
0.06820000000000001
0.09609999999999999
0.09620000000000001
0.09670000000000001
0.1037
0.20550000000000002
0.297
0.31010000000000004
0.4982
0.0521
0.0779
0.0791
0.07930000000000001
0.054
0.0401
0.0133
0.0297
0.0257
0.2928
0.0234
0.0625
0.0138
0.0
0.0
10.8896
7.831200000000001
7.5045
1.4092
0.43810000000000004
0.1723
0.1527
0.0871
0.10200000000000001
0.0791
0.0487
0.0005
0.2798
0.3732
0.1693
0.7042
0.337
0.2363
0.2117
0.2344
0.18359999999999999
0.1698
0.1199
0.0122
0.34240000000000004
0.33609999999999995
0.3175
0.3094
0.28400000000000003
0.2662
0.2386
0.9542
0.6826
0.5448999999999999
0.4861
0.4281
0.2895
0.2519
0.25329999999999997
0.3267
0.8235
0.828
0.7174
0.5284
0.48219999999999996
0.3853
0.3183
0.32420000000000004
2.1109999999999998
2.7576
1.0754
0.2425
0.2228
0.24670000000000003
0.3004
0.32399999999999995
0.3556
0.3909
0.4586
0.7114
0.3607
0.2922
0.29059999999999997
0.2875
0.4128
0.6973
0.2654
0.21389999999999998
0.1476
0.3022
2.1357
1.3739
0.0999
0.1067
0.12
0.11069999999999999
0.10819999999999999
0.1307
0.2728
0.3331
0.3516
0.32720000000000005
0.2474
0.2218
0.22399999999999998
0.2542
0.6023
0.24830000000000002
0.2852
0.1211
1.2268000000000001
1.4575
0.3193
0.6165
0.5103
0.0658
1.3785
0.2049
0.199
0.2385
0.28059999999999996
0.3501
0.6304000000000001
0.8546
0.8009999999999999
0.6819
0.5905
0.5339
0.49229999999999996
0.4934
1.1261
0.6873
0.6053000000000001
0.36929999999999996
0.3136
0.2881
0.2511
0.5799000000000001
1.0653000000000001
0.5307999999999999
9.901399999999999
7.2595
8.488299999999999
5.6848
0.2954
0.1745
1.5374999999999999
1.8264
0.2112
0.2965
0.3018
0.3779
0.3623
0.2969
0.2777
0.2606
0.34309999999999996
0.37629999999999997
0.38580000000000003
0.3367
0.2834
0.2821
0.254
2.9571
2.9596
2.9549000000000003
2.0225999999999997
4.2118
3.9785000000000004
4.176
1.4834
0.484
0.1838
0.129
0.1856
0.207
0.12129999999999999
0.1601
0.1921
0.8411
0.1767
0.2566
0.239
0.2662
0.1918
0.0
2.0547
5.2587
0.489
0.3944
1.5889
1.4042
0.3646
0.3539
2.8933999999999997
0.3336
0.30200000000000005
0.33020000000000005
0.3432
0.34309999999999996
0.35550000000000004
0.3014
0.3919
0.5724
0.4271
0.9074
2.4986
1.4315
0.5526
0.27
0.22399999999999998
0.23470000000000002
0.7031000000000001
0.7178
0.6817
0.6244000000000001
0.6189
0.5730999999999999
0.5703
0.7469
0.6094999999999999
0.6299
0.6728000000000001
0.8017
0.6782
0.6369
0.6449
0.9682
0.7753
0.8128
0.8993
1.3025000000000002
1.0547
0.7835
0.7618
1.4445999999999999
0.0413
0.0177
0.0179
0.0003
0.0
0.002
0.0053
0.0
0.0
0.0
0.0154
0.2071
0.17520000000000002
0.1296
1.8191
0.07819999999999999
0.3024
1.4851
0.1743
1.1702
0.2656
0.378
0.37770000000000004
0.15639999999999998
0.7558
0.9511000000000001
0.9274
0.8936
0.472
0.1797
0.2545
0.2932
0.3236
0.3529
0.4586
0.8275
0.6205
0.4712
0.4797
0.4087
0.4027
0.443
2.0226
1.9781
1.1763
0.47450000000000003
0.38039999999999996
0.9242
0.9726999999999999
0.265
0.1977
0.14479999999999998
0.1167
0.10389999999999999
0.0954
0.2737
0.2687
0.0913
0.025
0.0208
0.017599999999999998
0.021400000000000002
0.0208
0.0035
0.2397
0.6736
0.3511
0.5244
0.7978000000000001
0.7030000000000001
0.4182
2.8537999999999997
1.653
1.9726
1.9609
1.8296999999999999
1.5451000000000001
0.7554000000000001
0.4632
0.5762
0.4319
0.36129999999999995
0.404
0.5416
1.2147999999999999
2.047
1.9068
1.5735000000000001
1.9788
2.4859
2.9463999999999997
3.2339
3.966
5.4687
4.6321
3.7934
2.9596
2.9549000000000003
2.0225999999999997
4.2118
3.9785000000000004
4.176
1.4834
0.484
0.1838
0.129
0.1856
0.207
0.12129999999999999
0.1601
0.1921
0.8411
0.1767
0.2566
0.239
0.2662
0.1918
0.0
2.0547
5.2587
0.489
0.3944
1.5889
1.4042
0.3646
0.3539
2.8933999999999997
0.3336
0.30200000000000005
0.33020000000000005
0.3432
0.34309999999999996
0.35550000000000004
0.3014
0.3919
0.5724
0.4271
0.9074
2.4986
1.4315
0.5526
0.27
0.22399999999999998
0.23470000000000002
0.7031000000000001
0.7178
0.6817
0.6244000000000001
0.6189
0.5730999999999999
0.5703
0.7469
0.6094999999999999
0.6299
0.6728000000000001
0.8017
0.6782
0.6369
0.6449
0.9682
0.7753
0.8128
0.8993
1.3025000000000002
1.0547
0.7835
0.7618
1.4445999999999999
0.0413
0.0177
0.0179
0.0003
0.0
0.002
0.0053
0.0
0.0
0.0
0.0154
0.2071
0.17520000000000002
0.1296
1.8191
0.07819999999999999
0.3024
1.4851
0.1743
1.1702
0.2656
0.378
0.37770000000000004
0.15639999999999998
0.7558
0.9511000000000001
0.9274
0.8936
0.472
0.1797
0.2545
0.2932
0.3236
0.3529
0.4586
0.8275
0.6205
0.4712
0.4797
0.4087
0.4027
0.443
2.0226
1.9781
1.1763
0.47450000000000003
0.38039999999999996
0.9242
0.9726999999999999
0.265
0.1977
0.14479999999999998
0.1167
0.10389999999999999
0.0954
0.2737
0.2687
0.0913
0.025
0.0208
0.017599999999999998
0.021400000000000002
0.0208
0.0035
0.2397
0.6736
0.3511
0.5244
0.7978000000000001
0.7030000000000001
0.4182
2.8537999999999997
1.653
1.9726
1.9609
1.8296999999999999
1.5451000000000001
0.7554000000000001
0.4632
0.5762
0.4319
0.36129999999999995
0.404
0.5416
1.2147999999999999
2.047
1.9068
1.5735000000000001
1.9788
2.4859
2.9463999999999997
3.2339
3.966
5.4687
4.6321
3.7934
2.9596
2.9549000000000003
2.0225999999999997
4.2118
3.9785000000000004
4.176
1.4834
0.484
0.1838
0.129
0.1856
0.207
0.12129999999999999
0.1601
0.1921
0.8411
0.1767
0.2566
0.239
0.2662
0.1918
0.0
2.0547
5.2587
0.489
0.3944
1.5889
1.4042
0.3646
0.3539
2.8933999999999997
0.3336
0.30200000000000005
0.33020000000000005
0.3432
0.34309999999999996
0.35550000000000004
0.3014
0.3919
0.5724
0.4271
0.9074
2.4986
1.4315
0.5526
0.27
0.22399999999999998
0.23470000000000002
0.7031000000000001
0.7178
0.6817
0.6244000000000001
0.6189
0.5730999999999999
0.5703
0.7469
0.6094999999999999
0.6299
0.6728000000000001
0.8017
0.6782
0.6369
0.6449
0.9682
0.7753
0.8128
0.8993
1.3025000000000002
1.0547
0.7835
0.7618
1.4445999999999999
0.0413
0.0177
0.0179
0.0003
0.0
0.002
0.0053
0.0
0.0
0.0
0.0154
0.2071
0.17520000000000002
0.1296
1.8191
0.07819999999999999
0.3024
1.4851
0.1743
1.1702
0.2656
0.378
0.37770000000000004
0.15639999999999998
0.7558
0.9511000000000001
0.9274
0.8936
0.472
0.1797
0.2545
0.2932
0.3236
0.3529
0.4586
0.8275
0.6205
0.4712
0.4797
0.4087
0.4027
0.443
2.0226
1.9781
1.1763
0.47450000000000003
0.38039999999999996
0.9242
0.9726999999999999
0.265
0.1977
0.14479999999999998
0.1167
0.10389999999999999
0.0954
0.2737
0.2687
0.0913
0.025
0.0208
0.017599999999999998
0.021400000000000002
0.0208
0.0035
0.2397
0.6736
0.3511
0.5244
0.7978000000000001
0.7030000000000001
0.4182
2.8537999999999997
1.653
1.9726
1.9609
1.8296999999999999
1.5451000000000001
0.7554000000000001
0.4632
0.5762
0.4319
0.36129999999999995
0.404
0.5416
1.2147999999999999
2.047
1.9068
1.5735000000000001
1.9788
2.4859
2.9463999999999997
3.2339
3.966
5.4687
4.6321
3.7934
2.9596
2.9549000000000003
2.0225999999999997
4.2118
3.9785000000000004
4.176
1.4834
0.484
0.1838
0.129
0.1856
0.207
0.12129999999999999
0.1601
0.1921
0.8411
0.1767
0.2566
0.239
0.2662
0.1918
0.0
2.0547
5.2587
0.489
0.3944
1.5889
1.4042
0.3646
0.3539
2.8933999999999997
0.3336
0.30200000000000005
0.33020000000000005
0.3432
0.34309999999999996
0.35550000000000004
0.3014
0.3919
0.5724
0.4271
0.9074
2.4986
1.4315
0.5526
0.27
0.22399999999999998
0.23470000000000002
0.7031000000000001
0.7178
0.6817
0.6244000000000001
0.6189
0.5730999999999999
0.5703
0.7469
0.6094999999999999
0.6299
0.6728000000000001
0.8017
0.6782
0.6369
0.6449
0.9682
0.7753
0.8128
0.8993
1.3025000000000002
1.0547
0.7835
0.7618
1.4445999999999999
0.0413
0.0177
0.0179
0.0003
0.0
0.002
0.0053
0.0
0.0
0.0
0.0154
0.2071
0.17520000000000002
0.1296
1.8191
0.07819999999999999
0.3024
1.4851
0.1743
1.1702
0.2656
0.378
0.37770000000000004
0.15639999999999998
0.7558
0.9511000000000001
0.9274
0.8936
0.472
0.1797
0.2545
0.2932
0.3236
0.3529
0.4586
0.8275
0.6205
0.4712
0.4797
0.4087
0.4027
0.443
2.0226
1.9781
1.1763
0.47450000000000003
0.38039999999999996
0.9242
0.9726999999999999
0.265
0.1977
0.14479999999999998
0.1167
0.10389999999999999
0.0954
0.2737
0.2687
0.0913
0.025
0.0208
0.017599999999999998
0.021400000000000002
0.0208
0.0035
0.2397
0.6736
0.3511
0.5244
0.7978000000000001
0.7030000000000001
0.4182
2.8537999999999997
1.653
1.9726
1.9609
1.8296999999999999
1.5451000000000001
0.7554000000000001
0.4632
0.5762
0.4319
0.36129999999999995
0.404
0.5416
1.2147999999999999
2.047
1.9068
1.5735000000000001
1.9788
2.4859
2.9463999999999997
3.2339
3.966
5.4687
4.6321
3.7934
2.9596
2.9549000000000003
2.0225999999999997
4.2118
3.9785000000000004
4.176
1.4834
0.484
0.1838
0.129
0.1856
0.207
0.12129999999999999
0.1601
0.1921
0.8411
0.1767
0.2566
0.239
0.2662
0.1918
0.0
2.0547
5.2587
0.489
0.3944
1.5889
1.4042
0.3646
0.3539
2.8933999999999997
0.3336
0.30200000000000005
0.33020000000000005
0.3432
0.34309999999999996
0.35550000000000004
0.3014
0.3919
0.5724
0.4271
0.9074
2.4986
1.4315
0.5526
0.27
0.22399999999999998
0.23470000000000002
6.2751
6.2593
4.1075
0.2581
0.2197
0.2291
0.2901
0.39480000000000004
0.724
1.0765
1.4508
0.9832000000000001
0.4466
0.40149999999999997
0.5606
1.8462999999999998
0.7331000000000001
0.8573
1.071
1.0565
0.7006
0.4557
0.48
6.135400000000001
0.5161
0.2783
0.06870000000000001
0.0484
0.0426
0.052199999999999996
0.10919999999999999
0.1231
0.1267
0.1166
0.12340000000000001
0.1906
0.21100000000000002
0.24
0.2671
0.3624
2.6642
0.2304
0.22899999999999998
0.1799
0.0394
0.0064
0.0031
0.874
0.4233
0.4452
0.44179999999999997
0.4367
0.4425
0.491
0.5482
0.6206
0.5341
0.4689
0.4289
0.4235
0.4155
0.39949999999999997
0.42769999999999997
0.44220000000000004
2.4442
1.0233
0.9249
0.9989000000000001
0.7415
0.5356000000000001
0.5330999999999999
2.5493
0.1666
0.16299999999999998
0.15589999999999998
0.1572
0.1566
0.163
0.1818
0.1963
0.1849
0.2259
0.2366
0.2666
0.2751
0.27790000000000004
0.28359999999999996
0.2666
0.1862
0.9705
1.1240999999999999
0.2763
0.2976
0.21810000000000002
0.1593
0.15339999999999998
2.0194
2.3933
2.4362
2.6917
2.6834
2.7218
3.5507
1.0491
0.35660000000000003
0.397
0.4397
0.451
0.4666
0.5474
1.6232000000000002
0.7625
0.4929
0.45930000000000004
0.8640000000000001
1.3857
0.31179999999999997
0.4871
0.5281
2.8353
0.10370000000000001
0.12380000000000001
0.1693
0.16670000000000001
0.1749
0.2226
0.7621
0.616
0.7002999999999999
0.3716
0.13540000000000002
0.037
0.0556
0.0884
0.07830000000000001
0.1419
0.16
1.6177000000000001
0.3827
0.2594
3.7572
2.7270000000000003
7.6131
1.3946
0.2802
0.3084
0.3127
0.28059999999999996
0.2851
0.2097
0.0345
1.3165
0.0
0.0
0.030199999999999998
0.0545
0.0659
0.0523
0.0167
0.0402
0.0269
0.8200999999999999
0.3597
0.2496
0.0784
0.0
0.0
0.0
6.2751
6.2593
4.1075
0.2581
0.2197
0.2291
0.2901
0.39480000000000004
0.724
1.0765
1.4508
0.9832000000000001
0.4466
0.40149999999999997
0.5606
1.8462999999999998
0.7331000000000001
0.8573
1.071
1.0565
0.7006
0.4557
0.48
6.135400000000001
0.5161
0.2783
0.06870000000000001
0.0484
0.0426
0.052199999999999996
0.10919999999999999
0.1231
0.1267
0.1166
0.12340000000000001
0.1906
0.21100000000000002
0.24
0.2671
0.3624
2.6642
0.2304
0.22899999999999998
0.1799
0.0394
0.0064
0.0031
0.874
0.4233
0.4452
0.44179999999999997
0.4367
0.4425
0.491
0.5482
0.6206
0.5341
0.4689
0.4289
0.4235
0.4155
0.39949999999999997
0.42769999999999997
0.44220000000000004
2.4442
1.0233
0.9249
0.9989000000000001
0.7415
0.5356000000000001
0.5330999999999999
2.5493
0.1666
0.16299999999999998
0.15589999999999998
0.1572
0.1566
0.163
0.1818
0.1963
0.1849
0.2259
0.2366
0.2666
0.2751
0.27790000000000004
0.28359999999999996
0.2666
0.1862
0.9705
1.1240999999999999
0.2763
0.2976
0.21810000000000002
0.1593
0.15339999999999998
2.0194
2.3933
2.4362
2.6917
2.6834
2.7218
3.5507
1.0491
0.35660000000000003
0.397
0.4397
0.451
0.4666
0.5474
1.6232000000000002
0.7625
0.4929
0.45930000000000004
0.8640000000000001
1.3857
0.31179999999999997
0.4871
0.5281
2.8353
0.10370000000000001
0.12380000000000001
0.1693
0.16670000000000001
0.1749
0.2226
0.7621
0.616
0.7002999999999999
0.3716
0.13540000000000002
0.037
0.0556
0.0884
0.07830000000000001
0.1419
0.16
1.6177000000000001
0.3827
0.2594
3.7572
2.7270000000000003
7.6131
1.3946
0.2802
0.3084
0.3127
0.28059999999999996
0.2851
0.2097
0.0345
1.3165
0.0
0.0
0.030199999999999998
0.0545
0.0659
0.0523
0.0167
0.0402
0.0269
0.8200999999999999
0.3597
0.2496
0.0784
0.0
0.0
0.0
6.2751
6.2593
4.1075
0.2581
0.2197
0.2291
0.2901
0.39480000000000004
0.724
1.0765
1.4508
0.9832000000000001
0.4466
0.40149999999999997
0.5606
1.8462999999999998
0.7331000000000001
0.8573
1.071
1.0565
0.7006
0.4557
0.48
6.135400000000001
0.5161
0.2783
0.06870000000000001
0.0484
0.0426
0.052199999999999996
0.10919999999999999
0.1231
0.1267
0.1166
0.12340000000000001
0.1906
0.21100000000000002
0.24
0.2671
0.3624
2.6642
0.2304
0.22899999999999998
0.1799
0.0394
0.0064
0.0031
0.874
0.4233
0.4452
0.44179999999999997
0.4367
0.4425
0.491
0.5482
0.6206
0.5341
0.4689
0.4289
0.4235
0.4155
0.39949999999999997
0.42769999999999997
0.44220000000000004
2.4442
1.0233
0.9249
0.9989000000000001
0.7415
0.5356000000000001
0.5330999999999999
2.5493
0.1666
0.16299999999999998
0.15589999999999998
0.1572
0.1566
0.163
0.1818
0.1963
0.1849
0.2259
0.2366
0.2666
0.2751
0.27790000000000004
0.28359999999999996
0.2666
0.1862
0.9705
1.1240999999999999
0.2763
0.2976
0.21810000000000002
0.1593
0.15339999999999998
2.0194
2.3933
2.4362
2.6917
2.6834
2.7218
3.5507
1.0491
0.35660000000000003
0.397
0.4397
0.451
0.4666
0.5474
1.6232000000000002
0.7625
0.4929
0.45930000000000004
0.8640000000000001
1.3857
0.31179999999999997
0.4871
0.5281
2.8353
0.10370000000000001
0.12380000000000001
0.1693
0.16670000000000001
0.1749
0.2226
0.7621
0.616
0.7002999999999999
0.3716
0.13540000000000002
0.037
0.0556
0.0884
0.07830000000000001
0.1419
0.16
1.6177000000000001
0.3827
0.2594
3.7572
2.7270000000000003
7.6131
1.3946
0.2802
0.3084
0.3127
0.28059999999999996
0.2851
0.2097
0.0345
1.3165
0.0
0.0
0.030199999999999998
0.0545
0.0659
0.0523
0.0167
0.0402
0.0269
0.8200999999999999
0.3597
0.2496
0.0784
0.0
0.0
0.0
6.2751
6.2593
4.1075
0.2581
0.2197
0.2291
0.2901
0.39480000000000004
0.724
1.0765
1.4508
0.9832000000000001
0.4466
0.40149999999999997
0.5606
1.8462999999999998
0.7331000000000001
0.8573
1.071
1.0565
0.7006
0.4557
0.48
6.135400000000001
0.5161
0.2783
0.06870000000000001
0.0484
0.0426
0.052199999999999996
0.10919999999999999
0.1231
0.1267
0.1166
0.12340000000000001
0.1906
0.21100000000000002
0.24
0.2671
0.3624
2.6642
0.2304
0.22899999999999998
0.1799
0.0394
0.0064
0.0031
0.874
0.4233
0.4452
0.44179999999999997
0.4367
0.4425
0.491
0.5482
0.6206
0.5341
0.4689
0.4289
0.4235
0.4155
0.39949999999999997
0.42769999999999997
0.44220000000000004
2.4442
1.0233
0.9249
0.9989000000000001
0.7415
0.5356000000000001
0.5330999999999999
2.5493
0.1666
0.16299999999999998
0.15589999999999998
0.1572
0.1566
0.163
0.1818
0.1963
0.1849
0.2259
0.2366
0.2666
0.2751
0.27790000000000004
0.28359999999999996
0.2666
0.1862
0.9705
1.1240999999999999
0.2763
0.2976
0.21810000000000002
0.1593
0.15339999999999998
2.0194
2.3933
2.4362
2.6917
2.6834
2.7218
3.5507
1.0491
0.35660000000000003
0.397
0.4397
0.451
0.4666
0.5474
1.6232000000000002
0.7625
0.4929
0.45930000000000004
0.8640000000000001
1.3857
0.31179999999999997
0.4871
0.5281
2.8353
0.10370000000000001
0.12380000000000001
0.1693
0.16670000000000001
0.1749
0.2226
0.7621
0.616
0.7002999999999999
0.3716
0.13540000000000002
0.037
0.0556
0.0884
0.07830000000000001
0.1419
0.16
1.6177000000000001
0.3827
0.2594
3.7572
2.7270000000000003
7.6131
1.3946
0.2802
0.3084
0.3127
0.28059999999999996
0.2851
0.2097
0.0345
1.3165
0.0
0.0
0.030199999999999998
0.0545
0.0659
0.0523
0.0167
0.0402
0.0269
0.8200999999999999
0.3597
0.2496
0.0784
0.0
0.0
0.0
6.2751
6.2593
4.1075
0.2581
0.2197
0.2291
0.2901
0.39480000000000004
0.724
1.0765
1.4508
0.9832000000000001
0.4466
0.40149999999999997
0.5606
1.8462999999999998
0.7331000000000001
0.8573
1.071
1.0565
0.7006
0.4557
0.48
6.135400000000001
0.5161
0.2783
0.06870000000000001
0.0484
0.0426
0.052199999999999996
0.10919999999999999
0.1231
0.1267
0.1166
0.12340000000000001
0.1906
0.21100000000000002
0.24
0.2671
0.3624
2.6642
0.2304
0.22899999999999998
0.1799
0.0394
0.0064
0.0031
0.874
0.4233
0.4452
0.44179999999999997
0.4367
0.4425
0.491
0.5482
0.6206
0.5341
0.4689
0.4289
0.4235
0.4155
0.39949999999999997
0.42769999999999997
0.44220000000000004
2.4442
1.0233
0.9249
0.9989000000000001
0.7415
0.5356000000000001
0.5330999999999999
2.5493
0.6149
0.5893999999999999
0.5680000000000001
0.4821
0.3503
0.3023
0.33
0.34830000000000005
0.28890000000000005
0.28159999999999996
0.27959999999999996
0.28200000000000003
0.5223
0.9149
0.6775
0.4579
0.4389
0.5258
0.7106
1.2092
0.5392
0.3426
0.3155
0.4552
0.4232
0.4397
0.43610000000000004
0.3503
1.2393
0.7384999999999999
1.3464
0.0835
0.21439999999999998
0.19419999999999998
0.19669999999999999
0.2136
0.2308
0.2323
0.30379999999999996
0.5575
0.28759999999999997
0.3522
1.2221
0.2558
0.021699999999999997
0.0431
0.0119
0.0060999999999999995
0.1121
0.0934
0.0911
0.0914
0.0928
0.10930000000000001
0.129
0.17570000000000002
0.1981
0.21860000000000002
0.2096
0.2013
0.203
0.2062
0.25539999999999996
0.452
0.6778
0.4959
0.2983
0.3498
0.3641
0.2464
0.11630000000000001
0.22710000000000002
0.2868
0.2902
0.285
0.2868
0.2882
0.301
0.3134
0.2829
0.27349999999999997
0.2676
0.2621
0.265
0.2746
0.2858
0.30410000000000004
0.2931
0.28
0.30720000000000003
0.2737
0.2686
0.26480000000000004
0.256
0.258
0.2652
0.32
0.29169999999999996
0.2783
0.274
0.27280000000000004
0.2823
0.3301
1.0045
0.6122
0.3594
0.2789
0.2344
0.2358
0.2439
0.2696
0.9496
0.4298
0.5923
0.6008
0.6859
0.5611999999999999
0.4697
0.5461
1.3058
0.186
0.1731
0.1623
0.1481
0.1489
0.18059999999999998
0.28900000000000003
0.37060000000000004
0.3911
0.429
0.3984
0.3016
0.27790000000000004
0.24259999999999998
0.8889
0.3377
0.195
0.15710000000000002
0.14
0.2044
0.2889
0.16870000000000002
0.1162
0.14639999999999997
0.032100000000000004
0.032100000000000004
0.0327
0.0323
0.0345
0.0408
0.036000000000000004
0.0289
0.0254
0.0302
0.0276
0.0295
0.0315
0.033
0.032299999999999995
0.0342
0.0281
0.0403
0.0266
0.0312
0.0314
0.0239
0.0263
0.0349
0.6149
0.5893999999999999
0.5680000000000001
0.4821
0.3503
0.3023
0.33
0.34830000000000005
0.28890000000000005
0.28159999999999996
0.27959999999999996
0.28200000000000003
0.5223
0.9149
0.6775
0.4579
0.4389
0.5258
0.7106
1.2092
0.5392
0.3426
0.3155
0.4552
0.4232
0.4397
0.43610000000000004
0.3503
1.2393
0.7384999999999999
1.3464
0.0835
0.21439999999999998
0.19419999999999998
0.19669999999999999
0.2136
0.2308
0.2323
0.30379999999999996
0.5575
0.28759999999999997
0.3522
1.2221
0.2558
0.021699999999999997
0.0431
0.0119
0.0060999999999999995
0.1121
0.0934
0.0911
0.0914
0.0928
0.10930000000000001
0.129
0.17570000000000002
0.1981
0.21860000000000002
0.2096
0.2013
0.203
0.2062
0.25539999999999996
0.452
0.6778
0.4959
0.2983
0.3498
0.3641
0.2464
0.11630000000000001
0.22710000000000002
0.2868
0.2902
0.285
0.2868
0.2882
0.301
0.3134
0.2829
0.27349999999999997
0.2676
0.2621
0.265
0.2746
0.2858
0.30410000000000004
0.2931
0.28
0.30720000000000003
0.2737
0.2686
0.26480000000000004
0.256
0.258
0.2652
0.32
0.29169999999999996
0.2783
0.274
0.27280000000000004
0.2823
0.3301
1.0045
0.6122
0.3594
0.2789
0.2344
0.2358
0.2439
0.2696
0.9496
0.4298
0.5923
0.6008
0.6859
0.5611999999999999
0.4697
0.5461
1.3058
0.186
0.1731
0.1623
0.1481
0.1489
0.18059999999999998
0.28900000000000003
0.37060000000000004
0.3911
0.429
0.3984
0.3016
0.27790000000000004
0.24259999999999998
0.8889
0.3377
0.195
0.15710000000000002
0.14
0.2044
0.2889
0.16870000000000002
0.1162
0.14639999999999997
0.032100000000000004
0.032100000000000004
0.0327
0.0323
0.0345
0.0408
0.036000000000000004
0.0289
0.0254
0.0302
0.0276
0.0295
0.0315
0.033
0.032299999999999995
0.0342
0.0281
0.0403
0.0266
0.0312
0.0314
0.0239
0.0263
0.0349
0.6149
0.5893999999999999
0.5680000000000001
0.4821
0.3503
0.3023
0.33
0.34830000000000005
0.28890000000000005
0.28159999999999996
0.27959999999999996
0.28200000000000003
0.5223
0.9149
0.6775
0.4579
0.4389
0.5258
0.7106
1.2092
0.5392
0.3426
0.3155
0.4552
0.4232
0.4397
0.43610000000000004
0.3503
1.2393
0.7384999999999999
1.3464
0.0835
0.21439999999999998
0.19419999999999998
0.19669999999999999
0.2136
0.2308
0.2323
0.30379999999999996
0.5575
0.28759999999999997
0.3522
1.2221
0.2558
0.021699999999999997
0.0431
0.0119
0.0060999999999999995
0.1121
0.0934
0.0911
0.0914
0.0928
0.10930000000000001
0.129
0.17570000000000002
0.1981
0.21860000000000002
0.2096
0.2013
0.203
0.2062
0.25539999999999996
0.452
0.6778
0.4959
0.2983
0.3498
0.3641
0.2464
0.11630000000000001
0.22710000000000002
0.2868
0.2902
0.285
0.2868
0.2882
0.301
0.3134
0.2829
0.27349999999999997
0.2676
0.2621
0.265
0.2746
0.2858
0.30410000000000004
0.2931
0.28
0.30720000000000003
0.2737
0.2686
0.26480000000000004
0.256
0.258
0.2652
0.32
0.29169999999999996
0.2783
0.274
0.27280000000000004
0.2823
0.3301
1.0045
0.6122
0.3594
0.2789
0.2344
0.2358
0.2439
0.2696
0.9496
0.4298
0.5923
0.6008
0.6859
0.5611999999999999
0.4697
0.5461
1.3058
0.186
0.1731
0.1623
0.1481
0.1489
0.18059999999999998
0.28900000000000003
0.37060000000000004
0.3911
0.429
0.3984
0.3016
0.27790000000000004
0.24259999999999998
0.8889
0.3377
0.195
0.15710000000000002
0.14
0.2044
0.2889
0.16870000000000002
0.1162
0.14639999999999997
0.032100000000000004
0.032100000000000004
0.0327
0.0323
0.0345
0.0408
0.036000000000000004
0.0289
0.0254
0.0302
0.0276
0.0295
0.0315
0.033
0.032299999999999995
0.0342
0.0281
0.0403
0.0266
0.0312
0.0314
0.0239
0.0263
0.0349
0.6149
0.5893999999999999
0.5680000000000001
0.4821
0.3503
0.3023
0.33
0.34830000000000005
0.28890000000000005
0.28159999999999996
0.27959999999999996
0.28200000000000003
0.5223
0.9149
0.6775
0.4579
0.4389
0.5258
0.7106
1.2092
0.5392
0.3426
0.3155
0.4552
0.4232
0.4397
0.43610000000000004
0.3503
1.2393
0.7384999999999999
1.3464
0.0835
0.21439999999999998
0.19419999999999998
0.19669999999999999
0.2136
0.2308
0.2323
0.30379999999999996
0.5575
0.28759999999999997
0.3522
1.2221
0.2558
0.021699999999999997
0.0431
0.0119
0.0060999999999999995
0.1121
0.0934
0.0911
0.0914
0.0928
0.10930000000000001
0.129
0.17570000000000002
0.1981
0.21860000000000002
0.2096
0.2013
0.203
0.2062
0.25539999999999996
0.452
0.6778
0.4959
0.2983
0.3498
0.3641
0.2464
0.11630000000000001
0.22710000000000002
0.2868
0.2902
0.285
0.2868
0.2882
0.301
0.3134
0.2829
0.27349999999999997
0.2676
0.2621
0.265
0.2746
0.2858
0.30410000000000004
0.2931
0.28
0.30720000000000003
0.2737
0.2686
0.26480000000000004
0.256
0.258
0.2652
0.32
0.29169999999999996
0.2783
0.274
0.27280000000000004
0.2823
0.3301
1.0045
0.6122
0.3594
0.2789
0.2344
0.2358
0.2439
0.2696
0.9496
0.4298
0.5923
0.6008
0.6859
0.5611999999999999
0.4697
0.5461
1.3058
0.186
0.1731
0.1623
0.1481
0.1489
0.18059999999999998
0.28900000000000003
0.37060000000000004
0.3911
0.429
0.3984
0.3016
0.27790000000000004
0.24259999999999998
0.8889
0.3377
0.195
0.15710000000000002
0.14
0.2044
0.2889
0.16870000000000002
0.1162
0.14639999999999997
0.032100000000000004
0.032100000000000004
0.0327
0.0323
0.0345
0.0408
0.036000000000000004
0.0289
0.0254
0.0302
0.0276
0.0295
0.0315
0.033
0.032299999999999995
0.0342
0.0281
0.0403
0.0266
0.0312
0.0314
0.0239
0.0263
0.0349
0.6149
0.5893999999999999
0.5680000000000001
0.4821
0.3503
0.3023
0.33
0.34830000000000005
0.28890000000000005
0.28159999999999996
0.27959999999999996
0.28200000000000003
0.5223
0.9149
0.6775
0.4579
0.4389
0.5258
0.7106
1.2092
0.5392
0.3426
0.3155
0.4552
0.4232
0.4397
0.43610000000000004
0.3503
1.2393
0.7384999999999999
1.3464
0.0835
0.21439999999999998
0.19419999999999998
0.19669999999999999
0.2136
0.2308
0.2323
0.30379999999999996
0.5575
0.28759999999999997
0.3522
1.2221
0.2558
0.021699999999999997
0.0431
0.0119
0.0060999999999999995
0.1121
0.0934
0.0911
0.0914
0.0928
0.10930000000000001
0.129
0.17570000000000002
0.1981
0.21860000000000002
0.2096
0.2013
0.203
0.2062
0.25539999999999996
0.452
0.6778
0.4959
0.2983
0.3498
0.3641
0.2464
0.11630000000000001
0.22710000000000002
2.3828
0.14029999999999998
0.1538
0.1371
0.1467
0.18059999999999998
0.21889999999999998
0.2894
0.35550000000000004
0.4496
0.4818
0.5133
0.3933
0.3391
0.31579999999999997
0.2943
1.0549
0.3224
0.2569
0.21050000000000002
0.1562
0.30569999999999997
1.5791
1.9859999999999998
2.2477
0.3611
0.38039999999999996
0.3356
0.29779999999999995
0.3159
0.3459
0.4097
0.5766
0.6951
0.7596
0.5094000000000001
0.3281
0.3008
0.3113
0.3668
0.5174
0.776
0.6738
0.6315
0.6495
0.6809000000000001
0.6963999999999999
3.8695
0.1749
0.15610000000000002
0.1488
0.14129999999999998
0.1523
0.1866
0.2613
0.3809
0.4889
0.5186
0.6185
1.0802
1.6092
2.5145
1.017
0.3907
0.3329
1.0636
0.3285
0.2771
0.6139
0.3627
0.6506000000000001
0.2402
0.5186
0.5206999999999999
0.5353
0.5317
0.5191
0.396
0.1997
1.2225
0.015
0.0744
0.11929999999999999
0.1321
0.1058
0.1058
0.0746
0.07269999999999999
0.0464
0.8792
0.0335
0.6275999999999999
0.4566
0.478
0.8053
0.6216
5.6527
5.970000000000001
6.201700000000001
6.719799999999999
3.8021000000000003
0.1647
0.9987999999999999
0.5623
0.19569999999999999
1.1672
0.41540000000000005
0.1022
0.036199999999999996
0.0299
0.0
0.0128
0.0567
0.1679
0.34509999999999996
0.6117
1.049
0.7338
0.3889
3.4724
3.0613
4.0948
8.2808
1.7751000000000001
0.7649
0.7655000000000001
0.2403
0.6129
0.1766
0.1751
0.1309
0.0555
0.2415
0.2309
0.1521
0.1746
0.0791
0.060399999999999995
0.1608
0.30300000000000005
0.3291
0.31989999999999996
0.1507
0.011
0.0867
0.081
0.0874
0.0816
0.0739
0.31980000000000003
1.1318000000000001
0.5486
0.3327
1.3321
0.7338
0.0433
0.0669
0.0978
0.3598
0.4729
0.0
0.0135
0.015
0.0645
0.0871
0.153
0.1641
0.15339999999999998
2.3828
0.14029999999999998
0.1538
0.1371
0.1467
0.18059999999999998
0.21889999999999998
0.2894
0.35550000000000004
0.4496
0.4818
0.5133
0.3933
0.3391
0.31579999999999997
0.2943
1.0549
0.3224
0.2569
0.21050000000000002
0.1562
0.30569999999999997
1.5791
1.9859999999999998
2.2477
0.3611
0.38039999999999996
0.3356
0.29779999999999995
0.3159
0.3459
0.4097
0.5766
0.6951
0.7596
0.5094000000000001
0.3281
0.3008
0.3113
0.3668
0.5174
0.776
0.6738
0.6315
0.6495
0.6809000000000001
0.6963999999999999
3.8695
0.1749
0.15610000000000002
0.1488
0.14129999999999998
0.1523
0.1866
0.2613
0.3809
0.4889
0.5186
0.6185
1.0802
1.6092
2.5145
1.017
0.3907
0.3329
1.0636
0.3285
0.2771
0.6139
0.3627
0.6506000000000001
0.2402
0.5186
0.5206999999999999
0.5353
0.5317
0.5191
0.396
0.1997
1.2225
0.015
0.0744
0.11929999999999999
0.1321
0.1058
0.1058
0.0746
0.07269999999999999
0.0464
0.8792
0.0335
0.6275999999999999
0.4566
0.478
0.8053
0.6216
5.6527
5.970000000000001
6.201700000000001
6.719799999999999
3.8021000000000003
0.1647
0.9987999999999999
0.5623
0.19569999999999999
1.1672
0.41540000000000005
0.1022
0.036199999999999996
0.0299
0.0
0.0128
0.0567
0.1679
0.34509999999999996
0.6117
1.049
0.7338
0.3889
3.4724
3.0613
4.0948
8.2808
1.7751000000000001
0.7649
0.7655000000000001
0.2403
0.6129
0.1766
0.1751
0.1309
0.0555
0.2415
0.2309
0.1521
0.1746
0.0791
0.060399999999999995
0.1608
0.30300000000000005
0.3291
0.31989999999999996
0.1507
0.011
0.0867
0.081
0.0874
0.0816
0.0739
0.31980000000000003
1.1318000000000001
0.5486
0.3327
1.3321
0.7338
0.0433
0.0669
0.0978
0.3598
0.4729
0.0
0.0135
0.015
0.0645
0.0871
0.153
0.1641
0.15339999999999998
2.3828
0.14029999999999998
0.1538
0.1371
0.1467
0.18059999999999998
0.21889999999999998
0.2894
0.35550000000000004
0.4496
0.4818
0.5133
0.3933
0.3391
0.31579999999999997
0.2943
1.0549
0.3224
0.2569
0.21050000000000002
0.1562
0.30569999999999997
1.5791
1.9859999999999998
2.2477
0.3611
0.38039999999999996
0.3356
0.29779999999999995
0.3159
0.3459
0.4097
0.5766
0.6951
0.7596
0.5094000000000001
0.3281
0.3008
0.3113
0.3668
0.5174
0.776
0.6738
0.6315
0.6495
0.6809000000000001
0.6963999999999999
3.8695
0.1749
0.15610000000000002
0.1488
0.14129999999999998
0.1523
0.1866
0.2613
0.3809
0.4889
0.5186
0.6185
1.0802
1.6092
2.5145
1.017
0.3907
0.3329
1.0636
0.3285
0.2771
0.6139
0.3627
0.6506000000000001
0.2402
0.5186
0.5206999999999999
0.5353
0.5317
0.5191
0.396
0.1997
1.2225
0.015
0.0744
0.11929999999999999
0.1321
0.1058
0.1058
0.0746
0.07269999999999999
0.0464
0.8792
0.0335
0.6275999999999999
0.4566
0.478
0.8053
0.6216
5.6527
5.970000000000001
6.201700000000001
6.719799999999999
3.8021000000000003
0.1647
0.9987999999999999
0.5623
0.19569999999999999
1.1672
0.41540000000000005
0.1022
0.036199999999999996
0.0299
0.0
0.0128
0.0567
0.1679
0.34509999999999996
0.6117
1.049
0.7338
0.3889
3.4724
3.0613
4.0948
8.2808
1.7751000000000001
0.7649
0.7655000000000001
0.2403
0.6129
0.1766
0.1751
0.1309
0.0555
0.2415
0.2309
0.1521
0.1746
0.0791
0.060399999999999995
0.1608
0.30300000000000005
0.3291
0.31989999999999996
0.1507
0.011
0.0867
0.081
0.0874
0.0816
0.0739
0.31980000000000003
1.1318000000000001
0.5486
0.3327
1.3321
0.7338
0.0433
0.0669
0.0978
0.3598
0.4729
0.0
0.0135
0.015
0.0645
0.0871
0.153
0.1641
0.15339999999999998
2.3828
0.14029999999999998
0.1538
0.1371
0.1467
0.18059999999999998
0.21889999999999998
0.2894
0.35550000000000004
0.4496
0.4818
0.5133
0.3933
0.3391
0.31579999999999997
0.2943
1.0549
0.3224
0.2569
0.21050000000000002
0.1562
0.30569999999999997
1.5791
1.9859999999999998
2.2477
0.3611
0.38039999999999996
0.3356
0.29779999999999995
0.3159
0.3459
0.4097
0.5766
0.6951
0.7596
0.5094000000000001
0.3281
0.3008
0.3113
0.3668
0.5174
0.776
0.6738
0.6315
0.6495
0.6809000000000001
0.6963999999999999
3.8695
0.1749
0.15610000000000002
0.1488
0.14129999999999998
0.1523
0.1866
0.2613
0.3809
0.4889
0.5186
0.6185
1.0802
1.6092
2.5145
1.017
0.3907
0.3329
1.0636
0.3285
0.2771
0.6139
0.3627
0.6506000000000001
0.2402
0.5186
0.5206999999999999
0.5353
0.5317
0.5191
0.396
0.1997
1.2225
0.015
0.0744
0.11929999999999999
0.1321
0.1058
0.1058
0.0746
0.07269999999999999
0.0464
0.8792
0.0335
0.6275999999999999
0.4566
0.478
0.8053
0.6216
5.6527
5.970000000000001
6.201700000000001
6.719799999999999
3.8021000000000003
0.1647
0.9987999999999999
0.5623
0.19569999999999999
1.1672
0.41540000000000005
0.1022
0.036199999999999996
0.0299
0.0
0.0128
0.0567
0.1679
0.34509999999999996
0.6117
1.049
0.7338
0.3889
3.4724
3.0613
4.0948
8.2808
1.7751000000000001
0.7649
0.7655000000000001
0.2403
0.6129
0.1766
0.1751
0.1309
0.0555
0.2415
0.2309
0.1521
0.1746
0.0791
0.060399999999999995
0.1608
0.30300000000000005
0.3291
0.31989999999999996
0.1507
0.011
0.0867
0.081
0.0874
0.0816
0.0739
0.31980000000000003
1.1318000000000001
0.5486
0.3327
1.3321
0.7338
0.0433
0.0669
0.0978
0.3598
0.4729
0.0
0.0135
0.015
0.0645
0.0871
0.153
0.1641
0.15339999999999998
2.3828
0.14029999999999998
0.1538
0.1371
0.1467
0.18059999999999998
0.21889999999999998
0.2894
0.35550000000000004
0.4496
0.4818
0.5133
0.3933
0.3391
0.31579999999999997
0.2943
1.0549
0.3224
0.2569
0.21050000000000002
0.1562
0.30569999999999997
1.5791
1.9859999999999998
2.2477
0.3611
0.38039999999999996
0.3356
0.29779999999999995
0.3159
0.3459
0.4097
0.5766
0.6951
0.7596
0.5094000000000001
0.3281
0.3008
0.3113
0.3668
0.5174
0.776
0.6738
0.6315
0.6495
0.6809000000000001
0.6963999999999999
3.8695
1.6439
0.3732
0.33230000000000004
0.30069999999999997
0.3161
0.4178
0.5327999999999999
0.4115
0.31930000000000003
0.28769999999999996
0.2781
0.2825
0.3294
0.3607
0.7076
1.3282
0.7779
1.8714
1.8177
3.7609
4.0499
3.8295
3.4405
2.8886
0.229
0.1891
0.1707
0.1499
0.1451
0.1647
0.16849999999999998
0.1611
0.21960000000000002
0.2407
0.2831
0.392
0.5553
2.5716
2.5938
0.5284
1.0341
1.8047
0.9801
1.0324
1.0615999999999999
1.1375
0.864
0.534
0.39990000000000003
0.3987
0.45399999999999996
0.36140000000000005
0.3307
1.4449
1.9191
0.1117
0.2871
0.2344
0.2575
0.25529999999999997
0.25239999999999996
0.2445
0.25739999999999996
0.314
0.1804
0.19319999999999998
1.0243
1.1791
0.0
0.0
0.0042
0.0
10.115200000000002
9.8096
10.043700000000001
9.8172
2.8558
0.2802
0.4482
1.1458
1.4752
1.4594
1.7673999999999999
1.6266
1.8207
2.4012000000000002
2.8217999999999996
1.1152
0.613
0.5488999999999999
0.5065999999999999
0.4239
0.42279999999999995
0.4714
0.4455
3.5345
0.2584
0.25529999999999997
0.261
0.25570000000000004
0.25680000000000003
0.4544
1.058
0.5459
0.5372
0.3378
0.2094
0.1881
0.1982
0.1955
0.2015
0.3328
0.4233
1.8147
1.3358
2.3082000000000003
1.0457999999999998
0.2316
0.1659
0.2074
0.2102
0.18159999999999998
0.1748
0.173
0.1877
0.2244
0.3578
0.48560000000000003
0.5250999999999999
0.425
0.3403
0.3296
0.34909999999999997
0.368
0.4412
0.7575000000000001
0.7003999999999999
1.4308999999999998
1.5767
1.3218
1.383
0.8378
1.0588
1.5426
0.8351
4.5202
4.6072
0.29769999999999996
0.14150000000000001
0.5211
1.2359
0.23349999999999999
0.09870000000000001
0.0774
0.08560000000000001
0.07189999999999999
0.098
0.09770000000000001
0.1675
0.2101
0.3427
2.0508
4.661300000000001
4.4993
3.3773999999999997
1.1053
0.6584
0.5389999999999999
1.6439
0.3732
0.33230000000000004
0.30069999999999997
0.3161
0.4178
0.5327999999999999
0.4115
0.31930000000000003
0.28769999999999996
0.2781
0.2825
0.3294
0.3607
0.7076
1.3282
0.7779
1.8714
1.8177
3.7609
4.0499
3.8295
3.4405
2.8886
0.229
0.1891
0.1707
0.1499
0.1451
0.1647
0.16849999999999998
0.1611
0.21960000000000002
0.2407
0.2831
0.392
0.5553
2.5716
2.5938
0.5284
1.0341
1.8047
0.9801
1.0324
1.0615999999999999
1.1375
0.864
0.534
0.39990000000000003
0.3987
0.45399999999999996
0.36140000000000005
0.3307
1.4449
1.9191
0.1117
0.2871
0.2344
0.2575
0.25529999999999997
0.25239999999999996
0.2445
0.25739999999999996
0.314
0.1804
0.19319999999999998
1.0243
1.1791
0.0
0.0
0.0042
0.0
10.115200000000002
9.8096
10.043700000000001
9.8172
2.8558
0.2802
0.4482
1.1458
1.4752
1.4594
1.7673999999999999
1.6266
1.8207
2.4012000000000002
2.8217999999999996
1.1152
0.613
0.5488999999999999
0.5065999999999999
0.4239
0.42279999999999995
0.4714
0.4455
3.5345
0.2584
0.25529999999999997
0.261
0.25570000000000004
0.25680000000000003
0.4544
1.058
0.5459
0.5372
0.3378
0.2094
0.1881
0.1982
0.1955
0.2015
0.3328
0.4233
1.8147
1.3358
2.3082000000000003
1.0457999999999998
0.2316
0.1659
0.2074
0.2102
0.18159999999999998
0.1748
0.173
0.1877
0.2244
0.3578
0.48560000000000003
0.5250999999999999
0.425
0.3403
0.3296
0.34909999999999997
0.368
0.4412
0.7575000000000001
0.7003999999999999
1.4308999999999998
1.5767
1.3218
1.383
0.8378
1.0588
1.5426
0.8351
4.5202
4.6072
0.29769999999999996
0.14150000000000001
0.5211
1.2359
0.23349999999999999
0.09870000000000001
0.0774
0.08560000000000001
0.07189999999999999
0.098
0.09770000000000001
0.1675
0.2101
0.3427
2.0508
4.661300000000001
4.4993
3.3773999999999997
1.1053
0.6584
0.5389999999999999
1.6439
0.3732
0.33230000000000004
0.30069999999999997
0.3161
0.4178
0.5327999999999999
0.4115
0.31930000000000003
0.28769999999999996
0.2781
0.2825
0.3294
0.3607
0.7076
1.3282
0.7779
1.8714
1.8177
3.7609
4.0499
3.8295
3.4405
2.8886
0.229
0.1891
0.1707
0.1499
0.1451
0.1647
0.16849999999999998
0.1611
0.21960000000000002
0.2407
0.2831
0.392
0.5553
2.5716
2.5938
0.5284
1.0341
1.8047
0.9801
1.0324
1.0615999999999999
1.1375
0.864
0.534
0.39990000000000003
0.3987
0.45399999999999996
0.36140000000000005
0.3307
1.4449
1.9191
0.1117
0.2871
0.2344
0.2575
0.25529999999999997
0.25239999999999996
0.2445
0.25739999999999996
0.314
0.1804
0.19319999999999998
1.0243
1.1791
0.0
0.0
0.0042
0.0
10.115200000000002
9.8096
10.043700000000001
9.8172
2.8558
0.2802
0.4482
1.1458
1.4752
1.4594
1.7673999999999999
1.6266
1.8207
2.4012000000000002
2.8217999999999996
1.1152
0.613
0.5488999999999999
0.5065999999999999
0.4239
0.42279999999999995
0.4714
0.4455
3.5345
0.2584
0.25529999999999997
0.261
0.25570000000000004
0.25680000000000003
0.4544
1.058
0.5459
0.5372
0.3378
0.2094
0.1881
0.1982
0.1955
0.2015
0.3328
0.4233
1.8147
1.3358
2.3082000000000003
1.0457999999999998
0.2316
0.1659
0.2074
0.2102
0.18159999999999998
0.1748
0.173
0.1877
0.2244
0.3578
0.48560000000000003
0.5250999999999999
0.425
0.3403
0.3296
0.34909999999999997
0.368
0.4412
0.7575000000000001
0.7003999999999999
1.4308999999999998
1.5767
1.3218
1.383
0.8378
1.0588
1.5426
0.8351
4.5202
4.6072
0.29769999999999996
0.14150000000000001
0.5211
1.2359
0.23349999999999999
0.09870000000000001
0.0774
0.08560000000000001
0.07189999999999999
0.098
0.09770000000000001
0.1675
0.2101
0.3427
2.0508
4.661300000000001
4.4993
3.3773999999999997
1.1053
0.6584
0.5389999999999999
1.6439
0.3732
0.33230000000000004
0.30069999999999997
0.3161
0.4178
0.5327999999999999
0.4115
0.31930000000000003
0.28769999999999996
0.2781
0.2825
0.3294
0.3607
0.7076
1.3282
0.7779
1.8714
1.8177
3.7609
4.0499
3.8295
3.4405
2.8886
0.229
0.1891
0.1707
0.1499
0.1451
0.1647
0.16849999999999998
0.1611
0.21960000000000002
0.2407
0.2831
0.392
0.5553
2.5716
2.5938
0.5284
1.0341
1.8047
0.9801
1.0324
1.0615999999999999
1.1375
0.864
0.534
0.39990000000000003
0.3987
0.45399999999999996
0.36140000000000005
0.3307
1.4449
1.9191
0.1117
0.2871
0.2344
0.2575
0.25529999999999997
0.25239999999999996
0.2445
0.25739999999999996
0.314
0.1804
0.19319999999999998
1.0243
1.1791
0.0
0.0
0.0042
0.0
10.115200000000002
9.8096
10.043700000000001
9.8172
2.8558
0.2802
0.4482
1.1458
1.4752
1.4594
1.7673999999999999
1.6266
1.8207
2.4012000000000002
2.8217999999999996
1.1152
0.613
0.5488999999999999
0.5065999999999999
0.4239
0.42279999999999995
0.4714
0.4455
3.5345
0.2584
0.25529999999999997
0.261
0.25570000000000004
0.25680000000000003
0.4544
1.058
0.5459
0.5372
0.3378
0.2094
0.1881
0.1982
0.1955
0.2015
0.3328
0.4233
1.8147
1.3358
2.3082000000000003
1.0457999999999998
0.2316
0.1659
0.2074
0.2102
0.18159999999999998
0.1748
0.173
0.1877
0.2244
0.3578
0.48560000000000003
0.5250999999999999
0.425
0.3403
0.3296
0.34909999999999997
0.368
0.4412
0.7575000000000001
0.7003999999999999
1.4308999999999998
1.5767
1.3218
1.383
0.8378
1.0588
1.5426
0.8351
4.5202
4.6072
0.29769999999999996
0.14150000000000001
0.5211
1.2359
0.23349999999999999
0.09870000000000001
0.0774
0.08560000000000001
0.07189999999999999
0.098
0.09770000000000001
0.1675
0.2101
0.3427
2.0508
4.661300000000001
4.4993
3.3773999999999997
1.1053
0.6584
0.5389999999999999
1.6439
0.3732
0.33230000000000004
0.30069999999999997
0.3161
0.4178
0.5327999999999999
0.4115
0.31930000000000003
0.28769999999999996
0.2781
0.2825
0.3294
0.3607
0.7076
1.3282
0.7779
1.8714
1.8177
3.7609
4.0499
3.8295
3.4405
2.8886
0.229
0.1891
0.1707
0.1499
0.1451
0.1647
0.16849999999999998
0.1611
0.21960000000000002
0.2407
0.2831
0.392
0.5553
2.5716
2.5938
0.5284
1.0341
1.8047
0.9801
1.0324
1.0615999999999999
1.1375
0.864
0.534
0.39990000000000003
0.3987
0.45399999999999996
0.36140000000000005
0.3307
1.4449
1.9191
0.1117
0.2871
0.2344
0.2575
0.25529999999999997
0.25239999999999996
0.2445
0.25739999999999996
0.314
0.1804
0.19319999999999998
1.0243
1.1791
0.0
0.0
0.0042
0.0
6.515000000000001
7.5815
7.783099999999999
3.7929
0.1222
0.07139999999999999
0.2836
1.0964
0.3879
0.0965
0.0698
0.0435
0.0636
0.0469
0.0362
0.0016
0.0
0.0
0.0646
0.7799
1.4762
3.5702
3.9496
5.7935
0.9283
1.3007
1.3157999999999999
0.3544
0.3018
0.298
0.3588
0.4464
0.505
0.5184
0.5517000000000001
0.5754
0.6678999999999999
0.7818
0.9536
0.6913
0.6165
0.6127
1.8417
1.2292
0.9654
1.0345
1.1459
1.7247
12.4145
10.310400000000001
14.4899
8.5629
0.6688000000000001
0.4602
0.2626
0.0257
0.2346
2.3615
0.087
0.0027
0.0
0.0
0.0
0.0
0.0
0.0
0.0006
0.1368
0.1856
0.16649999999999998
0.0605
2.558
2.3878
0.7181
0.5331
0.5448
0.5417
0.5646
0.5109
0.5678000000000001
0.5464
0.6678999999999999
1.1254
2.9985999999999997
2.4669
1.3511
1.3460999999999999
2.5868
2.074
2.0269
2.6501
2.9173999999999998
4.8909
3.9711
1.1652
0.9387
7.679399999999999
7.813
8.136199999999999
4.9763
0.16199999999999998
0.3271
0.75
3.0581
1.9036
0.6972
0.47309999999999997
0.4403
0.45189999999999997
0.4385
0.5464
3.5447
4.5006
3.677
2.7777
2.4845
2.4776
2.4052
2.1224
4.3438
0.3005
0.2974
0.3033
0.3658
0.3952
0.45299999999999996
0.6799999999999999
0.971
0.935
0.8473999999999999
0.7635000000000001
0.6732
0.6759
0.659
0.7019
1.1698
1.3083
0.8007
0.7044
0.7217
0.7624
0.7818
0.6517999999999999
0.4466
6.104900000000001
5.1911000000000005
4.757899999999999
2.2676
2.4912
2.5128000000000004
1.5617
1.4754
1.0692
0.8367
0.8569
0.7572
0.7189
4.1784
4.7034
3.7766
2.9749999999999996
3.0129
4.9357
7.8889000000000005
8.8274
7.9763
5.2242
7.8729
6.515000000000001
7.5815
7.783099999999999
3.7929
0.1222
0.07139999999999999
0.2836
1.0964
0.3879
0.0965
0.0698
0.0435
0.0636
0.0469
0.0362
0.0016
0.0
0.0
0.0646
0.7799
1.4762
3.5702
3.9496
5.7935
0.9283
1.3007
1.3157999999999999
0.3544
0.3018
0.298
0.3588
0.4464
0.505
0.5184
0.5517000000000001
0.5754
0.6678999999999999
0.7818
0.9536
0.6913
0.6165
0.6127
1.8417
1.2292
0.9654
1.0345
1.1459
1.7247
12.4145
10.310400000000001
14.4899
8.5629
0.6688000000000001
0.4602
0.2626
0.0257
0.2346
2.3615
0.087
0.0027
0.0
0.0
0.0
0.0
0.0
0.0
0.0006
0.1368
0.1856
0.16649999999999998
0.0605
2.558
2.3878
0.7181
0.5331
0.5448
0.5417
0.5646
0.5109
0.5678000000000001
0.5464
0.6678999999999999
1.1254
2.9985999999999997
2.4669
1.3511
1.3460999999999999
2.5868
2.074
2.0269
2.6501
2.9173999999999998
4.8909
3.9711
1.1652
0.9387
7.679399999999999
7.813
8.136199999999999
4.9763
0.16199999999999998
0.3271
0.75
3.0581
1.9036
0.6972
0.47309999999999997
0.4403
0.45189999999999997
0.4385
0.5464
3.5447
4.5006
3.677
2.7777
2.4845
2.4776
2.4052
2.1224
4.3438
0.3005
0.2974
0.3033
0.3658
0.3952
0.45299999999999996
0.6799999999999999
0.971
0.935
0.8473999999999999
0.7635000000000001
0.6732
0.6759
0.659
0.7019
1.1698
1.3083
0.8007
0.7044
0.7217
0.7624
0.7818
0.6517999999999999
0.4466
6.104900000000001
5.1911000000000005
4.757899999999999
2.2676
2.4912
2.5128000000000004
1.5617
1.4754
1.0692
0.8367
0.8569
0.7572
0.7189
4.1784
4.7034
3.7766
2.9749999999999996
3.0129
4.9357
7.8889000000000005
8.8274
7.9763
5.2242
7.8729
6.515000000000001
7.5815
7.783099999999999
3.7929
0.1222
0.07139999999999999
0.2836
1.0964
0.3879
0.0965
0.0698
0.0435
0.0636
0.0469
0.0362
0.0016
0.0
0.0
0.0646
0.7799
1.4762
3.5702
3.9496
5.7935
0.9283
1.3007
1.3157999999999999
0.3544
0.3018
0.298
0.3588
0.4464
0.505
0.5184
0.5517000000000001
0.5754
0.6678999999999999
0.7818
0.9536
0.6913
0.6165
0.6127
1.8417
1.2292
0.9654
1.0345
1.1459
1.7247
12.4145
10.310400000000001
14.4899
8.5629
0.6688000000000001
0.4602
0.2626
0.0257
0.2346
2.3615
0.087
0.0027
0.0
0.0
0.0
0.0
0.0
0.0
0.0006
0.1368
0.1856
0.16649999999999998
0.0605
2.558
2.3878
0.7181
0.5331
0.5448
0.5417
0.5646
0.5109
0.5678000000000001
0.5464
0.6678999999999999
1.1254
2.9985999999999997
2.4669
1.3511
1.3460999999999999
2.5868
2.074
2.0269
2.6501
2.9173999999999998
4.8909
3.9711
1.1652
0.9387
7.679399999999999
7.813
8.136199999999999
4.9763
0.16199999999999998
0.3271
0.75
3.0581
1.9036
0.6972
0.47309999999999997
0.4403
0.45189999999999997
0.4385
0.5464
3.5447
4.5006
3.677
2.7777
2.4845
2.4776
2.4052
2.1224
4.3438
0.3005
0.2974
0.3033
0.3658
0.3952
0.45299999999999996
0.6799999999999999
0.971
0.935
0.8473999999999999
0.7635000000000001
0.6732
0.6759
0.659
0.7019
1.1698
1.3083
0.8007
0.7044
0.7217
0.7624
0.7818
0.6517999999999999
0.4466
6.104900000000001
5.1911000000000005
4.757899999999999
2.2676
2.4912
2.5128000000000004
1.5617
1.4754
1.0692
0.8367
0.8569
0.7572
0.7189
4.1784
4.7034
3.7766
2.9749999999999996
3.0129
4.9357
7.8889000000000005
8.8274
7.9763
5.2242
7.8729
6.515000000000001
7.5815
7.783099999999999
3.7929
0.1222
0.07139999999999999
0.2836
1.0964
0.3879
0.0965
0.0698
0.0435
0.0636
0.0469
0.0362
0.0016
0.0
0.0
0.0646
0.7799
1.4762
3.5702
3.9496
5.7935
0.9283
1.3007
1.3157999999999999
0.3544
0.3018
0.298
0.3588
0.4464
0.505
0.5184
0.5517000000000001
0.5754
0.6678999999999999
0.7818
0.9536
0.6913
0.6165
0.6127
1.8417
1.2292
0.9654
1.0345
1.1459
1.7247
12.4145
10.310400000000001
14.4899
8.5629
0.6688000000000001
0.4602
0.2626
0.0257
0.2346
2.3615
0.087
0.0027
0.0
0.0
0.0
0.0
0.0
0.0
0.0006
0.1368
0.1856
0.16649999999999998
0.0605
2.558
2.3878
0.7181
0.5331
0.5448
0.5417
0.5646
0.5109
0.5678000000000001
0.5464
0.6678999999999999
1.1254
2.9985999999999997
2.4669
1.3511
1.3460999999999999
2.5868
2.074
2.0269
2.6501
2.9173999999999998
4.8909
3.9711
1.1652
0.9387
7.679399999999999
7.813
8.136199999999999
4.9763
0.16199999999999998
0.3271
0.75
3.0581
1.9036
0.6972
0.47309999999999997
0.4403
0.45189999999999997
0.4385
0.5464
3.5447
4.5006
3.677
2.7777
2.4845
2.4776
2.4052
2.1224
4.3438
0.3005
0.2974
0.3033
0.3658
0.3952
0.45299999999999996
0.6799999999999999
0.971
0.935
0.8473999999999999
0.7635000000000001
0.6732
0.6759
0.659
0.7019
1.1698
1.3083
0.8007
0.7044
0.7217
0.7624
0.7818
0.6517999999999999
0.4466
6.104900000000001
5.1911000000000005
4.757899999999999
2.2676
2.4912
2.5128000000000004
1.5617
1.4754
1.0692
0.8367
0.8569
0.7572
0.7189
4.1784
4.7034
3.7766
2.9749999999999996
3.0129
4.9357
7.8889000000000005
8.8274
7.9763
5.2242
7.8729
6.515000000000001
7.5815
7.783099999999999
3.7929
0.1222
0.07139999999999999
0.2836
1.0964
0.3879
0.0965
0.0698
0.0435
0.0636
0.0469
0.0362
0.0016
0.0
0.0
0.0646
0.7799
1.4762
3.5702
3.9496
5.7935
0.9283
1.3007
1.3157999999999999
0.3544
0.3018
0.298
0.3588
0.4464
0.505
0.5184
0.5517000000000001
0.5754
0.6678999999999999
0.7818
0.9536
0.6913
0.6165
0.6127
1.8417
1.2292
0.9654
1.0345
1.1459
1.7247
0.1758
0.13169999999999998
0.1225
0.12009999999999998
0.13440000000000002
0.1368
0.15200000000000002
0.1488
0.1064
0.0464
0.037
0.018
0.2097
0.5285
0.2102
0.8365
0.6251
0.8837999999999999
0.8746
0.6201
0.533
0.4088
0.3584
0.7602
0.45430000000000004
1.0957000000000001
1.3744
0.0987
0.0793
0.0814
0.3131
0.41990000000000005
0.0
0.0093
0.0388
0.0612
0.0561
0.0619
0.0631
0.0561
0.871
0.6704000000000001
0.1714
0.2313
0.2326
0.2373
0.2436
0.2535
0.1432
0.14850000000000002
0.1497
0.15410000000000001
0.1608
0.172
0.1996
0.22649999999999998
0.1982
0.1856
0.14739999999999998
0.5147
0.3393
0.20440000000000003
0.1734
0.19569999999999999
0.6652
0.2712
0.27990000000000004
0.2742
0.23320000000000002
0.18480000000000002
0.2369
1.9792
4.027200000000001
4.2126
4.3948
4.521599999999999
4.7547
1.0114999999999998
0.4272
0.5880000000000001
0.661
1.1493
2.2933000000000003
2.6887
1.2293
0.5397000000000001
0.44220000000000004
0.4562
0.4609
4.2246
1.0131999999999999
0.7636000000000001
3.3579999999999997
4.9741
4.545400000000001
4.662800000000001
0.3176
0.3065
0.3038
0.2869
0.2864
0.3171
0.38029999999999997
0.4419
0.6678
0.7363999999999999
0.6584
0.9244
0.5307000000000001
0.40859999999999996
0.49639999999999995
1.1895
0.4407
0.4134
1.1842000000000001
0.5277000000000001
0.5272
0.6947
0.7952
0.5726
0.3226
0.39339999999999997
0.4075
0.2873
0.29100000000000004
0.3361
0.5646
1.1418
0.7996
0.4671
0.2637
0.1839
0.1366
0.1158
0.1128
0.0926
0.4206
0.8457
1.2581
1.254
0.3456
0.19219999999999998
0.1493
0.1875
1.9976
1.8651
1.944
1.8251
1.5760999999999998
1.2409
2.9333
3.8808999999999996
1.3852
1.3518
1.7446000000000002
5.0577
1.1284
0.5646
0.5804
0.6757
1.4727
0.623
1.7374999999999998
2.0167
2.7965
1.6853
1.2002
1.0156
0.1758
0.13169999999999998
0.1225
0.12009999999999998
0.13440000000000002
0.1368
0.15200000000000002
0.1488
0.1064
0.0464
0.037
0.018
0.2097
0.5285
0.2102
0.8365
0.6251
0.8837999999999999
0.8746
0.6201
0.533
0.4088
0.3584
0.7602
0.45430000000000004
1.0957000000000001
1.3744
0.0987
0.0793
0.0814
0.3131
0.41990000000000005
0.0
0.0093
0.0388
0.0612
0.0561
0.0619
0.0631
0.0561
0.871
0.6704000000000001
0.1714
0.2313
0.2326
0.2373
0.2436
0.2535
0.1432
0.14850000000000002
0.1497
0.15410000000000001
0.1608
0.172
0.1996
0.22649999999999998
0.1982
0.1856
0.14739999999999998
0.5147
0.3393
0.20440000000000003
0.1734
0.19569999999999999
0.6652
0.2712
0.27990000000000004
0.2742
0.23320000000000002
0.18480000000000002
0.2369
1.9792
4.027200000000001
4.2126
4.3948
4.521599999999999
4.7547
1.0114999999999998
0.4272
0.5880000000000001
0.661
1.1493
2.2933000000000003
2.6887
1.2293
0.5397000000000001
0.44220000000000004
0.4562
0.4609
4.2246
1.0131999999999999
0.7636000000000001
3.3579999999999997
4.9741
4.545400000000001
4.662800000000001
0.3176
0.3065
0.3038
0.2869
0.2864
0.3171
0.38029999999999997
0.4419
0.6678
0.7363999999999999
0.6584
0.9244
0.5307000000000001
0.40859999999999996
0.49639999999999995
1.1895
0.4407
0.4134
1.1842000000000001
0.5277000000000001
0.5272
0.6947
0.7952
0.5726
0.3226
0.39339999999999997
0.4075
0.2873
0.29100000000000004
0.3361
0.5646
1.1418
0.7996
0.4671
0.2637
0.1839
0.1366
0.1158
0.1128
0.0926
0.4206
0.8457
1.2581
1.254
0.3456
0.19219999999999998
0.1493
0.1875
1.9976
1.8651
1.944
1.8251
1.5760999999999998
1.2409
2.9333
3.8808999999999996
1.3852
1.3518
1.7446000000000002
5.0577
1.1284
0.5646
0.5804
0.6757
1.4727
0.623
1.7374999999999998
2.0167
2.7965
1.6853
1.2002
1.0156
0.1758
0.13169999999999998
0.1225
0.12009999999999998
0.13440000000000002
0.1368
0.15200000000000002
0.1488
0.1064
0.0464
0.037
0.018
0.2097
0.5285
0.2102
0.8365
0.6251
0.8837999999999999
0.8746
0.6201
0.533
0.4088
0.3584
0.7602
0.45430000000000004
1.0957000000000001
1.3744
0.0987
0.0793
0.0814
0.3131
0.41990000000000005
0.0
0.0093
0.0388
0.0612
0.0561
0.0619
0.0631
0.0561
0.871
0.6704000000000001
0.1714
0.2313
0.2326
0.2373
0.2436
0.2535
0.1432
0.14850000000000002
0.1497
0.15410000000000001
0.1608
0.172
0.1996
0.22649999999999998
0.1982
0.1856
0.14739999999999998
0.5147
0.3393
0.20440000000000003
0.1734
0.19569999999999999
0.6652
0.2712
0.27990000000000004
0.2742
0.23320000000000002
0.18480000000000002
0.2369
1.9792
4.027200000000001
4.2126
4.3948
4.521599999999999
4.7547
1.0114999999999998
0.4272
0.5880000000000001
0.661
1.1493
2.2933000000000003
2.6887
1.2293
0.5397000000000001
0.44220000000000004
0.4562
0.4609
4.2246
1.0131999999999999
0.7636000000000001
3.3579999999999997
4.9741
4.545400000000001
4.662800000000001
0.3176
0.3065
0.3038
0.2869
0.2864
0.3171
0.38029999999999997
0.4419
0.6678
0.7363999999999999
0.6584
0.9244
0.5307000000000001
0.40859999999999996
0.49639999999999995
1.1895
0.4407
0.4134
1.1842000000000001
0.5277000000000001
0.5272
0.6947
0.7952
0.5726
0.3226
0.39339999999999997
0.4075
0.2873
0.29100000000000004
0.3361
0.5646
1.1418
0.7996
0.4671
0.2637
0.1839
0.1366
0.1158
0.1128
0.0926
0.4206
0.8457
1.2581
1.254
0.3456
0.19219999999999998
0.1493
0.1875
1.9976
1.8651
1.944
1.8251
1.5760999999999998
1.2409
2.9333
3.8808999999999996
1.3852
1.3518
1.7446000000000002
5.0577
1.1284
0.5646
0.5804
0.6757
1.4727
0.623
1.7374999999999998
2.0167
2.7965
1.6853
1.2002
1.0156
0.1758
0.13169999999999998
0.1225
0.12009999999999998
0.13440000000000002
0.1368
0.15200000000000002
0.1488
0.1064
0.0464
0.037
0.018
0.2097
0.5285
0.2102
0.8365
0.6251
0.8837999999999999
0.8746
0.6201
0.533
0.4088
0.3584
0.7602
0.45430000000000004
1.0957000000000001
1.3744
0.0987
0.0793
0.0814
0.3131
0.41990000000000005
0.0
0.0093
0.0388
0.0612
0.0561
0.0619
0.0631
0.0561
0.871
0.6704000000000001
0.1714
0.2313
0.2326
0.2373
0.2436
0.2535
0.1432
0.14850000000000002
0.1497
0.15410000000000001
0.1608
0.172
0.1996
0.22649999999999998
0.1982
0.1856
0.14739999999999998
0.5147
0.3393
0.20440000000000003
0.1734
0.19569999999999999
0.6652
0.2712
0.27990000000000004
0.2742
0.23320000000000002
0.18480000000000002
0.2369
1.9792
4.027200000000001
4.2126
4.3948
4.521599999999999
4.7547
1.0114999999999998
0.4272
0.5880000000000001
0.661
1.1493
2.2933000000000003
2.6887
1.2293
0.5397000000000001
0.44220000000000004
0.4562
0.4609
4.2246
1.0131999999999999
0.7636000000000001
3.3579999999999997
4.9741
4.545400000000001
4.662800000000001
0.3176
0.3065
0.3038
0.2869
0.2864
0.3171
0.38029999999999997
0.4419
0.6678
0.7363999999999999
0.6584
0.9244
0.5307000000000001
0.40859999999999996
0.49639999999999995
1.1895
0.4407
0.4134
1.1842000000000001
0.5277000000000001
0.5272
0.6947
0.7952
0.5726
0.3226
0.39339999999999997
0.4075
0.2873
0.29100000000000004
0.3361
0.5646
1.1418
0.7996
0.4671
0.2637
0.1839
0.1366
0.1158
0.1128
0.0926
0.4206
0.8457
1.2581
1.254
0.3456
0.19219999999999998
0.1493
0.1875
1.9976
1.8651
1.944
1.8251
1.5760999999999998
1.2409
2.9333
3.8808999999999996
1.3852
1.3518
1.7446000000000002
5.0577
1.1284
0.5646
0.5804
0.6757
1.4727
0.623
1.7374999999999998
2.0167
2.7965
1.6853
1.2002
1.0156
0.1758
0.13169999999999998
0.1225
0.12009999999999998
0.13440000000000002
0.1368
0.15200000000000002
0.1488
0.1064
0.0464
0.037
0.018
0.2097
0.5285
0.2102
0.8365
0.6251
0.8837999999999999
0.8746
0.6201
0.533
0.4088
0.3584
0.7602
0.45430000000000004
1.0957000000000001
1.3744
0.0987
0.0793
0.0814
0.3131
0.41990000000000005
0.0
0.0093
0.0388
0.0612
0.0561
0.0619
0.0631
0.0561
0.871
0.6704000000000001
0.1714
0.2313
0.2326
0.2373
0.2436
0.2535
0.1432
0.14850000000000002
0.1497
0.15410000000000001
0.1608
0.172
0.1996
0.22649999999999998
0.1982
0.1856
0.14739999999999998
0.5147
0.3393
0.20440000000000003
0.1734
0.19569999999999999
0.6652
0.2712
0.27990000000000004
0.2742
0.23320000000000002
0.18480000000000002
0.2369
1.9792
