1.7750000000000001
0.9819
0.8543999999999999
0.5468
0.4033
0.3557
0.3272
0.269
0.34509999999999996
0.3044
0.3292
0.3509
0.2309
0.2127
0.19240000000000002
1.2902
2.7314
3.0637
4.3853
2.947
1.1191
0.7706
0.6915
11.4634
0.0445
0.043
0.0439
0.043
0.045200000000000004
0.047
0.0413
0.0397
0.0291
0.033299999999999996
0.0291
0.030100000000000002
0.0318
0.0344
0.03609999999999999
0.0416
0.037599999999999995
0.0469
0.038099999999999995
0.0349
0.0338
0.0361
0.0476
0.0594
0.7669999999999999
0.0061
0.0011
0.0
0.11909999999999998
0.0843
0.0
0.0
0.0074
0.0024
0.0414
0.10089999999999999
0.1609
0.10439999999999999
1.5388000000000002
2.7083
0.0
0.0
0.4582
5.4838000000000005
4.2010000000000005
2.9454000000000002
0.7847999999999999
2.6649000000000003
1.7490999999999999
0.7182000000000001
0.1296
0.0892
0.0492
0.0411
0.0419
0.049100000000000005
0.0577
0.0445
0.0548
0.041499999999999995
0.0568
0.0641
0.0567
0.06180000000000001
0.0496
0.0448
0.0436
1.3034
1.1136
1.0550000000000002
0.8609
2.3863000000000003
0.2949
0.2892
0.2808
0.2701
0.2549
0.2561
0.3232
0.4567
0.3425
0.2905
0.257
0.24409999999999998
0.2242
0.2098
0.2101
0.20400000000000001
0.20929999999999999
0.2122
0.8052999999999999
0.5866
0.8761
1.3645
0.9301999999999999
2.732
1.8094000000000001
2.0518
2.2091
2.4579
1.9267
0.5496000000000001
1.0672
1.5072
1.0861999999999998
0.8278000000000001
0.7313000000000001
0.6794
0.6316999999999999
0.5886
0.5736
1.0614
0.781
0.426
0.4357
0.1189
3.6308999999999996
5.3484
4.9542
5.0239
0.091
0.1262
0.1276
0.1205
0.0804
0.8272999999999999
0.19080000000000003
0.214
0.1988
0.3262
0.7767999999999999
0.2558
0.3019
0.9561
0.6265000000000001
0.4104
0.2515
1.1109
0.7464999999999999
0.1439
0.0676
0.0075
0.028499999999999998
0.0287
1.7750000000000001
0.9819
0.8543999999999999
0.5468
0.4033
0.3557
0.3272
0.269
0.34509999999999996
0.3044
0.3292
0.3509
0.2309
0.2127
0.19240000000000002
1.2902
2.7314
3.0637
4.3853
2.947
1.1191
0.7706
0.6915
11.4634
0.0445
0.043
0.0439
0.043
0.045200000000000004
0.047
0.0413
0.0397
0.0291
0.033299999999999996
0.0291
0.030100000000000002
0.0318
0.0344
0.03609999999999999
0.0416
0.037599999999999995
0.0469
0.038099999999999995
0.0349
0.0338
0.0361
0.0476
0.0594
0.7669999999999999
0.0061
0.0011
0.0
0.11909999999999998
0.0843
0.0
0.0
0.0074
0.0024
0.0414
0.10089999999999999
0.1609
0.10439999999999999
1.5388000000000002
2.7083
0.0
0.0
0.4582
5.4838000000000005
4.2010000000000005
2.9454000000000002
0.7847999999999999
2.6649000000000003
1.7490999999999999
0.7182000000000001
0.1296
0.0892
0.0492
0.0411
0.0419
0.049100000000000005
0.0577
0.0445
0.0548
0.041499999999999995
0.0568
0.0641
0.0567
0.06180000000000001
0.0496
0.0448
0.0436
1.3034
1.1136
1.0550000000000002
0.8609
2.3863000000000003
0.2949
0.2892
0.2808
0.2701
0.2549
0.2561
0.3232
0.4567
0.3425
0.2905
0.257
0.24409999999999998
0.2242
0.2098
0.2101
0.20400000000000001
0.20929999999999999
0.2122
0.8052999999999999
0.5866
0.8761
1.3645
0.9301999999999999
2.732
1.8094000000000001
2.0518
2.2091
2.4579
1.9267
0.5496000000000001
1.0672
1.5072
1.0861999999999998
0.8278000000000001
0.7313000000000001
0.6794
0.6316999999999999
0.5886
0.5736
1.0614
0.781
0.426
0.4357
0.1189
3.6308999999999996
5.3484
4.9542
5.0239
0.091
0.1262
0.1276
0.1205
0.0804
0.8272999999999999
0.19080000000000003
0.214
0.1988
0.3262
0.7767999999999999
0.2558
0.3019
0.9561
0.6265000000000001
0.4104
0.2515
1.1109
0.7464999999999999
0.1439
0.0676
0.0075
0.028499999999999998
0.0287
1.7750000000000001
0.9819
0.8543999999999999
0.5468
0.4033
0.3557
0.3272
0.269
0.34509999999999996
0.3044
0.3292
0.3509
0.2309
0.2127
0.19240000000000002
1.2902
2.7314
3.0637
4.3853
2.947
1.1191
0.7706
0.6915
11.4634
0.0445
0.043
0.0439
0.043
0.045200000000000004
0.047
0.0413
0.0397
0.0291
0.033299999999999996
0.0291
0.030100000000000002
0.0318
0.0344
0.03609999999999999
0.0416
0.037599999999999995
0.0469
0.038099999999999995
0.0349
0.0338
0.0361
0.0476
0.0594
0.7669999999999999
0.0061
0.0011
0.0
0.11909999999999998
0.0843
0.0
0.0
0.0074
0.0024
0.0414
0.10089999999999999
0.1609
0.10439999999999999
1.5388000000000002
2.7083
0.0
0.0
0.4582
5.4838000000000005
4.2010000000000005
2.9454000000000002
0.7847999999999999
2.6649000000000003
1.7490999999999999
0.7182000000000001
0.1296
0.0892
0.0492
0.0411
0.0419
0.049100000000000005
0.0577
0.0445
0.0548
0.041499999999999995
0.0568
0.0641
0.0567
0.06180000000000001
0.0496
0.0448
0.0436
1.3034
1.1136
1.0550000000000002
0.8609
2.3863000000000003
0.2949
0.2892
0.2808
0.2701
0.2549
0.2561
0.3232
0.4567
0.3425
0.2905
0.257
0.24409999999999998
0.2242
0.2098
0.2101
0.20400000000000001
0.20929999999999999
0.2122
0.8052999999999999
0.5866
0.8761
1.3645
0.9301999999999999
2.732
1.8094000000000001
2.0518
2.2091
2.4579
1.9267
0.5496000000000001
1.0672
1.5072
1.0861999999999998
0.8278000000000001
0.7313000000000001
0.6794
0.6316999999999999
0.5886
0.5736
1.0614
0.781
0.426
0.4357
0.1189
3.6308999999999996
5.3484
4.9542
5.0239
0.091
0.1262
0.1276
0.1205
0.0804
0.8272999999999999
0.19080000000000003
0.214
0.1988
0.3262
0.7767999999999999
0.2558
0.3019
0.9561
0.6265000000000001
0.4104
0.2515
1.1109
0.7464999999999999
0.1439
0.0676
0.0075
0.028499999999999998
0.0287
1.7750000000000001
0.9819
0.8543999999999999
0.5468
0.4033
0.3557
0.3272
0.269
0.34509999999999996
0.3044
0.3292
0.3509
0.2309
0.2127
0.19240000000000002
1.2902
2.7314
3.0637
4.3853
2.947
1.1191
0.7706
0.6915
11.4634
0.0445
0.043
0.0439
0.043
0.045200000000000004
0.047
0.0413
0.0397
0.0291
0.033299999999999996
0.0291
0.030100000000000002
0.0318
0.0344
0.03609999999999999
0.0416
0.037599999999999995
0.0469
0.038099999999999995
0.0349
0.0338
0.0361
0.0476
0.0594
0.7669999999999999
0.0061
0.0011
0.0
0.11909999999999998
0.0843
0.0
0.0
0.0074
0.0024
0.0414
0.10089999999999999
0.1609
0.10439999999999999
1.5388000000000002
2.7083
0.0
0.0
0.4582
5.4838000000000005
4.2010000000000005
2.9454000000000002
0.7847999999999999
2.6649000000000003
1.7490999999999999
0.7182000000000001
0.1296
0.0892
0.0492
0.0411
0.0419
0.049100000000000005
0.0577
0.0445
0.0548
0.041499999999999995
0.0568
0.0641
0.0567
0.06180000000000001
0.0496
0.0448
0.0436
1.3034
1.1136
1.0550000000000002
0.8609
2.3863000000000003
0.2949
0.2892
0.2808
0.2701
0.2549
0.2561
0.3232
0.4567
0.3425
0.2905
0.257
0.24409999999999998
0.2242
0.2098
0.2101
0.20400000000000001
0.20929999999999999
0.2122
0.8052999999999999
0.5866
0.8761
1.3645
0.9301999999999999
2.732
1.8094000000000001
2.0518
2.2091
2.4579
1.9267
0.5496000000000001
1.0672
1.5072
1.0861999999999998
0.8278000000000001
0.7313000000000001
0.6794
0.6316999999999999
0.5886
0.5736
1.0614
0.781
0.426
0.4357
0.1189
3.6308999999999996
5.3484
4.9542
5.0239
0.091
0.1262
0.1276
0.1205
0.0804
0.8272999999999999
0.19080000000000003
0.214
0.1988
0.3262
0.7767999999999999
0.2558
0.3019
0.9561
0.6265000000000001
0.4104
0.2515
1.1109
0.7464999999999999
0.1439
0.0676
0.0075
0.028499999999999998
0.0287
1.7750000000000001
0.9819
0.8543999999999999
0.5468
0.4033
0.3557
0.3272
0.269
0.34509999999999996
0.3044
0.3292
0.3509
0.2309
0.2127
0.19240000000000002
1.2902
2.7314
3.0637
4.3853
2.947
1.1191
0.7706
0.6915
11.4634
0.0445
0.043
0.0439
0.043
0.045200000000000004
0.047
0.0413
0.0397
0.0291
0.033299999999999996
0.0291
0.030100000000000002
0.0318
0.0344
0.03609999999999999
0.0416
0.037599999999999995
0.0469
0.038099999999999995
0.0349
0.0338
0.0361
0.0476
0.0594
0.7669999999999999
0.0061
0.0011
0.0
0.11909999999999998
0.0843
0.0
0.0
0.0074
0.0024
0.0414
0.10089999999999999
0.1609
0.10439999999999999
1.5388000000000002
2.7083
0.0
0.0
0.4582
5.4838000000000005
4.2010000000000005
2.9454000000000002
0.7847999999999999
2.6649000000000003
0.2071
0.2222
0.2536
0.2531
0.3129
0.24509999999999998
0.19
1.0765
0.3537
0.4635
1.0709
0.7709999999999999
0.1961
0.0454
0.0
0.0
0.0
0.0
0.0
0.030600000000000002
0.0574
0.2163
0.4609
1.6037000000000001
1.7027999999999999
1.7873
1.7225000000000001
1.5632
1.3885
2.8234000000000004
10.0177
0.3387
0.4988
0.3024
0.4206
0.48550000000000004
0.4631
0.7227
0.7918000000000001
0.9646
1.0267
1.3947
2.1612
1.7908
1.363
1.196
1.5147
5.1042000000000005
0.8476
0.821
0.7341
0.6683
0.6753
1.3362
1.5959
2.6445000000000003
2.2837
1.6419000000000001
1.0585
1.4992999999999999
1.502
1.3498999999999999
1.3062
1.768
3.768
4.2219999999999995
5.0084
3.1799
0.9536
1.0383
0.8946000000000001
0.7749999999999999
0.4663
1.2054
0.3076
0.4598
0.44820000000000004
0.4949
0.4187
0.4063
0.3556
0.31379999999999997
0.2607
0.3005
0.5666
0.451
0.2113
0.17759999999999998
0.1745
0.1981
0.3802
0.46209999999999996
0.3065
0.32899999999999996
0.403
0.4597
0.20750000000000002
0.36679999999999996
1.1349999999999998
0.3171
0.1698
0.162
0.1782
0.235
0.2874
0.3167
0.3032
0.29400000000000004
0.2946
0.2911
0.30369999999999997
0.4796
0.5769
0.4031
0.15589999999999998
0.1238
0.11130000000000001
0.1053
0.1293
0.1489
1.6595
0.4174
0.3792
0.0817
0.0093
0.2369
1.4077
0.4036
0.2651
0.1467
0.1051
0.1377
0.1186
0.11549999999999999
0.1021
0.2579
0.1474
0.2113
0.2202
0.13949999999999999
0.1447
0.1416
0.0637
1.5431
0.44430000000000003
0.42879999999999996
0.4014
0.3899
0.356
0.21899999999999997
0.11230000000000001
0.7471000000000001
0.08149999999999999
0.1033
0.1814
0.4888
0.3353
0.0857
0.06670000000000001
0.0373
0.0005
0.0
0.0
2.2818
0.8615999999999999
1.0214
1.0743999999999998
0.5778
0.2071
0.2222
0.2536
0.2531
0.3129
0.24509999999999998
0.19
1.0765
0.3537
0.4635
1.0709
0.7709999999999999
0.1961
0.0454
0.0
0.0
0.0
0.0
0.0
0.030600000000000002
0.0574
0.2163
0.4609
1.6037000000000001
1.7027999999999999
1.7873
1.7225000000000001
1.5632
1.3885
2.8234000000000004
10.0177
0.3387
0.4988
0.3024
0.4206
0.48550000000000004
0.4631
0.7227
0.7918000000000001
0.9646
1.0267
1.3947
2.1612
1.7908
1.363
1.196
1.5147
5.1042000000000005
0.8476
0.821
0.7341
0.6683
0.6753
1.3362
1.5959
2.6445000000000003
2.2837
1.6419000000000001
1.0585
1.4992999999999999
1.502
1.3498999999999999
1.3062
1.768
3.768
4.2219999999999995
5.0084
3.1799
0.9536
1.0383
0.8946000000000001
0.7749999999999999
0.4663
1.2054
0.3076
0.4598
0.44820000000000004
0.4949
0.4187
0.4063
0.3556
0.31379999999999997
0.2607
0.3005
0.5666
0.451
0.2113
0.17759999999999998
0.1745
0.1981
0.3802
0.46209999999999996
0.3065
0.32899999999999996
0.403
0.4597
0.20750000000000002
0.36679999999999996
1.1349999999999998
0.3171
0.1698
0.162
0.1782
0.235
0.2874
0.3167
0.3032
0.29400000000000004
0.2946
0.2911
0.30369999999999997
0.4796
0.5769
0.4031
0.15589999999999998
0.1238
0.11130000000000001
0.1053
0.1293
0.1489
1.6595
0.4174
0.3792
0.0817
0.0093
0.2369
1.4077
0.4036
0.2651
0.1467
0.1051
0.1377
0.1186
0.11549999999999999
0.1021
0.2579
0.1474
0.2113
0.2202
0.13949999999999999
0.1447
0.1416
0.0637
1.5431
0.44430000000000003
0.42879999999999996
0.4014
0.3899
0.356
0.21899999999999997
0.11230000000000001
0.7471000000000001
0.08149999999999999
0.1033
0.1814
0.4888
0.3353
0.0857
0.06670000000000001
0.0373
0.0005
0.0
0.0
2.2818
0.8615999999999999
1.0214
1.0743999999999998
0.5778
0.2071
0.2222
0.2536
0.2531
0.3129
0.24509999999999998
0.19
1.0765
0.3537
0.4635
1.0709
0.7709999999999999
0.1961
0.0454
0.0
0.0
0.0
0.0
0.0
0.030600000000000002
0.0574
0.2163
0.4609
1.6037000000000001
1.7027999999999999
1.7873
1.7225000000000001
1.5632
1.3885
2.8234000000000004
10.0177
0.3387
0.4988
0.3024
0.4206
0.48550000000000004
0.4631
0.7227
0.7918000000000001
0.9646
1.0267
1.3947
2.1612
1.7908
1.363
1.196
1.5147
5.1042000000000005
0.8476
0.821
0.7341
0.6683
0.6753
1.3362
1.5959
2.6445000000000003
2.2837
1.6419000000000001
1.0585
1.4992999999999999
1.502
1.3498999999999999
1.3062
1.768
3.768
4.2219999999999995
5.0084
3.1799
0.9536
1.0383
0.8946000000000001
0.7749999999999999
0.4663
1.2054
0.3076
0.4598
0.44820000000000004
0.4949
0.4187
0.4063
0.3556
0.31379999999999997
0.2607
0.3005
0.5666
0.451
0.2113
0.17759999999999998
0.1745
0.1981
0.3802
0.46209999999999996
0.3065
0.32899999999999996
0.403
0.4597
0.20750000000000002
0.36679999999999996
1.1349999999999998
0.3171
0.1698
0.162
0.1782
0.235
0.2874
0.3167
0.3032
0.29400000000000004
0.2946
0.2911
0.30369999999999997
0.4796
0.5769
0.4031
0.15589999999999998
0.1238
0.11130000000000001
0.1053
0.1293
0.1489
1.6595
0.4174
0.3792
0.0817
0.0093
0.2369
1.4077
0.4036
0.2651
0.1467
0.1051
0.1377
0.1186
0.11549999999999999
0.1021
0.2579
0.1474
0.2113
0.2202
0.13949999999999999
0.1447
0.1416
0.0637
1.5431
0.44430000000000003
0.42879999999999996
0.4014
0.3899
0.356
0.21899999999999997
0.11230000000000001
0.7471000000000001
0.08149999999999999
0.1033
0.1814
0.4888
0.3353
0.0857
0.06670000000000001
0.0373
0.0005
0.0
0.0
2.2818
0.8615999999999999
1.0214
1.0743999999999998
0.5778
0.2071
0.2222
0.2536
0.2531
0.3129
0.24509999999999998
0.19
1.0765
0.3537
0.4635
1.0709
0.7709999999999999
0.1961
0.0454
0.0
0.0
0.0
0.0
0.0
0.030600000000000002
0.0574
0.2163
0.4609
1.6037000000000001
1.7027999999999999
1.7873
1.7225000000000001
1.5632
1.3885
2.8234000000000004
10.0177
0.3387
0.4988
0.3024
0.4206
0.48550000000000004
0.4631
0.7227
0.7918000000000001
0.9646
1.0267
1.3947
2.1612
1.7908
1.363
1.196
1.5147
5.1042000000000005
0.8476
0.821
0.7341
0.6683
0.6753
1.3362
1.5959
2.6445000000000003
2.2837
1.6419000000000001
1.0585
1.4992999999999999
1.502
1.3498999999999999
1.3062
1.768
3.768
4.2219999999999995
5.0084
3.1799
0.9536
1.0383
0.8946000000000001
0.7749999999999999
0.4663
1.2054
0.3076
0.4598
0.44820000000000004
0.4949
0.4187
0.4063
0.3556
0.31379999999999997
0.2607
0.3005
0.5666
0.451
0.2113
0.17759999999999998
0.1745
0.1981
0.3802
0.46209999999999996
0.3065
0.32899999999999996
0.403
0.4597
0.20750000000000002
0.36679999999999996
1.1349999999999998
0.3171
0.1698
0.162
0.1782
0.235
0.2874
0.3167
0.3032
0.29400000000000004
0.2946
0.2911
0.30369999999999997
0.4796
0.5769
0.4031
0.15589999999999998
0.1238
0.11130000000000001
0.1053
0.1293
0.1489
1.6595
0.4174
0.3792
0.0817
0.0093
0.2369
1.4077
0.4036
0.2651
0.1467
0.1051
0.1377
0.1186
0.11549999999999999
0.1021
0.2579
0.1474
0.2113
0.2202
0.13949999999999999
0.1447
0.1416
0.0637
1.5431
0.44430000000000003
0.42879999999999996
0.4014
0.3899
0.356
0.21899999999999997
0.11230000000000001
0.7471000000000001
0.08149999999999999
0.1033
0.1814
0.4888
0.3353
0.0857
0.06670000000000001
0.0373
0.0005
0.0
0.0
2.2818
0.8615999999999999
1.0214
1.0743999999999998
0.5778
0.8378
0.7787999999999999
0.7301
0.6862999999999999
0.6381
0.5751999999999999
0.7943
1.2382
0.45499999999999996
0.5151
0.5962000000000001
0.6804
0.6994
0.7726
0.9781
1.5564
0.9728
1.3292000000000002
1.6132
1.0972
0.9304
0.9243
1.2903
1.2208999999999999
0.6308999999999999
0.1656
0.18159999999999998
0.1059
0.0718
0.0954
0.8327
0.5208
0.0
0.0376
0.0616
0.07830000000000001
0.1022
0.1005
0.106
0.9925
0.0217
0.0
0.0931
0.2251
0.1754
0.1118
0.11
0.9054
0.7691
0.0568
0.0649
0.08
0.0891
0.0929
0.10439999999999999
0.1394
0.1622
0.20450000000000002
0.28969999999999996
0.6598999999999999
0.3349
0.17420000000000002
0.1534
0.2354
0.3711
0.1847
0.1515
0.1844
0.2846
0.522
0.36629999999999996
1.5422
0.2917
0.278
0.2683
0.2703
0.2659
0.2861
0.3877
0.508
1.5842
0.7102999999999999
0.565
0.5058
0.5099
0.5289999999999999
0.8062
0.8528
0.5862
0.851
0.8102
0.7425999999999999
1.0547
0.8505
0.45620000000000005
0.3284
0.0519
0.0464
0.0606
0.06080000000000001
0.0683
0.1226
0.3506
1.0848
0.8172
0.47559999999999997
0.9266
2.5368
0.6056
3.0048000000000004
4.6141000000000005
1.6067
1.1131
2.6041
0.4535
0.0
0.0
0.0
0.0027
0.0
0.09330000000000001
1.5863
2.8609999999999998
3.2831
3.1995
1.0615999999999999
0.23409999999999997
1.6692
3.3674
3.6538000000000004
2.6052
0.5315
0.259
0.13369999999999999
0.3045
1.5236
1.2286000000000001
1.107
1.8323
4.4678
3.7061
3.3768000000000002
4.3165
3.2556000000000003
1.0708
0.1211
0.0567
0.0624
0.0538
0.0348
0.0176
0.0133
0.029
0.0542
0.1452
0.27390000000000003
1.4424000000000001
0.5234
0.5759000000000001
0.9249
0.1271
0.19669999999999999
0.2392
0.3434
0.3973
0.42079999999999995
0.4266
0.5039
0.8378
0.7787999999999999
0.7301
0.6862999999999999
0.6381
0.5751999999999999
0.7943
1.2382
0.45499999999999996
0.5151
0.5962000000000001
0.6804
0.6994
0.7726
0.9781
1.5564
0.9728
1.3292000000000002
1.6132
1.0972
0.9304
0.9243
1.2903
1.2208999999999999
0.6308999999999999
0.1656
0.18159999999999998
0.1059
0.0718
0.0954
0.8327
0.5208
0.0
0.0376
0.0616
0.07830000000000001
0.1022
0.1005
0.106
0.9925
0.0217
0.0
0.0931
0.2251
0.1754
0.1118
0.11
0.9054
0.7691
0.0568
0.0649
0.08
0.0891
0.0929
0.10439999999999999
0.1394
0.1622
0.20450000000000002
0.28969999999999996
0.6598999999999999
0.3349
0.17420000000000002
0.1534
0.2354
0.3711
0.1847
0.1515
0.1844
0.2846
0.522
0.36629999999999996
1.5422
0.2917
0.278
0.2683
0.2703
0.2659
0.2861
0.3877
0.508
1.5842
0.7102999999999999
0.565
0.5058
0.5099
0.5289999999999999
0.8062
0.8528
0.5862
0.851
0.8102
0.7425999999999999
1.0547
0.8505
0.45620000000000005
0.3284
0.0519
0.0464
0.0606
0.06080000000000001
0.0683
0.1226
0.3506
1.0848
0.8172
0.47559999999999997
0.9266
2.5368
0.6056
3.0048000000000004
4.6141000000000005
1.6067
1.1131
2.6041
0.4535
0.0
0.0
0.0
0.0027
0.0
0.09330000000000001
1.5863
2.8609999999999998
3.2831
3.1995
1.0615999999999999
0.23409999999999997
1.6692
3.3674
3.6538000000000004
2.6052
0.5315
0.259
0.13369999999999999
0.3045
1.5236
1.2286000000000001
1.107
1.8323
4.4678
3.7061
3.3768000000000002
4.3165
3.2556000000000003
1.0708
0.1211
0.0567
0.0624
0.0538
0.0348
0.0176
0.0133
0.029
0.0542
0.1452
0.27390000000000003
1.4424000000000001
0.5234
0.5759000000000001
0.9249
0.1271
0.19669999999999999
0.2392
0.3434
0.3973
0.42079999999999995
0.4266
0.5039
0.8378
0.7787999999999999
0.7301
0.6862999999999999
0.6381
0.5751999999999999
0.7943
1.2382
0.45499999999999996
0.5151
0.5962000000000001
0.6804
0.6994
0.7726
0.9781
1.5564
0.9728
1.3292000000000002
1.6132
1.0972
0.9304
0.9243
1.2903
1.2208999999999999
0.6308999999999999
0.1656
0.18159999999999998
0.1059
0.0718
0.0954
0.8327
0.5208
0.0
0.0376
0.0616
0.07830000000000001
0.1022
0.1005
0.106
0.9925
0.0217
0.0
0.0931
0.2251
0.1754
0.1118
0.11
0.9054
0.7691
0.0568
0.0649
0.08
0.0891
0.0929
0.10439999999999999
0.1394
0.1622
0.20450000000000002
0.28969999999999996
0.6598999999999999
0.3349
0.17420000000000002
0.1534
0.2354
0.3711
0.1847
0.1515
0.1844
0.2846
0.522
0.36629999999999996
1.5422
0.2917
0.278
0.2683
0.2703
0.2659
0.2861
0.3877
0.508
1.5842
0.7102999999999999
0.565
0.5058
0.5099
0.5289999999999999
0.8062
0.8528
0.5862
0.851
0.8102
0.7425999999999999
1.0547
0.8505
0.45620000000000005
0.3284
0.0519
0.0464
0.0606
0.06080000000000001
0.0683
0.1226
0.3506
1.0848
0.8172
0.47559999999999997
0.9266
2.5368
0.6056
3.0048000000000004
4.6141000000000005
1.6067
1.1131
2.6041
0.4535
0.0
0.0
0.0
0.0027
0.0
0.09330000000000001
1.5863
2.8609999999999998
3.2831
3.1995
1.0615999999999999
0.23409999999999997
1.6692
3.3674
3.6538000000000004
2.6052
0.5315
0.259
0.13369999999999999
0.3045
1.5236
1.2286000000000001
1.107
1.8323
4.4678
3.7061
3.3768000000000002
4.3165
3.2556000000000003
1.0708
0.1211
0.0567
0.0624
0.0538
0.0348
0.0176
0.0133
0.029
0.0542
0.1452
0.27390000000000003
1.4424000000000001
0.5234
0.5759000000000001
0.9249
0.1271
0.19669999999999999
0.2392
0.3434
0.3973
0.42079999999999995
0.4266
0.5039
0.8378
0.7787999999999999
0.7301
0.6862999999999999
0.6381
0.5751999999999999
0.7943
1.2382
0.45499999999999996
0.5151
0.5962000000000001
0.6804
0.6994
0.7726
0.9781
1.5564
0.9728
1.3292000000000002
1.6132
1.0972
0.9304
0.9243
1.2903
1.2208999999999999
0.6308999999999999
0.1656
0.18159999999999998
0.1059
0.0718
0.0954
0.8327
0.5208
0.0
0.0376
0.0616
0.07830000000000001
0.1022
0.1005
0.106
0.9925
0.0217
0.0
0.0931
0.2251
0.1754
0.1118
0.11
0.9054
0.7691
0.0568
0.0649
0.08
0.0891
0.0929
0.10439999999999999
0.1394
0.1622
0.20450000000000002
0.28969999999999996
0.6598999999999999
0.3349
0.17420000000000002
0.1534
0.2354
0.3711
0.1847
0.1515
0.1844
0.2846
0.522
0.36629999999999996
1.5422
0.2917
0.278
0.2683
0.2703
0.2659
0.2861
0.3877
0.508
1.5842
0.7102999999999999
0.565
0.5058
0.5099
0.5289999999999999
0.8062
0.8528
0.5862
0.851
0.8102
0.7425999999999999
1.0547
0.8505
0.45620000000000005
0.3284
0.0519
0.0464
0.0606
0.06080000000000001
0.0683
0.1226
0.3506
1.0848
0.8172
0.47559999999999997
0.9266
2.5368
0.6056
3.0048000000000004
4.6141000000000005
1.6067
1.1131
2.6041
0.4535
0.0
0.0
0.0
0.0027
0.0
0.09330000000000001
1.5863
2.8609999999999998
3.2831
3.1995
1.0615999999999999
0.23409999999999997
1.6692
3.3674
3.6538000000000004
2.6052
0.5315
0.259
0.13369999999999999
0.3045
1.5236
1.2286000000000001
1.107
1.8323
4.4678
3.7061
3.3768000000000002
4.3165
3.2556000000000003
1.0708
0.1211
0.0567
0.0624
0.0538
0.0348
0.0176
0.0133
0.029
0.0542
0.1452
0.27390000000000003
1.4424000000000001
0.5234
0.5759000000000001
0.9249
0.1271
0.19669999999999999
0.2392
0.3434
0.3973
0.42079999999999995
0.4266
0.5039
0.8378
0.7787999999999999
0.7301
0.6862999999999999
0.6381
0.5751999999999999
0.7943
1.2382
0.45499999999999996
0.5151
0.5962000000000001
0.6804
0.6994
0.7726
0.9781
1.5564
0.9728
1.3292000000000002
1.6132
1.0972
0.9304
0.9243
1.2903
1.2208999999999999
0.6308999999999999
0.1656
0.18159999999999998
0.1059
0.0718
0.0954
0.8327
0.5208
0.0
0.0376
0.0616
0.07830000000000001
0.1022
0.1005
0.106
0.9925
0.0217
0.0
0.0931
0.2251
0.1754
0.1118
0.11
0.9054
0.7691
0.0568
0.0649
0.08
0.0891
0.0929
0.10439999999999999
0.1394
0.1622
0.20450000000000002
0.28969999999999996
0.6598999999999999
0.3349
0.17420000000000002
0.1534
0.2354
0.3711
0.1847
0.1515
0.1844
0.2846
0.522
0.36629999999999996
1.5422
0.8322
0.7871
0.9147000000000001
1.6317
1.9882
1.3496
1.0585
1.8574
0.0
0.0674
0.10200000000000001
0.0917
0.0742
0.0911
0.1001
0.11699999999999999
0.0708
0.6493
2.4686
0.7528
2.9325
4.4403
5.282
4.0291
0.0366
0.0356
0.035699999999999996
0.034199999999999994
0.034
0.0344
0.0271
0.026299999999999997
0.019999999999999997
0.0247
0.0225
0.0252
0.0276
0.0287
0.0299
0.032
0.028
0.0413
0.0278
0.0284
0.0258
0.026
0.0363
0.0474
0.1955
0.16999999999999998
0.1754
0.1741
0.43879999999999997
1.4102999999999999
0.3258
0.5546
0.5597000000000001
0.43979999999999997
0.2375
0.2261
0.19090000000000001
0.1775
0.1873
0.1694
0.2267
0.5537
1.7039
0.7299
0.3187
0.16799999999999998
0.1482
0.1637
4.1516
5.4033999999999995
0.1839
0.2079
0.2489
0.4485
0.8321000000000001
0.9277
0.7267
0.4354
5.2179
0.5391
0.5819000000000001
0.5795
0.48529999999999995
0.4065
0.4299
0.3415
0.3294
0.2948
0.9197
4.704
3.7388
0.12329999999999999
0.0927
0.1206
0.1167
0.1191
0.0959
0.08310000000000001
0.0319
0.3521
0.0228
0.0296
0.10200000000000001
0.1388
0.1482
0.08990000000000001
0.0975
0.1109
0.354
0.22499999999999998
0.4168
1.4925
0.2296
0.0
0.0
0.0115
0.045899999999999996
0.0368
0.038900000000000004
0.039099999999999996
0.05
0.0716
0.1779
0.29069999999999996
0.1649
0.1403
0.0954
0.0632
0.0628
0.0463
1.081
0.4023
0.2133
0.2976
0.17930000000000001
0.23620000000000002
0.4603
0.5748
0.118
0.0644
0.0
0.0
0.0
0.0
0.0
0.0
0.0
0.0247
0.0
0.0
0.014799999999999999
0.0
0.015
0.047700000000000006
0.087
0.7006000000000001
1.7685
1.4132
1.2433
1.5314999999999999
6.8461
5.821899999999999
6.0468
2.0122
0.8322
0.7871
0.9147000000000001
1.6317
1.9882
1.3496
1.0585
1.8574
0.0
0.0674
0.10200000000000001
0.0917
0.0742
0.0911
0.1001
0.11699999999999999
0.0708
0.6493
2.4686
0.7528
2.9325
4.4403
5.282
4.0291
0.0366
0.0356
0.035699999999999996
0.034199999999999994
0.034
0.0344
0.0271
0.026299999999999997
0.019999999999999997
0.0247
0.0225
0.0252
0.0276
0.0287
0.0299
0.032
0.028
0.0413
0.0278
0.0284
0.0258
0.026
0.0363
0.0474
0.1955
0.16999999999999998
0.1754
0.1741
0.43879999999999997
1.4102999999999999
0.3258
0.5546
0.5597000000000001
0.43979999999999997
0.2375
0.2261
0.19090000000000001
0.1775
0.1873
0.1694
0.2267
0.5537
1.7039
0.7299
0.3187
0.16799999999999998
0.1482
0.1637
4.1516
5.4033999999999995
0.1839
0.2079
0.2489
0.4485
0.8321000000000001
0.9277
0.7267
0.4354
5.2179
0.5391
0.5819000000000001
0.5795
0.48529999999999995
0.4065
0.4299
0.3415
0.3294
0.2948
0.9197
4.704
3.7388
0.12329999999999999
0.0927
0.1206
0.1167
0.1191
0.0959
0.08310000000000001
0.0319
0.3521
0.0228
0.0296
0.10200000000000001
0.1388
0.1482
0.08990000000000001
0.0975
0.1109
0.354
0.22499999999999998
0.4168
1.4925
0.2296
0.0
0.0
0.0115
0.045899999999999996
0.0368
0.038900000000000004
0.039099999999999996
0.05
0.0716
0.1779
0.29069999999999996
0.1649
0.1403
0.0954
0.0632
0.0628
0.0463
1.081
0.4023
0.2133
0.2976
0.17930000000000001
0.23620000000000002
0.4603
0.5748
0.118
0.0644
0.0
0.0
0.0
0.0
0.0
0.0
0.0
0.0247
0.0
0.0
0.014799999999999999
0.0
0.015
0.047700000000000006
0.087
0.7006000000000001
1.7685
1.4132
1.2433
1.5314999999999999
6.8461
5.821899999999999
6.0468
2.0122
0.8322
0.7871
0.9147000000000001
1.6317
1.9882
1.3496
1.0585
1.8574
0.0
0.0674
0.10200000000000001
0.0917
0.0742
0.0911
0.1001
0.11699999999999999
0.0708
0.6493
2.4686
0.7528
2.9325
4.4403
5.282
4.0291
0.0366
0.0356
0.035699999999999996
0.034199999999999994
0.034
0.0344
0.0271
0.026299999999999997
0.019999999999999997
0.0247
0.0225
0.0252
0.0276
0.0287
0.0299
0.032
0.028
0.0413
0.0278
0.0284
0.0258
0.026
0.0363
0.0474
0.1955
0.16999999999999998
0.1754
0.1741
0.43879999999999997
1.4102999999999999
0.3258
0.5546
0.5597000000000001
0.43979999999999997
0.2375
0.2261
0.19090000000000001
0.1775
0.1873
0.1694
0.2267
0.5537
1.7039
0.7299
0.3187
0.16799999999999998
0.1482
0.1637
4.1516
5.4033999999999995
0.1839
0.2079
0.2489
0.4485
0.8321000000000001
0.9277
0.7267
0.4354
5.2179
0.5391
0.5819000000000001
0.5795
0.48529999999999995
0.4065
0.4299
0.3415
0.3294
0.2948
0.9197
4.704
3.7388
0.12329999999999999
0.0927
0.1206
0.1167
0.1191
0.0959
0.08310000000000001
0.0319
0.3521
0.0228
0.0296
0.10200000000000001
0.1388
0.1482
0.08990000000000001
0.0975
0.1109
0.354
0.22499999999999998
0.4168
1.4925
0.2296
0.0
0.0
0.0115
0.045899999999999996
0.0368
0.038900000000000004
0.039099999999999996
0.05
0.0716
0.1779
0.29069999999999996
0.1649
0.1403
0.0954
0.0632
0.0628
0.0463
1.081
0.4023
0.2133
0.2976
0.17930000000000001
0.23620000000000002
0.4603
0.5748
0.118
0.0644
0.0
0.0
0.0
0.0
0.0
0.0
0.0
0.0247
0.0
0.0
0.014799999999999999
0.0
0.015
0.047700000000000006
0.087
0.7006000000000001
1.7685
1.4132
1.2433
1.5314999999999999
6.8461
5.821899999999999
6.0468
2.0122
0.8322
0.7871
0.9147000000000001
1.6317
1.9882
1.3496
1.0585
1.8574
0.0
0.0674
0.10200000000000001
0.0917
0.0742
0.0911
0.1001
0.11699999999999999
0.0708
0.6493
2.4686
0.7528
2.9325
4.4403
5.282
4.0291
0.0366
0.0356
0.035699999999999996
0.034199999999999994
0.034
0.0344
0.0271
0.026299999999999997
0.019999999999999997
0.0247
0.0225
0.0252
0.0276
0.0287
0.0299
0.032
0.028
0.0413
0.0278
0.0284
0.0258
0.026
0.0363
0.0474
0.1955
0.16999999999999998
0.1754
0.1741
0.43879999999999997
1.4102999999999999
0.3258
0.5546
0.5597000000000001
0.43979999999999997
0.2375
0.2261
0.19090000000000001
0.1775
0.1873
0.1694
0.2267
0.5537
1.7039
0.7299
0.3187
0.16799999999999998
0.1482
0.1637
4.1516
5.4033999999999995
0.1839
0.2079
0.2489
0.4485
0.8321000000000001
0.9277
0.7267
0.4354
5.2179
0.5391
0.5819000000000001
0.5795
0.48529999999999995
0.4065
0.4299
0.3415
0.3294
0.2948
0.9197
4.704
3.7388
0.12329999999999999
0.0927
0.1206
0.1167
0.1191
0.0959
0.08310000000000001
0.0319
0.3521
0.0228
0.0296
0.10200000000000001
0.1388
0.1482
0.08990000000000001
0.0975
0.1109
0.354
0.22499999999999998
0.4168
1.4925
0.2296
0.0
0.0
0.0115
0.045899999999999996
0.0368
0.038900000000000004
0.039099999999999996
0.05
0.0716
0.1779
0.29069999999999996
0.1649
0.1403
0.0954
0.0632
0.0628
0.0463
1.081
0.4023
0.2133
0.2976
0.17930000000000001
0.23620000000000002
0.4603
0.5748
0.118
0.0644
0.0
0.0
0.0
0.0
0.0
0.0
0.0
0.0247
0.0
0.0
0.014799999999999999
0.0
0.015
0.047700000000000006
0.087
0.7006000000000001
1.7685
1.4132
1.2433
1.5314999999999999
6.8461
5.821899999999999
6.0468
2.0122
0.8322
0.7871
0.9147000000000001
1.6317
1.9882
1.3496
1.0585
1.8574
0.0
0.0674
0.10200000000000001
0.0917
0.0742
0.0911
0.1001
0.11699999999999999
0.0708
0.6493
2.4686
0.7528
2.9325
4.4403
5.282
4.0291
0.0366
0.0356
0.035699999999999996
0.034199999999999994
0.034
0.0344
0.0271
0.026299999999999997
0.019999999999999997
0.0247
0.0225
0.0252
0.0276
0.0287
0.0299
0.032
0.028
0.0413
0.0278
0.0284
0.0258
0.026
0.0363
0.0474
0.2077
0.1457
0.1363
0.1297
0.11430000000000001
0.1038
0.0882
0.11779999999999999
0.12
0.1119
0.0985
0.08299999999999999
0.0916
0.0922
0.0983
0.2812
0.13240000000000002
0.1251
0.1394
0.1839
0.20529999999999998
0.0933
0.058
1.6540000000000001
0.661
0.6261
0.6208
0.6396999999999999
0.2993
0.1261
1.9214
0.1811
0.0311
0.0212
0.0334
0.0437
0.039
0.023
0.031100000000000003
0.0495
0.3127
0.8767
0.30920000000000003
0.2714
0.18980000000000002
0.1486
0.1148
0.1296
0.9921
0.2581
0.21200000000000002
0.16749999999999998
0.1666
0.2267
0.28759999999999997
0.3457
0.7317
0.7801
0.5573
0.3439
0.3371
0.31920000000000004
0.317
0.3832
0.5208999999999999
2.1277
0.7609
0.5257000000000001
0.49029999999999996
0.7754000000000001
1.9295999999999998
2.7712000000000003
4.2742
1.4576
2.3396
0.6106
0.1344
0.13640000000000002
0.1504
0.2587
0.28259999999999996
0.26949999999999996
0.26380000000000003
0.2726
0.2339
0.2034
0.21500000000000002
0.25229999999999997
0.33899999999999997
0.3046
0.29469999999999996
0.3096
0.24059999999999998
0.203
0.1142
3.4953
1.291
1.9724000000000002
1.7851
0.8793
0.4229
0.2557
0.156
0.2195
0.2264
0.22210000000000002
0.2753
0.40290000000000004
0.6742
1.0087000000000002
1.7715999999999998
0.9387
1.0598
1.4357
1.6956
4.339700000000001
7.199299999999999
7.3564
6.9422
6.9622
0.138
0.1709
1.0114
0.0545
0.0
0.38170000000000004
0.24489999999999998
0.0504
0.0401
0.0539
0.0598
0.0749
0.038900000000000004
0.0194
0.0
0.0
0.0
0.0
0.0146
0.0158
0.0708
0.0
0.0
0.0
0.431
1.1411
1.1868
0.38680000000000003
0.2939
0.2379
0.23249999999999998
0.2501
0.26480000000000004
0.3006
0.3634
0.5915
0.8957999999999999
0.6328
0.6729
0.7704
0.8896
1.057
1.0116
0.5721
0.5323
0.5473
0.5745
0.5609
0.2077
0.1457
0.1363
0.1297
0.11430000000000001
0.1038
0.0882
0.11779999999999999
0.12
0.1119
0.0985
0.08299999999999999
0.0916
0.0922
0.0983
0.2812
0.13240000000000002
0.1251
0.1394
0.1839
0.20529999999999998
0.0933
0.058
1.6540000000000001
0.661
0.6261
0.6208
0.6396999999999999
0.2993
0.1261
1.9214
0.1811
0.0311
0.0212
0.0334
0.0437
0.039
0.023
0.031100000000000003
0.0495
0.3127
0.8767
0.30920000000000003
0.2714
0.18980000000000002
0.1486
0.1148
0.1296
0.9921
0.2581
0.21200000000000002
0.16749999999999998
0.1666
0.2267
0.28759999999999997
0.3457
0.7317
0.7801
0.5573
0.3439
0.3371
0.31920000000000004
0.317
0.3832
0.5208999999999999
2.1277
0.7609
0.5257000000000001
0.49029999999999996
0.7754000000000001
1.9295999999999998
2.7712000000000003
4.2742
1.4576
2.3396
0.6106
0.1344
0.13640000000000002
0.1504
0.2587
0.28259999999999996
0.26949999999999996
0.26380000000000003
0.2726
0.2339
0.2034
0.21500000000000002
0.25229999999999997
0.33899999999999997
0.3046
0.29469999999999996
0.3096
0.24059999999999998
0.203
0.1142
3.4953
1.291
1.9724000000000002
1.7851
0.8793
0.4229
0.2557
0.156
0.2195
0.2264
0.22210000000000002
0.2753
0.40290000000000004
0.6742
1.0087000000000002
1.7715999999999998
0.9387
1.0598
1.4357
1.6956
4.339700000000001
7.199299999999999
7.3564
6.9422
6.9622
0.138
0.1709
1.0114
0.0545
0.0
0.38170000000000004
0.24489999999999998
0.0504
0.0401
0.0539
0.0598
0.0749
0.038900000000000004
0.0194
0.0
0.0
0.0
0.0
0.0146
0.0158
0.0708
0.0
0.0
0.0
0.431
1.1411
1.1868
0.38680000000000003
0.2939
0.2379
0.23249999999999998
0.2501
0.26480000000000004
0.3006
0.3634
0.5915
0.8957999999999999
0.6328
0.6729
0.7704
0.8896
1.057
1.0116
0.5721
0.5323
0.5473
0.5745
0.5609
0.2077
0.1457
0.1363
0.1297
0.11430000000000001
0.1038
0.0882
0.11779999999999999
0.12
0.1119
0.0985
0.08299999999999999
0.0916
0.0922
0.0983
0.2812
0.13240000000000002
0.1251
0.1394
0.1839
0.20529999999999998
0.0933
0.058
1.6540000000000001
0.661
0.6261
0.6208
0.6396999999999999
0.2993
0.1261
1.9214
0.1811
0.0311
0.0212
0.0334
0.0437
0.039
0.023
0.031100000000000003
0.0495
0.3127
0.8767
0.30920000000000003
0.2714
0.18980000000000002
0.1486
0.1148
0.1296
0.9921
0.2581
0.21200000000000002
0.16749999999999998
0.1666
0.2267
0.28759999999999997
0.3457
0.7317
0.7801
0.5573
0.3439
0.3371
0.31920000000000004
0.317
0.3832
0.5208999999999999
2.1277
0.7609
0.5257000000000001
0.49029999999999996
0.7754000000000001
1.9295999999999998
2.7712000000000003
4.2742
1.4576
2.3396
0.6106
0.1344
0.13640000000000002
0.1504
0.2587
0.28259999999999996
0.26949999999999996
0.26380000000000003
0.2726
0.2339
0.2034
0.21500000000000002
0.25229999999999997
0.33899999999999997
0.3046
0.29469999999999996
0.3096
0.24059999999999998
0.203
0.1142
3.4953
1.291
1.9724000000000002
1.7851
0.8793
0.4229
0.2557
0.156
0.2195
0.2264
0.22210000000000002
0.2753
0.40290000000000004
0.6742
1.0087000000000002
1.7715999999999998
0.9387
1.0598
1.4357
1.6956
4.339700000000001
7.199299999999999
7.3564
6.9422
6.9622
0.138
0.1709
1.0114
0.0545
0.0
0.38170000000000004
0.24489999999999998
0.0504
0.0401
0.0539
0.0598
0.0749
0.038900000000000004
0.0194
0.0
0.0
0.0
0.0
0.0146
0.0158
0.0708
0.0
0.0
0.0
0.431
1.1411
1.1868
0.38680000000000003
0.2939
0.2379
0.23249999999999998
0.2501
0.26480000000000004
0.3006
0.3634
0.5915
0.8957999999999999
0.6328
0.6729
0.7704
0.8896
1.057
1.0116
0.5721
0.5323
0.5473
0.5745
0.5609
0.2077
0.1457
0.1363
0.1297
0.11430000000000001
0.1038
0.0882
0.11779999999999999
0.12
0.1119
0.0985
0.08299999999999999
0.0916
0.0922
0.0983
0.2812
0.13240000000000002
0.1251
0.1394
0.1839
0.20529999999999998
0.0933
0.058
1.6540000000000001
0.661
0.6261
0.6208
0.6396999999999999
0.2993
0.1261
1.9214
0.1811
0.0311
0.0212
0.0334
0.0437
0.039
0.023
0.031100000000000003
0.0495
0.3127
0.8767
0.30920000000000003
0.2714
0.18980000000000002
0.1486
0.1148
0.1296
0.9921
0.2581
0.21200000000000002
0.16749999999999998
0.1666
0.2267
0.28759999999999997
0.3457
0.7317
0.7801
0.5573
0.3439
0.3371
0.31920000000000004
0.317
0.3832
0.5208999999999999
2.1277
0.7609
0.5257000000000001
0.49029999999999996
0.7754000000000001
1.9295999999999998
2.7712000000000003
4.2742
1.4576
2.3396
0.6106
0.1344
0.13640000000000002
0.1504
0.2587
0.28259999999999996
0.26949999999999996
0.26380000000000003
0.2726
0.2339
0.2034
0.21500000000000002
0.25229999999999997
0.33899999999999997
0.3046
0.29469999999999996
0.3096
0.24059999999999998
0.203
0.1142
3.4953
1.291
1.9724000000000002
1.7851
0.8793
0.4229
0.2557
0.156
0.2195
0.2264
0.22210000000000002
0.2753
0.40290000000000004
0.6742
1.0087000000000002
1.7715999999999998
0.9387
1.0598
1.4357
1.6956
4.339700000000001
7.199299999999999
7.3564
6.9422
6.9622
0.138
0.1709
1.0114
0.0545
0.0
0.38170000000000004
0.24489999999999998
0.0504
0.0401
0.0539
0.0598
0.0749
0.038900000000000004
0.0194
0.0
0.0
0.0
0.0
0.0146
0.0158
0.0708
0.0
0.0
0.0
0.431
1.1411
1.1868
0.38680000000000003
0.2939
0.2379
0.23249999999999998
0.2501
0.26480000000000004
0.3006
0.3634
0.5915
0.8957999999999999
0.6328
0.6729
0.7704
0.8896
1.057
1.0116
0.5721
0.5323
0.5473
0.5745
0.5609
0.2077
0.1457
0.1363
0.1297
0.11430000000000001
0.1038
0.0882
0.11779999999999999
0.12
0.1119
0.0985
0.08299999999999999
0.0916
0.0922
0.0983
0.2812
0.13240000000000002
0.1251
0.1394
0.1839
0.20529999999999998
0.0933
0.058
1.6540000000000001
0.661
0.6261
0.6208
0.6396999999999999
0.2993
0.1261
1.9214
0.1811
0.0311
0.0212
0.0334
0.0437
0.039
0.023
0.031100000000000003
0.0495
0.3127
0.8767
0.30920000000000003
0.2714
0.18980000000000002
0.1486
0.1148
0.1296
0.9921
0.2581
0.21200000000000002
0.16749999999999998
0.1666
0.2267
0.28759999999999997
0.3457
0.7317
0.7801
0.5573
0.3439
0.3371
0.31920000000000004
0.317
0.3832
0.5208999999999999
2.1277
0.7609
0.5257000000000001
0.49029999999999996
0.7754000000000001
1.9295999999999998
2.7712000000000003
0.6227
0.7267
0.7001999999999999
0.6808
0.6184000000000001
0.6518999999999999
0.6799
0.7515000000000001
0.2572
0.1658
0.11760000000000001
0.1078
0.09029999999999999
0.0832
0.08449999999999999
0.1349
0.25
0.1409
0.1659
0.2563
0.44830000000000003
0.635
0.4716
1.2778
0.3076
0.3084
0.301
0.3006
0.2992
0.30310000000000004
0.2885
0.2685
0.32389999999999997
0.2954
0.2853
0.2914
0.2931
0.2986
0.3145
0.31310000000000004
0.2984
0.2883
0.27649999999999997
0.2808
0.2858
0.2852
0.3004
0.3059
6.132300000000001
0.1397
0.06939999999999999
0.08410000000000001
0.0807
0.1195
0.1777
0.23670000000000002
0.3831
0.5495
0.6058
0.7951
0.843
0.7093
1.0312000000000001
1.9043999999999999
1.6035
0.7629
0.6285000000000001
0.5046999999999999
0.39790000000000003
1.5344
6.447699999999999
5.8776
1.2286000000000001
4.4145
5.9557
5.4251000000000005
4.7046
2.3337
1.7011
0.241
0.1138
0.0376
0.05
0.0417
0.06470000000000001
0.0739
0.2116
0.4163
0.9673
2.7229
4.6358999999999995
5.855499999999999
5.1372
3.3810000000000002
1.8290000000000002
1.4431
0.3556
0.3732
0.3708
0.37360000000000004
0.37429999999999997
0.5006999999999999
0.8307
0.5807
0.44279999999999997
0.232
0.19519999999999998
0.1588
0.1476
0.1658
0.247
0.9058999999999999
1.3302
2.1624
1.4842
0.22089999999999999
0.37260000000000004
0.365
0.353
0.322
0.3345
0.46709999999999996
0.4245
0.4361
0.32789999999999997
0.27480000000000004
0.26990000000000003
0.2984
0.36619999999999997
0.38249999999999995
0.3714
0.36460000000000004
0.3644
0.3917
0.47309999999999997
0.48919999999999997
0.47109999999999996
0.4888
1.1328999999999998
0.0791
0.15960000000000002
0.199
0.28090000000000004
0.30710000000000004
1.1853
2.3566000000000003
2.9505
2.9527
3.0092999999999996
3.1256
3.4681
3.5364
0.7841
0.0
0.0
0.0208
0.0
0.0
0.0151
1.1938
2.4466
2.1829
2.277
2.5068
2.9078999999999997
3.2656
3.8901000000000003
4.313700000000001
0.6227
0.7267
0.7001999999999999
0.6808
0.6184000000000001
0.6518999999999999
0.6799
0.7515000000000001
0.2572
0.1658
0.11760000000000001
0.1078
0.09029999999999999
0.0832
0.08449999999999999
0.1349
0.25
0.1409
0.1659
0.2563
0.44830000000000003
0.635
0.4716
1.2778
0.3076
0.3084
0.301
0.3006
0.2992
0.30310000000000004
0.2885
0.2685
0.32389999999999997
0.2954
0.2853
0.2914
0.2931
0.2986
0.3145
0.31310000000000004
0.2984
0.2883
0.27649999999999997
0.2808
0.2858
0.2852
0.3004
0.3059
6.132300000000001
0.1397
0.06939999999999999
0.08410000000000001
0.0807
0.1195
0.1777
0.23670000000000002
0.3831
0.5495
0.6058
0.7951
0.843
0.7093
1.0312000000000001
1.9043999999999999
1.6035
0.7629
0.6285000000000001
0.5046999999999999
0.39790000000000003
1.5344
6.447699999999999
5.8776
1.2286000000000001
4.4145
5.9557
5.4251000000000005
4.7046
2.3337
1.7011
0.241
0.1138
0.0376
0.05
0.0417
0.06470000000000001
0.0739
0.2116
0.4163
0.9673
2.7229
4.6358999999999995
5.855499999999999
5.1372
3.3810000000000002
1.8290000000000002
1.4431
0.3556
0.3732
0.3708
0.37360000000000004
0.37429999999999997
0.5006999999999999
0.8307
0.5807
0.44279999999999997
0.232
0.19519999999999998
0.1588
0.1476
0.1658
0.247
0.9058999999999999
1.3302
2.1624
1.4842
0.22089999999999999
0.37260000000000004
0.365
0.353
0.322
0.3345
0.46709999999999996
0.4245
0.4361
0.32789999999999997
0.27480000000000004
0.26990000000000003
0.2984
0.36619999999999997
0.38249999999999995
0.3714
0.36460000000000004
0.3644
0.3917
0.47309999999999997
0.48919999999999997
0.47109999999999996
0.4888
1.1328999999999998
0.0791
0.15960000000000002
0.199
0.28090000000000004
0.30710000000000004
1.1853
2.3566000000000003
2.9505
2.9527
3.0092999999999996
3.1256
3.4681
3.5364
0.7841
0.0
0.0
0.0208
0.0
0.0
0.0151
1.1938
2.4466
2.1829
2.277
2.5068
2.9078999999999997
3.2656
3.8901000000000003
4.313700000000001
0.6227
0.7267
0.7001999999999999
0.6808
0.6184000000000001
0.6518999999999999
0.6799
0.7515000000000001
0.2572
0.1658
0.11760000000000001
0.1078
0.09029999999999999
0.0832
0.08449999999999999
0.1349
0.25
0.1409
0.1659
0.2563
0.44830000000000003
0.635
0.4716
1.2778
0.3076
0.3084
0.301
0.3006
0.2992
0.30310000000000004
0.2885
0.2685
0.32389999999999997
0.2954
0.2853
0.2914
0.2931
0.2986
0.3145
0.31310000000000004
0.2984
0.2883
0.27649999999999997
0.2808
0.2858
0.2852
0.3004
0.3059
6.132300000000001
0.1397
0.06939999999999999
0.08410000000000001
0.0807
0.1195
0.1777
0.23670000000000002
0.3831
0.5495
0.6058
0.7951
0.843
0.7093
1.0312000000000001
1.9043999999999999
1.6035
0.7629
0.6285000000000001
0.5046999999999999
0.39790000000000003
1.5344
6.447699999999999
5.8776
1.2286000000000001
4.4145
5.9557
5.4251000000000005
4.7046
2.3337
1.7011
0.241
0.1138
0.0376
0.05
0.0417
0.06470000000000001
0.0739
0.2116
0.4163
0.9673
2.7229
4.6358999999999995
5.855499999999999
5.1372
3.3810000000000002
1.8290000000000002
1.4431
0.3556
0.3732
0.3708
0.37360000000000004
0.37429999999999997
0.5006999999999999
0.8307
0.5807
0.44279999999999997
0.232
0.19519999999999998
0.1588
0.1476
0.1658
0.247
0.9058999999999999
1.3302
2.1624
1.4842
0.22089999999999999
0.37260000000000004
0.365
0.353
0.322
0.3345
0.46709999999999996
0.4245
0.4361
0.32789999999999997
0.27480000000000004
0.26990000000000003
0.2984
0.36619999999999997
0.38249999999999995
0.3714
0.36460000000000004
0.3644
0.3917
0.47309999999999997
0.48919999999999997
0.47109999999999996
0.4888
1.1328999999999998
0.0791
0.15960000000000002
0.199
0.28090000000000004
0.30710000000000004
1.1853
2.3566000000000003
2.9505
2.9527
3.0092999999999996
3.1256
3.4681
3.5364
0.7841
0.0
0.0
0.0208
0.0
0.0
0.0151
1.1938
2.4466
2.1829
2.277
2.5068
2.9078999999999997
3.2656
3.8901000000000003
4.313700000000001
0.6227
0.7267
0.7001999999999999
0.6808
0.6184000000000001
0.6518999999999999
0.6799
0.7515000000000001
0.2572
0.1658
0.11760000000000001
0.1078
0.09029999999999999
0.0832
0.08449999999999999
0.1349
0.25
0.1409
0.1659
0.2563
0.44830000000000003
0.635
0.4716
1.2778
0.3076
0.3084
0.301
0.3006
0.2992
0.30310000000000004
0.2885
0.2685
0.32389999999999997
0.2954
0.2853
0.2914
0.2931
0.2986
0.3145
0.31310000000000004
0.2984
0.2883
0.27649999999999997
0.2808
0.2858
0.2852
0.3004
0.3059
6.132300000000001
0.1397
0.06939999999999999
0.08410000000000001
0.0807
0.1195
0.1777
0.23670000000000002
0.3831
0.5495
0.6058
0.7951
0.843
0.7093
1.0312000000000001
1.9043999999999999
1.6035
0.7629
0.6285000000000001
0.5046999999999999
0.39790000000000003
1.5344
6.447699999999999
5.8776
1.2286000000000001
4.4145
5.9557
5.4251000000000005
4.7046
2.3337
1.7011
0.241
0.1138
0.0376
0.05
0.0417
0.06470000000000001
0.0739
0.2116
0.4163
0.9673
2.7229
4.6358999999999995
5.855499999999999
5.1372
3.3810000000000002
1.8290000000000002
1.4431
0.3556
0.3732
0.3708
0.37360000000000004
0.37429999999999997
0.5006999999999999
0.8307
0.5807
0.44279999999999997
0.232
0.19519999999999998
0.1588
0.1476
0.1658
0.247
0.9058999999999999
1.3302
2.1624
1.4842
0.22089999999999999
0.37260000000000004
0.365
0.353
0.322
0.3345
0.46709999999999996
0.4245
0.4361
0.32789999999999997
0.27480000000000004
0.26990000000000003
0.2984
0.36619999999999997
0.38249999999999995
0.3714
0.36460000000000004
0.3644
0.3917
0.47309999999999997
0.48919999999999997
0.47109999999999996
0.4888
1.1328999999999998
0.0791
0.15960000000000002
0.199
0.28090000000000004
0.30710000000000004
1.1853
2.3566000000000003
2.9505
2.9527
3.0092999999999996
3.1256
3.4681
3.5364
0.7841
0.0
0.0
0.0208
0.0
0.0
0.0151
1.1938
2.4466
2.1829
2.277
2.5068
2.9078999999999997
3.2656
3.8901000000000003
4.313700000000001
0.6227
0.7267
0.7001999999999999
0.6808
0.6184000000000001
0.6518999999999999
0.6799
0.7515000000000001
0.2572
0.1658
0.11760000000000001
0.1078
0.09029999999999999
0.0832
0.08449999999999999
0.1349
0.25
0.1409
0.1659
0.2563
0.44830000000000003
0.635
0.4716
1.2778
0.3076
0.3084
0.301
0.3006
0.2992
0.30310000000000004
0.2885
0.2685
0.32389999999999997
0.2954
0.2853
0.2914
0.2931
0.2986
0.3145
0.31310000000000004
0.2984
0.2883
0.27649999999999997
0.2808
0.2858
0.2852
0.3004
0.3059
0.3459
0.9541999999999999
0.8835
0.44930000000000003
0.5960000000000001
0.6542
0.6163000000000001
0.9604999999999999
0.565
0.5908
0.4536
1.6319
0.612
0.271
0.2476
0.2049
0.6759000000000001
0.2344
0.1824
0.19369999999999998
0.19269999999999998
0.2291
0.2655
0.2865
0.1457
0.1411
0.13890000000000002
0.1401
0.1366
0.1276
0.1137
0.1226
0.1287
0.13219999999999998
0.12040000000000001
0.13679999999999998
0.1336
0.13119999999999998
0.13790000000000002
0.13190000000000002
0.1279
0.1265
0.1275
0.1356
0.1335
0.13790000000000002
0.1627
0.16549999999999998
0.15510000000000002
0.1482
0.1539
0.14939999999999998
0.7626000000000001
0.39390000000000003
0.5992
0.0904
0.1273
0.1255
0.1321
0.11510000000000001
0.1074
0.1053
0.09179999999999999
0.0587
0.0654
0.7674
1.1857
0.7641
0.0
0.0
0.0
0.0076
0.1414
0.4898
0.4573
0.5901
0.1694
0.1436
0.1871
0.4118
0.6643
0.666
0.3668
0.1956
0.2087
0.1995
0.2261
0.3842
0.7138
0.48910000000000003
0.4496
0.4366
0.5397000000000001
0.6858
1.2833999999999999
1.0804
0.0183
0.0183
0.0189
0.0175
0.0179
0.0246
0.0225
0.0216
0.0169
0.0212
0.0205
0.0242
0.027000000000000003
0.026000000000000002
0.027
0.027200000000000002
0.0282
0.033
0.022
0.0221
0.019
0.015099999999999999
0.0162
0.0224
0.5377
0.4464
0.4952
0.2097
0.0794
0.1051
0.4177
0.8266
0.2392
0.1968
0.14400000000000002
0.1369
0.12340000000000001
0.1201
0.1534
0.2057
0.1881
0.16770000000000002
0.1795
0.2425
0.2551
0.11599999999999999
0.0669
0.1618
0.20550000000000002
0.2475
0.20939999999999998
0.2147
0.2131
0.194
0.2643
0.8943000000000001
0.1119
0.2163
0.3395
0.5054000000000001
0.3371
0.20929999999999999
0.19669999999999999
0.28200000000000003
0.1378
0.1372
0.1145
0.0862
0.058499999999999996
0.057300000000000004
0.06470000000000001
0.08310000000000001
0.3459
0.9541999999999999
0.8835
0.44930000000000003
0.5960000000000001
0.6542
0.6163000000000001
0.9604999999999999
0.565
0.5908
0.4536
1.6319
0.612
0.271
0.2476
0.2049
0.6759000000000001
0.2344
0.1824
0.19369999999999998
0.19269999999999998
0.2291
0.2655
0.2865
0.1457
0.1411
0.13890000000000002
0.1401
0.1366
0.1276
0.1137
0.1226
0.1287
0.13219999999999998
0.12040000000000001
0.13679999999999998
0.1336
0.13119999999999998
0.13790000000000002
0.13190000000000002
0.1279
0.1265
0.1275
0.1356
0.1335
0.13790000000000002
0.1627
0.16549999999999998
0.15510000000000002
0.1482
0.1539
0.14939999999999998
0.7626000000000001
0.39390000000000003
0.5992
0.0904
0.1273
0.1255
0.1321
0.11510000000000001
0.1074
0.1053
0.09179999999999999
0.0587
0.0654
0.7674
1.1857
0.7641
0.0
0.0
0.0
0.0076
0.1414
0.4898
0.4573
0.5901
0.1694
0.1436
0.1871
0.4118
0.6643
0.666
0.3668
0.1956
0.2087
0.1995
0.2261
0.3842
0.7138
0.48910000000000003
0.4496
0.4366
0.5397000000000001
0.6858
1.2833999999999999
1.0804
0.0183
0.0183
0.0189
0.0175
0.0179
0.0246
0.0225
0.0216
0.0169
0.0212
0.0205
0.0242
0.027000000000000003
0.026000000000000002
0.027
0.027200000000000002
0.0282
0.033
0.022
0.0221
0.019
0.015099999999999999
0.0162
0.0224
0.5377
0.4464
0.4952
0.2097
0.0794
0.1051
0.4177
0.8266
0.2392
0.1968
0.14400000000000002
0.1369
0.12340000000000001
0.1201
0.1534
0.2057
0.1881
0.16770000000000002
0.1795
0.2425
0.2551
0.11599999999999999
0.0669
0.1618
0.20550000000000002
0.2475
0.20939999999999998
0.2147
0.2131
0.194
0.2643
0.8943000000000001
0.1119
0.2163
0.3395
0.5054000000000001
0.3371
0.20929999999999999
0.19669999999999999
0.28200000000000003
0.1378
0.1372
0.1145
0.0862
0.058499999999999996
0.057300000000000004
0.06470000000000001
0.08310000000000001
0.3459
0.9541999999999999
0.8835
0.44930000000000003
0.5960000000000001
0.6542
0.6163000000000001
0.9604999999999999
0.565
0.5908
0.4536
1.6319
0.612
0.271
0.2476
0.2049
0.6759000000000001
0.2344
0.1824
0.19369999999999998
0.19269999999999998
0.2291
0.2655
0.2865
0.1457
0.1411
0.13890000000000002
0.1401
0.1366
0.1276
0.1137
0.1226
0.1287
0.13219999999999998
0.12040000000000001
0.13679999999999998
0.1336
0.13119999999999998
0.13790000000000002
0.13190000000000002
0.1279
0.1265
0.1275
0.1356
0.1335
0.13790000000000002
0.1627
0.16549999999999998
0.15510000000000002
0.1482
0.1539
0.14939999999999998
0.7626000000000001
0.39390000000000003
0.5992
0.0904
0.1273
0.1255
0.1321
0.11510000000000001
0.1074
0.1053
0.09179999999999999
0.0587
0.0654
0.7674
1.1857
0.7641
0.0
0.0
0.0
0.0076
0.1414
0.4898
0.4573
0.5901
0.1694
0.1436
0.1871
0.4118
0.6643
0.666
0.3668
0.1956
0.2087
0.1995
0.2261
0.3842
0.7138
0.48910000000000003
0.4496
0.4366
0.5397000000000001
0.6858
1.2833999999999999
1.0804
0.0183
0.0183
0.0189
0.0175
0.0179
0.0246
0.0225
0.0216
0.0169
0.0212
0.0205
0.0242
0.027000000000000003
0.026000000000000002
0.027
0.027200000000000002
0.0282
0.033
0.022
0.0221
0.019
0.015099999999999999
0.0162
0.0224
0.5377
0.4464
0.4952
0.2097
0.0794
0.1051
0.4177
0.8266
0.2392
0.1968
0.14400000000000002
0.1369
0.12340000000000001
0.1201
0.1534
0.2057
0.1881
0.16770000000000002
0.1795
0.2425
0.2551
0.11599999999999999
0.0669
0.1618
0.20550000000000002
0.2475
0.20939999999999998
0.2147
0.2131
0.194
0.2643
0.8943000000000001
0.1119
0.2163
0.3395
0.5054000000000001
0.3371
0.20929999999999999
0.19669999999999999
0.28200000000000003
0.1378
0.1372
0.1145
0.0862
0.058499999999999996
0.057300000000000004
0.06470000000000001
0.08310000000000001
0.3459
0.9541999999999999
0.8835
0.44930000000000003
0.5960000000000001
0.6542
0.6163000000000001
0.9604999999999999
0.565
0.5908
0.4536
1.6319
0.612
0.271
0.2476
0.2049
0.6759000000000001
0.2344
0.1824
0.19369999999999998
0.19269999999999998
0.2291
0.2655
0.2865
0.1457
0.1411
0.13890000000000002
0.1401
0.1366
0.1276
0.1137
0.1226
0.1287
0.13219999999999998
0.12040000000000001
0.13679999999999998
0.1336
0.13119999999999998
0.13790000000000002
0.13190000000000002
0.1279
0.1265
0.1275
0.1356
0.1335
0.13790000000000002
0.1627
0.16549999999999998
0.15510000000000002
0.1482
0.1539
0.14939999999999998
0.7626000000000001
0.39390000000000003
0.5992
0.0904
0.1273
0.1255
0.1321
0.11510000000000001
0.1074
0.1053
0.09179999999999999
0.0587
0.0654
0.7674
1.1857
0.7641
0.0
0.0
0.0
0.0076
0.1414
0.4898
0.4573
0.5901
0.1694
0.1436
0.1871
0.4118
0.6643
0.666
0.3668
0.1956
0.2087
0.1995
0.2261
0.3842
0.7138
0.48910000000000003
0.4496
0.4366
0.5397000000000001
0.6858
1.2833999999999999
1.0804
0.0183
0.0183
0.0189
0.0175
0.0179
0.0246
0.0225
0.0216
0.0169
0.0212
0.0205
0.0242
0.027000000000000003
0.026000000000000002
0.027
0.027200000000000002
0.0282
0.033
0.022
0.0221
0.019
0.015099999999999999
0.0162
0.0224
0.5377
0.4464
0.4952
0.2097
0.0794
0.1051
0.4177
0.8266
0.2392
0.1968
0.14400000000000002
0.1369
0.12340000000000001
0.1201
0.1534
0.2057
0.1881
0.16770000000000002
0.1795
0.2425
0.2551
0.11599999999999999
0.0669
0.1618
0.20550000000000002
0.2475
0.20939999999999998
0.2147
0.2131
0.194
0.2643
0.8943000000000001
0.1119
0.2163
0.3395
0.5054000000000001
0.3371
0.20929999999999999
0.19669999999999999
0.28200000000000003
0.1378
0.1372
0.1145
0.0862
0.058499999999999996
0.057300000000000004
0.06470000000000001
0.08310000000000001
0.3459
0.9541999999999999
0.8835
0.44930000000000003
0.5960000000000001
0.6542
0.6163000000000001
0.9604999999999999
0.565
0.5908
0.4536
1.6319
0.612
0.271
0.2476
0.2049
0.6759000000000001
0.2344
0.1824
0.19369999999999998
0.19269999999999998
0.2291
0.2655
0.2865
0.1457
0.1411
0.13890000000000002
0.1401
0.1366
0.1276
0.1137
0.1226
0.1287
0.13219999999999998
0.12040000000000001
0.13679999999999998
0.1336
0.13119999999999998
0.13790000000000002
0.13190000000000002
0.1279
0.1265
0.1275
0.1356
0.1335
0.13790000000000002
0.1627
0.16549999999999998
0.15510000000000002
0.1482
0.1539
0.14939999999999998
0.7626000000000001
0.39390000000000003
0.5992
0.0904
0.1273
0.1255
0.1321
0.11510000000000001
0.1074
0.1053
0.09179999999999999
0.0587
0.0654
0.7674
1.1857
0.7641
0.0
0.0
0.0
0.0076
0.16649999999999998
0.049100000000000005
0.0263
0.036
0.0497
0.0511
0.052000000000000005
0.0813
0.2219
0.2922
0.37849999999999995
0.3685
0.2401
0.1656
0.1419
0.0944
0.0615
0.0584
0.0336
0.037599999999999995
0.0023
0.195
0.6698999999999999
0.5486
0.7524
0.657
1.2504
0.2872
0.6522
0.6438999999999999
0.509
0.7933
0.39490000000000003
0.4628
0.3984
1.3408
0.651
0.3523
0.33940000000000003
0.6617000000000001
1.256
0.28400000000000003
0.30079999999999996
0.2601
0.25749999999999995
0.2701
0.29700000000000004
0.3431
0.15450000000000003
0.14250000000000002
0.14300000000000002
0.1501
0.1588
0.20500000000000002
0.28559999999999997
0.43010000000000004
0.6386000000000001
0.5165
0.1454
0.8744
0.0
0.0426
0.0621
0.1703
0.055999999999999994
0.0
0.9977
0.21989999999999998
0.4116
0.4949
0.2522
0.1724
2.2388000000000003
0.1103
1.2551
2.1109
2.5928
0.2486
2.1875999999999998
0.4646
2.3725
0.6353
0.16699999999999998
0.2042
0.3046
0.2563
0.3513
0.2673
0.26680000000000004
0.33199999999999996
0.4179
0.3326
0.4648
0.4152
0.2773
0.138
0.38060000000000005
0.37060000000000004
0.358
0.366
0.3816
0.4469
0.4638
0.25980000000000003
0.1686
0.1265
0.10969999999999999
0.1165
0.131
0.1279
0.1508
0.8221
0.6618999999999999
0.7878000000000001
0.9207000000000001
0.7745
0.5299
0.4301
0.3553
2.1856
0.025300000000000003
0.0271
0.0347
0.024300000000000002
0.0201
0.0532
0.10919999999999999
0.27590000000000003
0.2767
0.2743
0.22499999999999998
0.18630000000000002
0.19140000000000001
0.18209999999999998
0.8203
0.6002
0.1237
1.1758000000000002
0.5358
0.7102
0.0655
0.0217
0.0
0.0165
0.9633
0.5458
0.4677
0.4338
0.4323
0.4777
0.4803
0.4817
0.4115
0.4172
0.3968
0.45089999999999997
2.5037000000000003
0.349
0.4036
0.42469999999999997
0.3602
0.29090000000000005
0.3065
0.3396
0.4403
0.669
0.6967
0.8202
0.16649999999999998
0.049100000000000005
0.0263
0.036
0.0497
0.0511
0.052000000000000005
0.0813
0.2219
0.2922
0.37849999999999995
0.3685
0.2401
0.1656
0.1419
0.0944
0.0615
0.0584
0.0336
0.037599999999999995
0.0023
0.195
0.6698999999999999
0.5486
0.7524
0.657
1.2504
0.2872
0.6522
0.6438999999999999
0.509
0.7933
0.39490000000000003
0.4628
0.3984
1.3408
0.651
0.3523
0.33940000000000003
0.6617000000000001
1.256
0.28400000000000003
0.30079999999999996
0.2601
0.25749999999999995
0.2701
0.29700000000000004
0.3431
0.15450000000000003
0.14250000000000002
0.14300000000000002
0.1501
0.1588
0.20500000000000002
0.28559999999999997
0.43010000000000004
0.6386000000000001
0.5165
0.1454
0.8744
0.0
0.0426
0.0621
0.1703
0.055999999999999994
0.0
0.9977
0.21989999999999998
0.4116
0.4949
0.2522
0.1724
2.2388000000000003
0.1103
1.2551
2.1109
2.5928
0.2486
2.1875999999999998
0.4646
2.3725
0.6353
0.16699999999999998
0.2042
0.3046
0.2563
0.3513
0.2673
0.26680000000000004
0.33199999999999996
0.4179
0.3326
0.4648
0.4152
0.2773
0.138
0.38060000000000005
0.37060000000000004
0.358
0.366
0.3816
0.4469
0.4638
0.25980000000000003
0.1686
0.1265
0.10969999999999999
0.1165
0.131
0.1279
0.1508
0.8221
0.6618999999999999
0.7878000000000001
0.9207000000000001
0.7745
0.5299
0.4301
0.3553
2.1856
0.025300000000000003
0.0271
0.0347
0.024300000000000002
0.0201
0.0532
0.10919999999999999
0.27590000000000003
0.2767
0.2743
0.22499999999999998
0.18630000000000002
0.19140000000000001
0.18209999999999998
0.8203
0.6002
0.1237
1.1758000000000002
0.5358
0.7102
0.0655
0.0217
0.0
0.0165
0.9633
0.5458
0.4677
0.4338
0.4323
0.4777
0.4803
0.4817
0.4115
0.4172
0.3968
0.45089999999999997
2.5037000000000003
0.349
0.4036
0.42469999999999997
0.3602
0.29090000000000005
0.3065
0.3396
0.4403
0.669
0.6967
0.8202
0.16649999999999998
0.049100000000000005
0.0263
0.036
0.0497
0.0511
0.052000000000000005
0.0813
0.2219
0.2922
0.37849999999999995
0.3685
0.2401
0.1656
0.1419
0.0944
0.0615
0.0584
0.0336
0.037599999999999995
0.0023
0.195
0.6698999999999999
0.5486
0.7524
0.657
1.2504
0.2872
0.6522
0.6438999999999999
0.509
0.7933
0.39490000000000003
0.4628
0.3984
1.3408
0.651
0.3523
0.33940000000000003
0.6617000000000001
1.256
0.28400000000000003
0.30079999999999996
0.2601
0.25749999999999995
0.2701
0.29700000000000004
0.3431
0.15450000000000003
0.14250000000000002
0.14300000000000002
0.1501
0.1588
0.20500000000000002
0.28559999999999997
0.43010000000000004
0.6386000000000001
0.5165
0.1454
0.8744
0.0
0.0426
0.0621
0.1703
0.055999999999999994
0.0
0.9977
0.21989999999999998
0.4116
0.4949
0.2522
0.1724
2.2388000000000003
0.1103
1.2551
2.1109
2.5928
0.2486
2.1875999999999998
0.4646
2.3725
0.6353
0.16699999999999998
0.2042
0.3046
0.2563
0.3513
0.2673
0.26680000000000004
0.33199999999999996
0.4179
0.3326
0.4648
0.4152
0.2773
0.138
0.38060000000000005
0.37060000000000004
0.358
0.366
0.3816
0.4469
0.4638
0.25980000000000003
0.1686
0.1265
0.10969999999999999
0.1165
0.131
0.1279
0.1508
0.8221
0.6618999999999999
0.7878000000000001
0.9207000000000001
0.7745
0.5299
0.4301
0.3553
2.1856
0.025300000000000003
0.0271
0.0347
0.024300000000000002
0.0201
0.0532
0.10919999999999999
0.27590000000000003
0.2767
0.2743
0.22499999999999998
0.18630000000000002
0.19140000000000001
0.18209999999999998
0.8203
0.6002
0.1237
1.1758000000000002
0.5358
0.7102
0.0655
0.0217
0.0
0.0165
0.9633
0.5458
0.4677
0.4338
0.4323
0.4777
0.4803
0.4817
0.4115
0.4172
0.3968
0.45089999999999997
2.5037000000000003
0.349
0.4036
0.42469999999999997
0.3602
0.29090000000000005
0.3065
0.3396
0.4403
0.669
0.6967
0.8202
0.16649999999999998
0.049100000000000005
0.0263
0.036
0.0497
0.0511
0.052000000000000005
0.0813
0.2219
0.2922
0.37849999999999995
0.3685
0.2401
0.1656
0.1419
0.0944
0.0615
0.0584
0.0336
0.037599999999999995
0.0023
0.195
0.6698999999999999
0.5486
0.7524
0.657
1.2504
0.2872
0.6522
0.6438999999999999
0.509
0.7933
0.39490000000000003
0.4628
0.3984
1.3408
0.651
0.3523
0.33940000000000003
0.6617000000000001
1.256
0.28400000000000003
0.30079999999999996
0.2601
0.25749999999999995
0.2701
0.29700000000000004
0.3431
0.15450000000000003
0.14250000000000002
0.14300000000000002
0.1501
0.1588
0.20500000000000002
0.28559999999999997
0.43010000000000004
0.6386000000000001
0.5165
0.1454
0.8744
0.0
0.0426
0.0621
0.1703
0.055999999999999994
0.0
0.9977
0.21989999999999998
0.4116
0.4949
0.2522
0.1724
2.2388000000000003
0.1103
1.2551
2.1109
2.5928
0.2486
2.1875999999999998
0.4646
2.3725
0.6353
0.16699999999999998
0.2042
0.3046
0.2563
0.3513
0.2673
0.26680000000000004
0.33199999999999996
0.4179
0.3326
0.4648
0.4152
0.2773
0.138
0.38060000000000005
0.37060000000000004
0.358
0.366
0.3816
0.4469
0.4638
0.25980000000000003
0.1686
0.1265
0.10969999999999999
0.1165
0.131
0.1279
0.1508
0.8221
0.6618999999999999
0.7878000000000001
0.9207000000000001
0.7745
0.5299
0.4301
0.3553
2.1856
0.025300000000000003
0.0271
0.0347
0.024300000000000002
0.0201
0.0532
0.10919999999999999
0.27590000000000003
0.2767
0.2743
0.22499999999999998
0.18630000000000002
0.19140000000000001
0.18209999999999998
0.8203
0.6002
0.1237
1.1758000000000002
0.5358
0.7102
0.0655
0.0217
0.0
0.0165
0.9633
0.5458
0.4677
0.4338
0.4323
0.4777
0.4803
0.4817
0.4115
0.4172
0.3968
0.45089999999999997
2.5037000000000003
0.349
0.4036
0.42469999999999997
0.3602
0.29090000000000005
0.3065
0.3396
0.4403
0.669
0.6967
0.8202
0.16649999999999998
0.049100000000000005
0.0263
0.036
0.0497
0.0511
0.052000000000000005
0.0813
0.2219
0.2922
0.37849999999999995
0.3685
0.2401
0.1656
0.1419
0.0944
0.0615
0.0584
0.0336
0.037599999999999995
0.0023
0.195
0.6698999999999999
0.5486
0.7524
0.657
1.2504
0.2872
0.6522
0.6438999999999999
0.509
0.7933
0.39490000000000003
0.4628
0.3984
1.3408
0.651
0.3523
0.33940000000000003
0.6617000000000001
1.256
0.28400000000000003
0.30079999999999996
0.2601
0.25749999999999995
0.2701
0.29700000000000004
0.3431
0.15450000000000003
0.14250000000000002
0.14300000000000002
0.1501
0.1588
0.20500000000000002
0.28559999999999997
0.43010000000000004
0.6386000000000001
0.5165
0.1454
0.8744
0.0
0.0426
0.0621
0.1703
0.055999999999999994
0.0
0.9977
0.21989999999999998
0.4116
0.4949
0.2522
0.1724
0.4901
0.4466
0.42469999999999997
0.4158
0.40790000000000004
0.41759999999999997
0.4376
0.5014000000000001
0.5919
0.6768
0.7074
0.7363999999999999
0.7032
0.6997
0.8067
0.9716
0.9382
1.2707000000000002
1.0697999999999999
0.9467
0.9628
0.9999
1.0592
1.2111
0.3226
0.30210000000000004
0.2903
0.275
0.2704
0.2743
0.2643
0.2579
0.2762
0.842
0.5410999999999999
0.5462
0.4602
0.431
0.4364
1.3753
1.3227
0.5815
0.4848
0.4637
0.47450000000000003
0.4665
0.44289999999999996
0.3891
0.3054
0.1462
0.11549999999999999
0.09720000000000001
0.11579999999999999
0.1192
0.135
0.1875
0.2835
0.3863
0.5046999999999999
0.5640000000000001
0.8648
1.2711000000000001
0.3293
0.2626
0.2978
0.6646000000000001
0.3327
0.2244
0.2654
0.9028
1.3540999999999999
1.7154
0.0935
0.08449999999999999
0.0897
0.089
0.0947
0.1173
0.16770000000000002
0.1374
0.1557
0.1392
0.14200000000000002
0.12459999999999999
0.1366
0.1471
0.2117
0.1445
0.152
0.23600000000000002
0.974
0.0322
0.049100000000000005
0.0539
0.0464
0.07289999999999999
0.2359
0.42769999999999997
0.1713
0.10089999999999999
0.11810000000000001
0.1483
0.14479999999999998
0.1658
0.12569999999999998
0.1045
0.1995
1.0612
0.21910000000000002
0.0091
0.0368
0.0096
0.0059
0.6949000000000001
0.0241
0.0182
0.041800000000000004
0.0638
0.6111
1.8637000000000001
0.4232
0.3982
0.3864
0.37660000000000005
0.3791
0.4051
0.445
0.40800000000000003
0.406
0.372
0.3486
0.3294
0.34309999999999996
0.3618
0.39649999999999996
0.45909999999999995
0.4511
0.4693
0.879
0.8193999999999999
0.8291999999999999
0.7762
0.9300999999999999
1.4978
0.2921
0.2511
0.2538
0.2396
0.2427
0.24109999999999998
0.2314
0.3335
0.2964
0.3986
0.42810000000000004
0.4692
0.2032
0.1133
0.1296
0.12110000000000001
0.1357
0.2439
0.3415
0.3476
0.8787
1.3347000000000002
0.9642
0.5457000000000001
0.4901
0.4466
0.42469999999999997
0.4158
0.40790000000000004
0.41759999999999997
0.4376
0.5014000000000001
0.5919
0.6768
0.7074
0.7363999999999999
0.7032
0.6997
0.8067
0.9716
0.9382
1.2707000000000002
1.0697999999999999
0.9467
0.9628
0.9999
1.0592
1.2111
0.3226
0.30210000000000004
0.2903
0.275
0.2704
0.2743
0.2643
0.2579
0.2762
0.842
0.5410999999999999
0.5462
0.4602
0.431
0.4364
1.3753
1.3227
0.5815
0.4848
0.4637
0.47450000000000003
0.4665
0.44289999999999996
0.3891
0.3054
0.1462
0.11549999999999999
0.09720000000000001
0.11579999999999999
0.1192
0.135
0.1875
0.2835
0.3863
0.5046999999999999
0.5640000000000001
0.8648
1.2711000000000001
0.3293
0.2626
0.2978
0.6646000000000001
0.3327
0.2244
0.2654
0.9028
1.3540999999999999
1.7154
0.0935
0.08449999999999999
0.0897
0.089
0.0947
0.1173
0.16770000000000002
0.1374
0.1557
0.1392
0.14200000000000002
0.12459999999999999
0.1366
0.1471
0.2117
0.1445
0.152
0.23600000000000002
0.974
0.0322
0.049100000000000005
0.0539
0.0464
0.07289999999999999
0.2359
0.42769999999999997
0.1713
0.10089999999999999
0.11810000000000001
0.1483
0.14479999999999998
0.1658
0.12569999999999998
0.1045
0.1995
1.0612
0.21910000000000002
0.0091
0.0368
0.0096
0.0059
0.6949000000000001
0.0241
0.0182
0.041800000000000004
0.0638
0.6111
1.8637000000000001
0.4232
0.3982
0.3864
0.37660000000000005
0.3791
0.4051
0.445
0.40800000000000003
0.406
0.372
0.3486
0.3294
0.34309999999999996
0.3618
0.39649999999999996
0.45909999999999995
0.4511
0.4693
0.879
0.8193999999999999
0.8291999999999999
0.7762
0.9300999999999999
1.4978
0.2921
0.2511
0.2538
0.2396
0.2427
0.24109999999999998
0.2314
0.3335
0.2964
0.3986
0.42810000000000004
0.4692
0.2032
0.1133
0.1296
0.12110000000000001
0.1357
0.2439
0.3415
0.3476
0.8787
1.3347000000000002
0.9642
0.5457000000000001
0.4901
0.4466
0.42469999999999997
0.4158
0.40790000000000004
0.41759999999999997
0.4376
0.5014000000000001
0.5919
0.6768
0.7074
0.7363999999999999
0.7032
0.6997
0.8067
0.9716
0.9382
1.2707000000000002
1.0697999999999999
0.9467
0.9628
0.9999
1.0592
1.2111
0.3226
0.30210000000000004
0.2903
0.275
0.2704
0.2743
0.2643
0.2579
0.2762
0.842
0.5410999999999999
0.5462
0.4602
0.431
0.4364
1.3753
1.3227
0.5815
0.4848
0.4637
0.47450000000000003
0.4665
0.44289999999999996
0.3891
0.3054
0.1462
0.11549999999999999
0.09720000000000001
0.11579999999999999
0.1192
0.135
0.1875
0.2835
0.3863
0.5046999999999999
0.5640000000000001
0.8648
1.2711000000000001
0.3293
0.2626
0.2978
0.6646000000000001
0.3327
0.2244
0.2654
0.9028
1.3540999999999999
1.7154
0.0935
0.08449999999999999
0.0897
0.089
0.0947
0.1173
0.16770000000000002
0.1374
0.1557
0.1392
0.14200000000000002
0.12459999999999999
0.1366
0.1471
0.2117
0.1445
0.152
0.23600000000000002
0.974
0.0322
0.049100000000000005
0.0539
0.0464
0.07289999999999999
0.2359
0.42769999999999997
0.1713
0.10089999999999999
0.11810000000000001
0.1483
0.14479999999999998
0.1658
0.12569999999999998
0.1045
0.1995
1.0612
0.21910000000000002
0.0091
0.0368
0.0096
0.0059
0.6949000000000001
0.0241
0.0182
0.041800000000000004
0.0638
0.6111
1.8637000000000001
0.4232
0.3982
0.3864
0.37660000000000005
0.3791
0.4051
0.445
0.40800000000000003
0.406
0.372
0.3486
0.3294
0.34309999999999996
0.3618
0.39649999999999996
0.45909999999999995
0.4511
0.4693
0.879
0.8193999999999999
0.8291999999999999
0.7762
0.9300999999999999
1.4978
0.2921
0.2511
0.2538
0.2396
0.2427
0.24109999999999998
0.2314
0.3335
0.2964
0.3986
0.42810000000000004
0.4692
0.2032
0.1133
0.1296
0.12110000000000001
0.1357
0.2439
0.3415
0.3476
0.8787
1.3347000000000002
0.9642
0.5457000000000001
0.4901
0.4466
0.42469999999999997
0.4158
0.40790000000000004
0.41759999999999997
0.4376
0.5014000000000001
0.5919
0.6768
0.7074
0.7363999999999999
0.7032
0.6997
0.8067
0.9716
0.9382
1.2707000000000002
1.0697999999999999
0.9467
0.9628
0.9999
1.0592
1.2111
0.3226
0.30210000000000004
0.2903
0.275
0.2704
0.2743
0.2643
0.2579
0.2762
0.842
0.5410999999999999
0.5462
0.4602
0.431
0.4364
1.3753
1.3227
0.5815
0.4848
0.4637
0.47450000000000003
0.4665
0.44289999999999996
0.3891
0.3054
0.1462
0.11549999999999999
0.09720000000000001
0.11579999999999999
0.1192
0.135
0.1875
0.2835
0.3863
0.5046999999999999
0.5640000000000001
0.8648
1.2711000000000001
0.3293
0.2626
0.2978
0.6646000000000001
0.3327
0.2244
0.2654
0.9028
1.3540999999999999
1.7154
0.0935
0.08449999999999999
0.0897
0.089
0.0947
0.1173
0.16770000000000002
0.1374
0.1557
0.1392
0.14200000000000002
0.12459999999999999
0.1366
0.1471
0.2117
0.1445
0.152
0.23600000000000002
0.974
0.0322
0.049100000000000005
0.0539
0.0464
0.07289999999999999
0.2359
0.42769999999999997
0.1713
0.10089999999999999
0.11810000000000001
0.1483
0.14479999999999998
0.1658
0.12569999999999998
0.1045
0.1995
1.0612
0.21910000000000002
0.0091
0.0368
0.0096
0.0059
0.6949000000000001
0.0241
0.0182
0.041800000000000004
0.0638
0.6111
1.8637000000000001
0.4232
0.3982
0.3864
0.37660000000000005
0.3791
0.4051
0.445
0.40800000000000003
0.406
0.372
0.3486
0.3294
0.34309999999999996
0.3618
0.39649999999999996
0.45909999999999995
0.4511
0.4693
0.879
0.8193999999999999
0.8291999999999999
0.7762
0.9300999999999999
1.4978
0.2921
0.2511
0.2538
0.2396
0.2427
0.24109999999999998
0.2314
0.3335
0.2964
0.3986
0.42810000000000004
0.4692
0.2032
0.1133
0.1296
0.12110000000000001
0.1357
0.2439
0.3415
0.3476
0.8787
1.3347000000000002
0.9642
0.5457000000000001
0.4901
0.4466
0.42469999999999997
0.4158
0.40790000000000004
0.41759999999999997
0.4376
0.5014000000000001
0.5919
0.6768
0.7074
0.7363999999999999
0.7032
0.6997
0.8067
0.9716
0.9382
1.2707000000000002
1.0697999999999999
0.9467
0.9628
0.9999
1.0592
1.2111
0.3226
0.30210000000000004
0.2903
0.275
0.2704
0.2743
0.2643
0.2579
0.2762
0.842
0.5410999999999999
0.5462
0.4602
0.431
0.4364
1.3753
1.3227
0.5815
0.4848
0.4637
0.47450000000000003
0.4665
0.44289999999999996
0.3891
0.7478
0.7162999999999999
0.9037999999999999
0.5754
0.5797
0.5658000000000001
0.585
0.6677
0.5925
0.6840999999999999
0.7028000000000001
0.9605999999999999
0.8303
0.7289000000000001
0.6726
0.6955
0.7706
1.8043
1.4332
1.3732
1.4479
1.5181
1.7182
1.4777
0.8127
2.7226999999999997
2.9541
3.2381
3.2627
0.3295
0.0233
0.0057
0.011
0.008
0.0095
0.0122
0.0229
0.0252
0.0433
0.0205
0.0
0.0297
0.8874
1.8213
3.3778
4.3776
4.9460999999999995
6.2763
0.2801
0.2763
0.2449
0.7937000000000001
0.8516
0.3401
0.392
0.5093
0.5488
0.5785
0.6384
0.7715000000000001
0.9286
1.0203
0.9372
0.6476999999999999
0.5774
0.6315999999999999
0.7970999999999999
0.5756
0.4685
0.393
0.33509999999999995
0.29479999999999995
0.26070000000000004
0.2787
0.2639
0.3482
0.39780000000000004
0.2943
1.4650999999999998
1.8421
1.4726000000000001
1.986
3.4339999999999997
7.534
4.266
0.9184000000000001
0.2062
0.0392
0.0398
0.0758
0.0077
0.0215
0.0
0.009
0.2282
1.7471999999999999
0.2533
0.2143
0.19669999999999999
0.2001
0.2208
0.2602
0.338
0.4012
0.45389999999999997
0.4948
0.6377999999999999
1.8439
0.9480999999999999
0.7699
1.1765
0.5142
0.868
0.5856
0.7313000000000001
0.44789999999999996
0.5693999999999999
0.5270999999999999
0.4414
0.29910000000000003
0.49829999999999997
0.4049
0.4072
0.2955
0.2592
0.2481
0.22870000000000001
0.24930000000000002
0.2137
0.19219999999999998
0.20750000000000002
0.5423
0.4406
0.2395
0.2679
0.2375
2.1548
0.742
0.644
0.8137
0.8064
0.5477
0.4192
0.8942000000000001
4.3799
7.7592
7.3755
7.002800000000001
4.4329
1.9885
2.9693
1.2073
0.2258
0.0587
0.0183
0.0547
0.0746
0.0454
0.11699999999999999
2.7696
1.1539
0.8426
1.2786
1.9811
2.2891
2.0453
1.3715000000000002
1.1002
0.7478
0.7162999999999999
0.9037999999999999
0.5754
0.5797
0.5658000000000001
0.585
0.6677
0.5925
0.6840999999999999
0.7028000000000001
0.9605999999999999
0.8303
0.7289000000000001
0.6726
0.6955
0.7706
1.8043
1.4332
1.3732
1.4479
1.5181
1.7182
1.4777
0.8127
2.7226999999999997
2.9541
3.2381
3.2627
0.3295
0.0233
0.0057
0.011
0.008
0.0095
0.0122
0.0229
0.0252
0.0433
0.0205
0.0
0.0297
0.8874
1.8213
3.3778
4.3776
4.9460999999999995
6.2763
0.2801
0.2763
0.2449
0.7937000000000001
0.8516
0.3401
0.392
0.5093
0.5488
0.5785
0.6384
0.7715000000000001
0.9286
1.0203
0.9372
0.6476999999999999
0.5774
0.6315999999999999
0.7970999999999999
0.5756
0.4685
0.393
0.33509999999999995
0.29479999999999995
0.26070000000000004
0.2787
0.2639
0.3482
0.39780000000000004
0.2943
1.4650999999999998
1.8421
1.4726000000000001
1.986
3.4339999999999997
7.534
4.266
0.9184000000000001
0.2062
0.0392
0.0398
0.0758
0.0077
0.0215
0.0
0.009
0.2282
1.7471999999999999
0.2533
0.2143
0.19669999999999999
0.2001
0.2208
0.2602
0.338
0.4012
0.45389999999999997
0.4948
0.6377999999999999
1.8439
0.9480999999999999
0.7699
1.1765
0.5142
0.868
0.5856
0.7313000000000001
0.44789999999999996
0.5693999999999999
0.5270999999999999
0.4414
0.29910000000000003
0.49829999999999997
0.4049
0.4072
0.2955
0.2592
0.2481
0.22870000000000001
0.24930000000000002
0.2137
0.19219999999999998
0.20750000000000002
0.5423
0.4406
0.2395
0.2679
0.2375
2.1548
0.742
0.644
0.8137
0.8064
0.5477
0.4192
0.8942000000000001
4.3799
7.7592
7.3755
7.002800000000001
4.4329
1.9885
2.9693
1.2073
0.2258
0.0587
0.0183
0.0547
0.0746
0.0454
0.11699999999999999
2.7696
1.1539
0.8426
1.2786
1.9811
2.2891
2.0453
1.3715000000000002
1.1002
0.7478
0.7162999999999999
0.9037999999999999
0.5754
0.5797
0.5658000000000001
0.585
0.6677
0.5925
0.6840999999999999
0.7028000000000001
0.9605999999999999
0.8303
0.7289000000000001
0.6726
0.6955
0.7706
1.8043
1.4332
1.3732
1.4479
1.5181
1.7182
1.4777
0.8127
2.7226999999999997
2.9541
3.2381
3.2627
0.3295
0.0233
0.0057
0.011
0.008
0.0095
0.0122
0.0229
0.0252
0.0433
0.0205
0.0
0.0297
0.8874
1.8213
3.3778
4.3776
4.9460999999999995
6.2763
0.2801
0.2763
0.2449
0.7937000000000001
0.8516
0.3401
0.392
0.5093
0.5488
0.5785
0.6384
0.7715000000000001
0.9286
1.0203
0.9372
0.6476999999999999
0.5774
0.6315999999999999
0.7970999999999999
0.5756
0.4685
0.393
0.33509999999999995
0.29479999999999995
0.26070000000000004
0.2787
0.2639
0.3482
0.39780000000000004
0.2943
1.4650999999999998
1.8421
1.4726000000000001
1.986
3.4339999999999997
7.534
4.266
0.9184000000000001
0.2062
0.0392
0.0398
0.0758
0.0077
0.0215
0.0
0.009
0.2282
1.7471999999999999
0.2533
0.2143
0.19669999999999999
0.2001
0.2208
0.2602
0.338
0.4012
0.45389999999999997
0.4948
0.6377999999999999
1.8439
0.9480999999999999
0.7699
1.1765
0.5142
0.868
0.5856
0.7313000000000001
0.44789999999999996
0.5693999999999999
0.5270999999999999
0.4414
0.29910000000000003
0.49829999999999997
0.4049
0.4072
0.2955
0.2592
0.2481
0.22870000000000001
0.24930000000000002
0.2137
0.19219999999999998
0.20750000000000002
0.5423
0.4406
0.2395
0.2679
0.2375
2.1548
0.742
0.644
0.8137
0.8064
0.5477
0.4192
0.8942000000000001
4.3799
7.7592
7.3755
7.002800000000001
4.4329
1.9885
2.9693
1.2073
0.2258
0.0587
0.0183
0.0547
0.0746
0.0454
0.11699999999999999
2.7696
1.1539
0.8426
1.2786
1.9811
2.2891
2.0453
1.3715000000000002
1.1002
0.7478
0.7162999999999999
0.9037999999999999
0.5754
0.5797
0.5658000000000001
0.585
0.6677
0.5925
0.6840999999999999
0.7028000000000001
0.9605999999999999
0.8303
0.7289000000000001
0.6726
0.6955
0.7706
1.8043
1.4332
1.3732
1.4479
1.5181
1.7182
1.4777
0.8127
2.7226999999999997
2.9541
3.2381
3.2627
0.3295
0.0233
0.0057
0.011
0.008
0.0095
0.0122
0.0229
0.0252
0.0433
0.0205
0.0
0.0297
0.8874
1.8213
3.3778
4.3776
4.9460999999999995
6.2763
0.2801
0.2763
0.2449
0.7937000000000001
0.8516
0.3401
0.392
0.5093
0.5488
0.5785
0.6384
0.7715000000000001
0.9286
1.0203
0.9372
0.6476999999999999
0.5774
0.6315999999999999
0.7970999999999999
0.5756
0.4685
0.393
0.33509999999999995
0.29479999999999995
0.26070000000000004
0.2787
0.2639
0.3482
0.39780000000000004
0.2943
1.4650999999999998
1.8421
1.4726000000000001
1.986
3.4339999999999997
7.534
4.266
0.9184000000000001
0.2062
0.0392
0.0398
0.0758
0.0077
0.0215
0.0
0.009
0.2282
1.7471999999999999
0.2533
0.2143
0.19669999999999999
0.2001
0.2208
0.2602
0.338
0.4012
0.45389999999999997
0.4948
0.6377999999999999
1.8439
0.9480999999999999
0.7699
1.1765
0.5142
0.868
0.5856
0.7313000000000001
0.44789999999999996
0.5693999999999999
0.5270999999999999
0.4414
0.29910000000000003
0.49829999999999997
0.4049
0.4072
0.2955
0.2592
0.2481
0.22870000000000001
0.24930000000000002
0.2137
0.19219999999999998
0.20750000000000002
0.5423
0.4406
0.2395
0.2679
0.2375
2.1548
0.742
0.644
0.8137
0.8064
0.5477
0.4192
0.8942000000000001
4.3799
7.7592
7.3755
7.002800000000001
4.4329
1.9885
2.9693
1.2073
0.2258
0.0587
0.0183
0.0547
0.0746
0.0454
0.11699999999999999
2.7696
1.1539
0.8426
1.2786
1.9811
2.2891
2.0453
1.3715000000000002
1.1002
0.7478
0.7162999999999999
0.9037999999999999
0.5754
0.5797
0.5658000000000001
0.585
0.6677
0.5925
0.6840999999999999
0.7028000000000001
0.9605999999999999
0.8303
0.7289000000000001
0.6726
0.6955
0.7706
1.8043
1.4332
1.3732
1.4479
1.5181
1.7182
1.4777
0.8127
2.7226999999999997
2.9541
3.2381
3.2627
0.3295
0.0233
0.0057
0.011
0.008
0.0095
0.0122
0.0229
0.0252
0.0433
0.0205
0.0
0.0297
0.8874
1.8213
3.3778
4.3776
4.9460999999999995
6.2763
0.2801
0.2763
0.2449
0.7937000000000001
0.8516
0.3401
0.392
0.5093
0.5488
0.5785
0.6384
0.7715000000000001
0.9286
1.0203
0.9372
0.6476999999999999
0.5774
0.6315999999999999
0.7970999999999999
0.5756
0.4685
0.393
0.33509999999999995
0.29479999999999995
0.0283
0.0206
0.0211
0.023899999999999998
0.0212
0.024300000000000002
0.0072
0.247
0.0
0.0
0.0048
0.0224
0.048799999999999996
0.0539
0.0606
0.022199999999999998
0.0067
0.0466
0.4671
0.2391
0.111
0.0759
0.0483
0.028499999999999998
0.3851
0.3727
0.347
0.3353
0.3423
0.3719
0.4602
0.5638000000000001
0.6033
0.6066
0.6456999999999999
0.5318
0.479
0.7501
0.6723
0.3426
0.28400000000000003
0.2586
0.2882
0.7158
0.9299999999999999
0.5842
0.437
0.38839999999999997
0.214
6.628900000000001
8.8574
7.0941
6.8405000000000005
1.4561000000000002
1.355
0.25370000000000004
0.4489
0.475
0.5804
0.6544
0.5808
0.966
2.9524
0.1928
0.0
0.0
3.2659000000000002
3.0357000000000003
0.5445
0.0
0.0
0.0
0.25680000000000003
0.1718
0.1704
0.1906
0.2229
0.24559999999999998
0.2555
0.2746
0.41190000000000004
0.312
0.0964
0.019200000000000002
0.0135
0.0071
0.0042
0.0149
0.0121
0.0259
0.0
0.026099999999999998
0.0089
0.0012
0.2966
1.6006
0.5139
0.4632
0.4144
0.3983
0.39380000000000004
0.4085
0.399
0.392
0.4185
0.47650000000000003
0.5888
0.9973
0.6642
0.4109
1.3866
0.3876
0.4133
0.24109999999999998
1.8932
0.4789
0.9772000000000001
0.8159000000000001
0.38939999999999997
0.41600000000000004
4.6678999999999995
4.5685
5.0344
5.9796
3.7194
1.1246
4.1811
5.316800000000001
2.8297
1.4914
1.1456
1.0442
1.0134
1.0224
1.1183
1.7919999999999998
5.3612
5.264900000000001
3.4927
2.6481000000000003
2.4494
2.4276999999999997
2.9641
5.2952
0.34299999999999997
0.3638
0.3547
0.31120000000000003
0.304
3.7899
0.7859
1.3958
1.0791
1.0668
1.0461
1.0123
1.0026
1.0041
1.1277
0.8684000000000001
1.0085
0.6352
0.5986
0.5675
0.4506
0.33099999999999996
0.2885
0.28659999999999997
0.0283
0.0206
0.0211
0.023899999999999998
0.0212
0.024300000000000002
0.0072
0.247
0.0
0.0
0.0048
0.0224
0.048799999999999996
0.0539
0.0606
0.022199999999999998
0.0067
0.0466
0.4671
0.2391
0.111
0.0759
0.0483
0.028499999999999998
0.3851
0.3727
0.347
0.3353
0.3423
0.3719
0.4602
0.5638000000000001
0.6033
0.6066
0.6456999999999999
0.5318
0.479
0.7501
0.6723
0.3426
0.28400000000000003
0.2586
0.2882
0.7158
0.9299999999999999
0.5842
0.437
0.38839999999999997
0.214
6.628900000000001
8.8574
7.0941
6.8405000000000005
1.4561000000000002
1.355
0.25370000000000004
0.4489
0.475
0.5804
0.6544
0.5808
0.966
2.9524
0.1928
0.0
0.0
3.2659000000000002
3.0357000000000003
0.5445
0.0
0.0
0.0
0.25680000000000003
0.1718
0.1704
0.1906
0.2229
0.24559999999999998
0.2555
0.2746
0.41190000000000004
0.312
0.0964
0.019200000000000002
0.0135
0.0071
0.0042
0.0149
0.0121
0.0259
0.0
0.026099999999999998
0.0089
0.0012
0.2966
1.6006
0.5139
0.4632
0.4144
0.3983
0.39380000000000004
0.4085
0.399
0.392
0.4185
0.47650000000000003
0.5888
0.9973
0.6642
0.4109
1.3866
0.3876
0.4133
0.24109999999999998
1.8932
0.4789
0.9772000000000001
0.8159000000000001
0.38939999999999997
0.41600000000000004
4.6678999999999995
4.5685
5.0344
5.9796
3.7194
1.1246
4.1811
5.316800000000001
2.8297
1.4914
1.1456
1.0442
1.0134
1.0224
1.1183
1.7919999999999998
5.3612
5.264900000000001
3.4927
2.6481000000000003
2.4494
2.4276999999999997
2.9641
5.2952
0.34299999999999997
0.3638
0.3547
0.31120000000000003
0.304
3.7899
0.7859
1.3958
1.0791
1.0668
1.0461
1.0123
1.0026
1.0041
1.1277
0.8684000000000001
1.0085
0.6352
0.5986
0.5675
0.4506
0.33099999999999996
0.2885
0.28659999999999997
0.0283
0.0206
0.0211
0.023899999999999998
0.0212
0.024300000000000002
0.0072
0.247
0.0
0.0
0.0048
0.0224
0.048799999999999996
0.0539
0.0606
0.022199999999999998
0.0067
0.0466
0.4671
0.2391
0.111
0.0759
0.0483
0.028499999999999998
0.3851
0.3727
0.347
0.3353
0.3423
0.3719
0.4602
0.5638000000000001
0.6033
0.6066
0.6456999999999999
0.5318
0.479
0.7501
0.6723
0.3426
0.28400000000000003
0.2586
0.2882
0.7158
0.9299999999999999
0.5842
0.437
0.38839999999999997
0.214
6.628900000000001
8.8574
7.0941
6.8405000000000005
1.4561000000000002
1.355
0.25370000000000004
0.4489
0.475
0.5804
0.6544
0.5808
0.966
2.9524
0.1928
0.0
0.0
3.2659000000000002
3.0357000000000003
0.5445
0.0
0.0
0.0
0.25680000000000003
0.1718
0.1704
0.1906
0.2229
0.24559999999999998
0.2555
0.2746
0.41190000000000004
0.312
0.0964
0.019200000000000002
0.0135
0.0071
0.0042
0.0149
0.0121
0.0259
0.0
0.026099999999999998
0.0089
0.0012
0.2966
1.6006
0.5139
0.4632
0.4144
0.3983
0.39380000000000004
0.4085
0.399
0.392
0.4185
0.47650000000000003
0.5888
0.9973
0.6642
0.4109
1.3866
0.3876
0.4133
0.24109999999999998
1.8932
0.4789
0.9772000000000001
0.8159000000000001
0.38939999999999997
0.41600000000000004
4.6678999999999995
4.5685
5.0344
5.9796
3.7194
1.1246
4.1811
5.316800000000001
2.8297
1.4914
1.1456
1.0442
1.0134
1.0224
1.1183
1.7919999999999998
5.3612
5.264900000000001
3.4927
2.6481000000000003
2.4494
2.4276999999999997
2.9641
5.2952
0.34299999999999997
0.3638
0.3547
0.31120000000000003
0.304
3.7899
0.7859
1.3958
1.0791
1.0668
1.0461
1.0123
1.0026
1.0041
1.1277
0.8684000000000001
1.0085
0.6352
0.5986
0.5675
0.4506
0.33099999999999996
0.2885
0.28659999999999997
0.0283
0.0206
0.0211
0.023899999999999998
0.0212
0.024300000000000002
0.0072
0.247
0.0
0.0
0.0048
0.0224
0.048799999999999996
0.0539
0.0606
0.022199999999999998
0.0067
0.0466
0.4671
0.2391
0.111
0.0759
0.0483
0.028499999999999998
0.3851
0.3727
0.347
0.3353
0.3423
0.3719
0.4602
0.5638000000000001
0.6033
0.6066
0.6456999999999999
0.5318
0.479
0.7501
0.6723
0.3426
0.28400000000000003
0.2586
0.2882
0.7158
0.9299999999999999
0.5842
0.437
0.38839999999999997
0.214
6.628900000000001
8.8574
7.0941
6.8405000000000005
1.4561000000000002
1.355
0.25370000000000004
0.4489
0.475
0.5804
0.6544
0.5808
0.966
2.9524
0.1928
0.0
0.0
3.2659000000000002
3.0357000000000003
0.5445
0.0
0.0
0.0
0.25680000000000003
0.1718
0.1704
0.1906
0.2229
0.24559999999999998
0.2555
0.2746
0.41190000000000004
0.312
0.0964
0.019200000000000002
0.0135
0.0071
0.0042
0.0149
0.0121
0.0259
0.0
0.026099999999999998
0.0089
0.0012
0.2966
1.6006
0.5139
0.4632
0.4144
0.3983
0.39380000000000004
0.4085
0.399
0.392
0.4185
0.47650000000000003
0.5888
0.9973
0.6642
0.4109
1.3866
0.3876
0.4133
0.24109999999999998
1.8932
0.4789
0.9772000000000001
0.8159000000000001
0.38939999999999997
0.41600000000000004
4.6678999999999995
4.5685
5.0344
5.9796
3.7194
1.1246
4.1811
5.316800000000001
2.8297
1.4914
1.1456
1.0442
1.0134
1.0224
1.1183
1.7919999999999998
5.3612
5.264900000000001
3.4927
2.6481000000000003
2.4494
2.4276999999999997
2.9641
5.2952
0.34299999999999997
0.3638
0.3547
0.31120000000000003
0.304
3.7899
0.7859
1.3958
1.0791
1.0668
1.0461
1.0123
1.0026
1.0041
1.1277
0.8684000000000001
1.0085
0.6352
0.5986
0.5675
0.4506
0.33099999999999996
0.2885
0.28659999999999997
0.0283
0.0206
0.0211
0.023899999999999998
0.0212
0.024300000000000002
0.0072
0.247
0.0
0.0
0.0048
0.0224
0.048799999999999996
0.0539
0.0606
0.022199999999999998
0.0067
0.0466
0.4671
0.2391
0.111
0.0759
0.0483
0.028499999999999998
0.3851
0.3727
0.347
0.3353
0.3423
0.3719
0.4602
0.5638000000000001
0.6033
0.6066
0.6456999999999999
0.5318
0.479
0.7501
0.6723
0.3426
0.28400000000000003
0.2586
0.2882
0.7158
0.9299999999999999
0.5842
0.437
0.38839999999999997
0.2653
0.2645
0.2476
0.244
0.2298
0.2064
0.17120000000000002
0.24580000000000002
0.123
0.1167
0.1346
0.1787
0.20900000000000002
0.1739
0.18230000000000002
0.16620000000000001
0.2062
0.7484999999999999
0.49820000000000003
0.5542
0.6167
0.6352
0.573
2.3113
0.1348
1.7449000000000001
1.0297
3.75
3.5486
2.8943000000000003
0.3948
1.3582999999999998
0.0182
0.0446
0.0028
0.019
0.0837
0.0638
0.0
2.5295
0.24810000000000001
0.4173
0.739
0.5028
0.0
0.0
0.0
0.0239
0.2703
0.2609
0.2528
0.2545
0.2542
0.2834
0.4568
1.1452
0.8516
0.7163999999999999
0.595
0.5169
0.5092
0.5044
0.5221
0.5924
1.0761
1.3585
0.6055999999999999
0.5441
0.5447
0.4442
0.3352
0.28659999999999997
0.5587
0.4003
0.0232
0.0
0.0
0.0
0.0262
0.0
0.0
0.0014
0.0039
0.0
0.0068
0.06420000000000001
0.6038
0.1082
0.0
1.2061
0.0
0.0051
0.0
0.0
0.0
1.7918
2.8331
1.4658
9.2559
8.3542
0.2947
0.2101
0.4584
0.6093
0.7329
0.7750999999999999
0.87
0.9324
0.9590000000000001
1.2486000000000002
2.1465
1.0813
0.7563
0.706
0.8143
0.6669
0.4267
0.3184
0.22710000000000002
0.15500000000000003
1.0309
1.2292
1.154
1.1204999999999998
0.6568
0.43379999999999996
0.27090000000000003
1.4893
0.1765
0.2736
0.34540000000000004
0.36439999999999995
0.4449
0.627
0.647
0.6603
1.6492
1.9179
1.5804
1.4923000000000002
6.8712
8.1209
4.0511
1.1825
0.1943
0.1882
0.18409999999999999
0.18419999999999997
0.1844
0.1913
0.1911
0.1867
0.20550000000000002
0.1955
0.1753
0.1632
0.1703
0.17320000000000002
0.18309999999999998
0.1865
0.17509999999999998
0.1895
0.18830000000000002
0.20689999999999997
0.2122
0.2158
0.2329
0.2225
0.2653
0.2645
0.2476
0.244
0.2298
0.2064
0.17120000000000002
0.24580000000000002
0.123
0.1167
0.1346
0.1787
0.20900000000000002
0.1739
0.18230000000000002
0.16620000000000001
0.2062
0.7484999999999999
0.49820000000000003
0.5542
0.6167
0.6352
0.573
2.3113
0.1348
1.7449000000000001
1.0297
3.75
3.5486
2.8943000000000003
0.3948
1.3582999999999998
0.0182
0.0446
0.0028
0.019
0.0837
0.0638
0.0
2.5295
0.24810000000000001
0.4173
0.739
0.5028
0.0
0.0
0.0
0.0239
0.2703
0.2609
0.2528
0.2545
0.2542
0.2834
0.4568
1.1452
0.8516
0.7163999999999999
0.595
0.5169
0.5092
0.5044
0.5221
0.5924
1.0761
1.3585
0.6055999999999999
0.5441
0.5447
0.4442
0.3352
0.28659999999999997
0.5587
0.4003
0.0232
0.0
0.0
0.0
0.0262
0.0
0.0
0.0014
0.0039
0.0
0.0068
0.06420000000000001
0.6038
0.1082
0.0
1.2061
0.0
0.0051
0.0
0.0
0.0
1.7918
2.8331
1.4658
9.2559
8.3542
0.2947
0.2101
0.4584
0.6093
0.7329
0.7750999999999999
0.87
0.9324
0.9590000000000001
1.2486000000000002
2.1465
1.0813
0.7563
0.706
0.8143
0.6669
0.4267
0.3184
0.22710000000000002
0.15500000000000003
1.0309
1.2292
1.154
1.1204999999999998
0.6568
0.43379999999999996
0.27090000000000003
1.4893
0.1765
0.2736
0.34540000000000004
0.36439999999999995
0.4449
0.627
0.647
0.6603
1.6492
1.9179
1.5804
1.4923000000000002
6.8712
8.1209
4.0511
1.1825
0.1943
0.1882
0.18409999999999999
0.18419999999999997
0.1844
0.1913
0.1911
0.1867
0.20550000000000002
0.1955
0.1753
0.1632
0.1703
0.17320000000000002
0.18309999999999998
0.1865
0.17509999999999998
0.1895
0.18830000000000002
0.20689999999999997
0.2122
0.2158
0.2329
0.2225
0.2653
0.2645
0.2476
0.244
0.2298
0.2064
0.17120000000000002
0.24580000000000002
0.123
0.1167
0.1346
0.1787
0.20900000000000002
0.1739
0.18230000000000002
0.16620000000000001
0.2062
0.7484999999999999
0.49820000000000003
0.5542
0.6167
0.6352
0.573
2.3113
0.1348
1.7449000000000001
1.0297
3.75
3.5486
2.8943000000000003
0.3948
1.3582999999999998
0.0182
0.0446
0.0028
0.019
0.0837
0.0638
0.0
2.5295
0.24810000000000001
0.4173
0.739
0.5028
0.0
0.0
0.0
0.0239
0.2703
0.2609
0.2528
0.2545
0.2542
0.2834
0.4568
1.1452
0.8516
0.7163999999999999
0.595
0.5169
0.5092
0.5044
0.5221
0.5924
1.0761
1.3585
0.6055999999999999
0.5441
0.5447
0.4442
0.3352
0.28659999999999997
0.5587
0.4003
0.0232
0.0
0.0
0.0
0.0262
0.0
0.0
0.0014
0.0039
0.0
0.0068
0.06420000000000001
0.6038
0.1082
0.0
1.2061
0.0
0.0051
0.0
0.0
0.0
1.7918
2.8331
1.4658
9.2559
8.3542
0.2947
0.2101
0.4584
0.6093
0.7329
0.7750999999999999
0.87
0.9324
0.9590000000000001
1.2486000000000002
2.1465
1.0813
0.7563
0.706
0.8143
0.6669
0.4267
0.3184
0.22710000000000002
0.15500000000000003
1.0309
1.2292
1.154
1.1204999999999998
0.6568
0.43379999999999996
0.27090000000000003
1.4893
0.1765
0.2736
0.34540000000000004
0.36439999999999995
0.4449
0.627
0.647
0.6603
1.6492
1.9179
1.5804
1.4923000000000002
6.8712
8.1209
4.0511
1.1825
0.1943
0.1882
0.18409999999999999
0.18419999999999997
0.1844
0.1913
0.1911
0.1867
0.20550000000000002
0.1955
0.1753
0.1632
0.1703
0.17320000000000002
0.18309999999999998
0.1865
0.17509999999999998
0.1895
0.18830000000000002
0.20689999999999997
0.2122
0.2158
0.2329
0.2225
0.2653
0.2645
0.2476
0.244
0.2298
0.2064
0.17120000000000002
0.24580000000000002
0.123
0.1167
0.1346
0.1787
0.20900000000000002
0.1739
0.18230000000000002
0.16620000000000001
0.2062
0.7484999999999999
0.49820000000000003
0.5542
0.6167
0.6352
0.573
2.3113
0.1348
1.7449000000000001
1.0297
3.75
3.5486
2.8943000000000003
0.3948
1.3582999999999998
0.0182
0.0446
0.0028
0.019
0.0837
0.0638
0.0
2.5295
0.24810000000000001
0.4173
0.739
0.5028
0.0
0.0
0.0
0.0239
0.2703
0.2609
0.2528
0.2545
0.2542
0.2834
0.4568
1.1452
0.8516
0.7163999999999999
0.595
0.5169
0.5092
0.5044
0.5221
0.5924
1.0761
1.3585
0.6055999999999999
0.5441
0.5447
0.4442
0.3352
0.28659999999999997
0.5587
0.4003
0.0232
0.0
0.0
0.0
0.0262
0.0
0.0
0.0014
0.0039
0.0
0.0068
0.06420000000000001
0.6038
0.1082
0.0
1.2061
0.0
0.0051
0.0
0.0
0.0
1.7918
2.8331
1.4658
9.2559
8.3542
0.2947
0.2101
0.4584
0.6093
0.7329
0.7750999999999999
0.87
0.9324
0.9590000000000001
1.2486000000000002
2.1465
1.0813
0.7563
0.706
0.8143
0.6669
0.4267
0.3184
0.22710000000000002
0.15500000000000003
1.0309
1.2292
1.154
1.1204999999999998
0.6568
0.43379999999999996
0.27090000000000003
1.4893
0.1765
0.2736
0.34540000000000004
0.36439999999999995
0.4449
0.627
0.647
0.6603
1.6492
1.9179
1.5804
1.4923000000000002
6.8712
8.1209
4.0511
1.1825
0.1943
0.1882
0.18409999999999999
0.18419999999999997
0.1844
0.1913
0.1911
0.1867
0.20550000000000002
0.1955
0.1753
0.1632
0.1703
0.17320000000000002
0.18309999999999998
0.1865
0.17509999999999998
0.1895
0.18830000000000002
0.20689999999999997
0.2122
0.2158
0.2329
0.2225
0.2653
0.2645
0.2476
0.244
0.2298
0.2064
0.17120000000000002
0.24580000000000002
0.123
0.1167
0.1346
0.1787
0.20900000000000002
0.1739
0.18230000000000002
0.16620000000000001
0.2062
0.7484999999999999
0.49820000000000003
0.5542
0.6167
0.6352
0.573
2.3113
0.1348
1.7449000000000001
1.0297
3.75
3.5486
2.8943000000000003
0.3948
1.3582999999999998
0.0182
0.0446
0.0028
0.019
0.0837
0.0638
0.0
2.5295
0.24810000000000001
0.4173
0.739
0.5028
0.0
0.0
0.0
0.0239
0.2703
0.2609
0.2528
0.2545
0.2542
0.2834
0.4568
1.1452
0.8516
0.7163999999999999
0.595
0.5169
0.5092
0.5044
0.5221
0.5924
1.0761
1.3585
0.6055999999999999
0.5441
0.5447
0.4442
0.3352
0.28659999999999997
