0.7999999999999999
0.2323
0.16060000000000002
0.1599
0.1655
0.1986
0.26439999999999997
0.3353
0.2616
0.2002
0.20579999999999998
0.2183
0.1994
0.1977
0.2416
1.1536
1.4226
2.298
2.0985
1.0695
0.8509
1.2176
0.5546
0.9491
0.1421
0.16870000000000002
0.1624
0.1439
0.1291
0.2296
0.3817
0.3997
0.6617
0.1085
0.1139
0.0914
0.0822
0.0104
1.4824
0.7521
0.7047000000000001
0.1867
0.2286
0.007
0.0
0.0
0.0
0.0
1.2004
0.4114
0.3306
0.3182
0.3267
0.3677
0.3738
0.4776
0.45740000000000003
0.5002
0.5660000000000001
0.47850000000000004
0.5056
1.4987
1.0789
0.44989999999999997
0.36660000000000004
0.3473
0.3177
0.3177
0.2939
0.3416
0.5367
0.6806000000000001
0.1773
0.1683
0.1603
0.1451
0.14579999999999999
0.156
0.1676
0.2407
0.3587
0.4082
0.4315
0.524
0.8878
0.9906
0.7351000000000001
0.9138999999999999
1.5541999999999998
0.4508
0.4099
0.6005
1.1029
0.4014
1.1201
0.395
0.3131
0.2294
0.16970000000000002
0.15489999999999998
0.16770000000000002
0.1867
0.1725
0.1946
0.3014
0.2387
0.5761
2.1172
0.551
0.276
1.1907
0.4315
0.2142
0.18280000000000002
0.7432000000000001
2.5708
0.7808999999999999
0.5194
0.3869
0.26839999999999997
0.1006
0.0938
0.1064
0.10980000000000001
0.1127
0.1407
0.1903
0.1699
0.15539999999999998
0.1548
0.14500000000000002
0.14129999999999998
0.1434
0.1515
0.1871
0.44589999999999996
0.15910000000000002
0.5877
0.309
0.045500000000000006
0.0221
0.0052
0.0376
0.06509999999999999
0.3935
0.3631
0.347
0.34450000000000003
0.3368
0.3294
0.2875
0.26990000000000003
0.28369999999999995
0.1627
0.059199999999999996
0.036699999999999997
0.0286
0.0304
0.035699999999999996
0.3276
1.0499
1.1219999999999999
1.5969
0.9
0.8203
0.7455
0.5871
0.4867
0.7999999999999999
0.2323
0.16060000000000002
0.1599
0.1655
0.1986
0.26439999999999997
0.3353
0.2616
0.2002
0.20579999999999998
0.2183
0.1994
0.1977
0.2416
1.1536
1.4226
2.298
2.0985
1.0695
0.8509
1.2176
0.5546
0.9491
0.1421
0.16870000000000002
0.1624
0.1439
0.1291
0.2296
0.3817
0.3997
0.6617
0.1085
0.1139
0.0914
0.0822
0.0104
1.4824
0.7521
0.7047000000000001
0.1867
0.2286
0.007
0.0
0.0
0.0
0.0
1.2004
0.4114
0.3306
0.3182
0.3267
0.3677
0.3738
0.4776
0.45740000000000003
0.5002
0.5660000000000001
0.47850000000000004
0.5056
1.4987
1.0789
0.44989999999999997
0.36660000000000004
0.3473
0.3177
0.3177
0.2939
0.3416
0.5367
0.6806000000000001
0.1773
0.1683
0.1603
0.1451
0.14579999999999999
0.156
0.1676
0.2407
0.3587
0.4082
0.4315
0.524
0.8878
0.9906
0.7351000000000001
0.9138999999999999
1.5541999999999998
0.4508
0.4099
0.6005
1.1029
0.4014
1.1201
0.395
0.3131
0.2294
0.16970000000000002
0.15489999999999998
0.16770000000000002
0.1867
0.1725
0.1946
0.3014
0.2387
0.5761
2.1172
0.551
0.276
1.1907
0.4315
0.2142
0.18280000000000002
0.7432000000000001
2.5708
0.7808999999999999
0.5194
0.3869
0.26839999999999997
0.1006
0.0938
0.1064
0.10980000000000001
0.1127
0.1407
0.1903
0.1699
0.15539999999999998
0.1548
0.14500000000000002
0.14129999999999998
0.1434
0.1515
0.1871
0.44589999999999996
0.15910000000000002
0.5877
0.309
0.045500000000000006
0.0221
0.0052
0.0376
0.06509999999999999
0.3935
0.3631
0.347
0.34450000000000003
0.3368
0.3294
0.2875
0.26990000000000003
0.28369999999999995
0.1627
0.059199999999999996
0.036699999999999997
0.0286
0.0304
0.035699999999999996
0.3276
1.0499
1.1219999999999999
1.5969
0.9
0.8203
0.7455
0.5871
0.4867
0.7999999999999999
0.2323
0.16060000000000002
0.1599
0.1655
0.1986
0.26439999999999997
0.3353
0.2616
0.2002
0.20579999999999998
0.2183
0.1994
0.1977
0.2416
1.1536
1.4226
2.298
2.0985
1.0695
0.8509
1.2176
0.5546
0.9491
0.1421
0.16870000000000002
0.1624
0.1439
0.1291
0.2296
0.3817
0.3997
0.6617
0.1085
0.1139
0.0914
0.0822
0.0104
1.4824
0.7521
0.7047000000000001
0.1867
0.2286
0.007
0.0
0.0
0.0
0.0
1.2004
0.4114
0.3306
0.3182
0.3267
0.3677
0.3738
0.4776
0.45740000000000003
0.5002
0.5660000000000001
0.47850000000000004
0.5056
1.4987
1.0789
0.44989999999999997
0.36660000000000004
0.3473
0.3177
0.3177
0.2939
0.3416
0.5367
0.6806000000000001
0.1773
0.1683
0.1603
0.1451
0.14579999999999999
0.156
0.1676
0.2407
0.3587
0.4082
0.4315
0.524
0.8878
0.9906
0.7351000000000001
0.9138999999999999
1.5541999999999998
0.4508
0.4099
0.6005
1.1029
0.4014
1.1201
0.395
0.3131
0.2294
0.16970000000000002
0.15489999999999998
0.16770000000000002
0.1867
0.1725
0.1946
0.3014
0.2387
0.5761
2.1172
0.551
0.276
1.1907
0.4315
0.2142
0.18280000000000002
0.7432000000000001
2.5708
0.7808999999999999
0.5194
0.3869
0.26839999999999997
0.1006
0.0938
0.1064
0.10980000000000001
0.1127
0.1407
0.1903
0.1699
0.15539999999999998
0.1548
0.14500000000000002
0.14129999999999998
0.1434
0.1515
0.1871
0.44589999999999996
0.15910000000000002
0.5877
0.309
0.045500000000000006
0.0221
0.0052
0.0376
0.06509999999999999
0.3935
0.3631
0.347
0.34450000000000003
0.3368
0.3294
0.2875
0.26990000000000003
0.28369999999999995
0.1627
0.059199999999999996
0.036699999999999997
0.0286
0.0304
0.035699999999999996
0.3276
1.0499
1.1219999999999999
1.5969
0.9
0.8203
0.7455
0.5871
0.4867
0.7999999999999999
0.2323
0.16060000000000002
0.1599
0.1655
0.1986
0.26439999999999997
0.3353
0.2616
0.2002
0.20579999999999998
0.2183
0.1994
0.1977
0.2416
1.1536
1.4226
2.298
2.0985
1.0695
0.8509
1.2176
0.5546
0.9491
0.1421
0.16870000000000002
0.1624
0.1439
0.1291
0.2296
0.3817
0.3997
0.6617
0.1085
0.1139
0.0914
0.0822
0.0104
1.4824
0.7521
0.7047000000000001
0.1867
0.2286
0.007
0.0
0.0
0.0
0.0
1.2004
0.4114
0.3306
0.3182
0.3267
0.3677
0.3738
0.4776
0.45740000000000003
0.5002
0.5660000000000001
0.47850000000000004
0.5056
1.4987
1.0789
0.44989999999999997
0.36660000000000004
0.3473
0.3177
0.3177
0.2939
0.3416
0.5367
0.6806000000000001
0.1773
0.1683
0.1603
0.1451
0.14579999999999999
0.156
0.1676
0.2407
0.3587
0.4082
0.4315
0.524
0.8878
0.9906
0.7351000000000001
0.9138999999999999
1.5541999999999998
0.4508
0.4099
0.6005
1.1029
0.4014
1.1201
0.395
0.3131
0.2294
0.16970000000000002
0.15489999999999998
0.16770000000000002
0.1867
0.1725
0.1946
0.3014
0.2387
0.5761
2.1172
0.551
0.276
1.1907
0.4315
0.2142
0.18280000000000002
0.7432000000000001
2.5708
0.7808999999999999
0.5194
0.3869
0.26839999999999997
0.1006
0.0938
0.1064
0.10980000000000001
0.1127
0.1407
0.1903
0.1699
0.15539999999999998
0.1548
0.14500000000000002
0.14129999999999998
0.1434
0.1515
0.1871
0.44589999999999996
0.15910000000000002
0.5877
0.309
0.045500000000000006
0.0221
0.0052
0.0376
0.06509999999999999
0.3935
0.3631
0.347
0.34450000000000003
0.3368
0.3294
0.2875
0.26990000000000003
0.28369999999999995
0.1627
0.059199999999999996
0.036699999999999997
0.0286
0.0304
0.035699999999999996
0.3276
1.0499
1.1219999999999999
1.5969
0.9
0.8203
0.7455
0.5871
0.4867
0.7999999999999999
0.2323
0.16060000000000002
0.1599
0.1655
0.1986
0.26439999999999997
0.3353
0.2616
0.2002
0.20579999999999998
0.2183
0.1994
0.1977
0.2416
1.1536
1.4226
2.298
2.0985
1.0695
0.8509
1.2176
0.5546
0.9491
0.1421
0.16870000000000002
0.1624
0.1439
0.1291
0.2296
0.3817
0.3997
0.6617
0.1085
0.1139
0.0914
0.0822
0.0104
1.4824
0.7521
0.7047000000000001
0.1867
0.2286
0.007
0.0
0.0
0.0
0.0
1.2004
0.4114
0.3306
0.3182
0.3267
0.3677
0.3738
0.4776
0.45740000000000003
0.5002
0.5660000000000001
0.47850000000000004
0.5056
1.4987
1.0789
0.44989999999999997
0.36660000000000004
0.3473
0.3177
0.3177
0.2939
0.3416
0.5367
0.6806000000000001
0.0179
0.0942
0.1079
0.09920000000000001
0.0684
0.1015
0.2889
0.5507
0.7464999999999999
2.1233
0.1437
0.17020000000000002
0.14500000000000002
0.1387
0.0857
0.046
0.0755
0.2763
0.0303
0.0387
0.0
0.0
0.0
0.0
0.5714
0.438
0.35729999999999995
0.34140000000000004
0.34709999999999996
0.45020000000000004
0.8019000000000001
0.4635
0.3527
0.3461
0.3453
0.3613
0.3782
0.37570000000000003
0.3931
0.448
1.2981
1.4455
1.3267
0.7007000000000001
0.469
0.41100000000000003
0.368
1.9792
0.0512
0.0795
0.08349999999999999
0.091
0.0533
0.0885
0.1669
0.0615
0.0081
0.0
0.0097
0.0
0.0007
1.2912
0.0132
0.0
0.3859
0.0
1.0335
0.0163
0.0
0.0
0.0
0.0
0.3234
0.2871
0.25360000000000005
0.2464
0.2407
0.2548
0.2738
0.2295
1.3579
0.4455
0.5064
0.887
1.4953
0.8276
0.7938000000000001
0.871
0.9909000000000001
0.877
0.6806
0.595
0.5876
0.6156999999999999
0.8137
0.6784
0.2821
0.29159999999999997
0.2823
0.283
0.2603
0.2519
0.3443
0.8801
0.31010000000000004
0.2942
0.3187
0.382
1.1923
0.3903
0.3567
0.365
1.215
1.0110999999999999
0.7954
0.1979
0.1755
0.1948
0.2229
0.2487
0.4132
0.5852999999999999
0.35960000000000003
0.3525
0.325
0.3718
0.3976
0.5173
0.32230000000000003
0.3262
0.2352
0.8203
0.5168
0.4262
0.4729
0.9998
1.4125
1.0811
0.38980000000000004
0.2966
0.2145
0.1478
0.1382
0.1335
0.8601000000000001
1.1280000000000001
1.1280999999999999
1.0968
0.7652
0.2733
0.2777
0.2122
0.20350000000000001
0.1933
0.1935
0.19990000000000002
0.2436
0.2715
0.3427
0.5692
1.1861000000000002
1.2442
1.4990999999999999
1.7255
1.6185999999999998
1.3195999999999999
1.3037
2.2288
0.0179
0.0942
0.1079
0.09920000000000001
0.0684
0.1015
0.2889
0.5507
0.7464999999999999
2.1233
0.1437
0.17020000000000002
0.14500000000000002
0.1387
0.0857
0.046
0.0755
0.2763
0.0303
0.0387
0.0
0.0
0.0
0.0
0.5714
0.438
0.35729999999999995
0.34140000000000004
0.34709999999999996
0.45020000000000004
0.8019000000000001
0.4635
0.3527
0.3461
0.3453
0.3613
0.3782
0.37570000000000003
0.3931
0.448
1.2981
1.4455
1.3267
0.7007000000000001
0.469
0.41100000000000003
0.368
1.9792
0.0512
0.0795
0.08349999999999999
0.091
0.0533
0.0885
0.1669
0.0615
0.0081
0.0
0.0097
0.0
0.0007
1.2912
0.0132
0.0
0.3859
0.0
1.0335
0.0163
0.0
0.0
0.0
0.0
0.3234
0.2871
0.25360000000000005
0.2464
0.2407
0.2548
0.2738
0.2295
1.3579
0.4455
0.5064
0.887
1.4953
0.8276
0.7938000000000001
0.871
0.9909000000000001
0.877
0.6806
0.595
0.5876
0.6156999999999999
0.8137
0.6784
0.2821
0.29159999999999997
0.2823
0.283
0.2603
0.2519
0.3443
0.8801
0.31010000000000004
0.2942
0.3187
0.382
1.1923
0.3903
0.3567
0.365
1.215
1.0110999999999999
0.7954
0.1979
0.1755
0.1948
0.2229
0.2487
0.4132
0.5852999999999999
0.35960000000000003
0.3525
0.325
0.3718
0.3976
0.5173
0.32230000000000003
0.3262
0.2352
0.8203
0.5168
0.4262
0.4729
0.9998
1.4125
1.0811
0.38980000000000004
0.2966
0.2145
0.1478
0.1382
0.1335
0.8601000000000001
1.1280000000000001
1.1280999999999999
1.0968
0.7652
0.2733
0.2777
0.2122
0.20350000000000001
0.1933
0.1935
0.19990000000000002
0.2436
0.2715
0.3427
0.5692
1.1861000000000002
1.2442
1.4990999999999999
1.7255
1.6185999999999998
1.3195999999999999
1.3037
2.2288
0.0179
0.0942
0.1079
0.09920000000000001
0.0684
0.1015
0.2889
0.5507
0.7464999999999999
2.1233
0.1437
0.17020000000000002
0.14500000000000002
0.1387
0.0857
0.046
0.0755
0.2763
0.0303
0.0387
0.0
0.0
0.0
0.0
0.5714
0.438
0.35729999999999995
0.34140000000000004
0.34709999999999996
0.45020000000000004
0.8019000000000001
0.4635
0.3527
0.3461
0.3453
0.3613
0.3782
0.37570000000000003
0.3931
0.448
1.2981
1.4455
1.3267
0.7007000000000001
0.469
0.41100000000000003
0.368
1.9792
0.0512
0.0795
0.08349999999999999
0.091
0.0533
0.0885
0.1669
0.0615
0.0081
0.0
0.0097
0.0
0.0007
1.2912
0.0132
0.0
0.3859
0.0
1.0335
0.0163
0.0
0.0
0.0
0.0
0.3234
0.2871
0.25360000000000005
0.2464
0.2407
0.2548
0.2738
0.2295
1.3579
0.4455
0.5064
0.887
1.4953
0.8276
0.7938000000000001
0.871
0.9909000000000001
0.877
0.6806
0.595
0.5876
0.6156999999999999
0.8137
0.6784
0.2821
0.29159999999999997
0.2823
0.283
0.2603
0.2519
0.3443
0.8801
0.31010000000000004
0.2942
0.3187
0.382
1.1923
0.3903
0.3567
0.365
1.215
1.0110999999999999
0.7954
0.1979
0.1755
0.1948
0.2229
0.2487
0.4132
0.5852999999999999
0.35960000000000003
0.3525
0.325
0.3718
0.3976
0.5173
0.32230000000000003
0.3262
0.2352
0.8203
0.5168
0.4262
0.4729
0.9998
1.4125
1.0811
0.38980000000000004
0.2966
0.2145
0.1478
0.1382
0.1335
0.8601000000000001
1.1280000000000001
1.1280999999999999
1.0968
0.7652
0.2733
0.2777
0.2122
0.20350000000000001
0.1933
0.1935
0.19990000000000002
0.2436
0.2715
0.3427
0.5692
1.1861000000000002
1.2442
1.4990999999999999
1.7255
1.6185999999999998
1.3195999999999999
1.3037
2.2288
0.0179
0.0942
0.1079
0.09920000000000001
0.0684
0.1015
0.2889
0.5507
0.7464999999999999
2.1233
0.1437
0.17020000000000002
0.14500000000000002
0.1387
0.0857
0.046
0.0755
0.2763
0.0303
0.0387
0.0
0.0
0.0
0.0
0.5714
0.438
0.35729999999999995
0.34140000000000004
0.34709999999999996
0.45020000000000004
0.8019000000000001
0.4635
0.3527
0.3461
0.3453
0.3613
0.3782
0.37570000000000003
0.3931
0.448
1.2981
1.4455
1.3267
0.7007000000000001
0.469
0.41100000000000003
0.368
1.9792
0.0512
0.0795
0.08349999999999999
0.091
0.0533
0.0885
0.1669
0.0615
0.0081
0.0
0.0097
0.0
0.0007
1.2912
0.0132
0.0
0.3859
0.0
1.0335
0.0163
0.0
0.0
0.0
0.0
0.3234
0.2871
0.25360000000000005
0.2464
0.2407
0.2548
0.2738
0.2295
1.3579
0.4455
0.5064
0.887
1.4953
0.8276
0.7938000000000001
0.871
0.9909000000000001
0.877
0.6806
0.595
0.5876
0.6156999999999999
0.8137
0.6784
0.2821
0.29159999999999997
0.2823
0.283
0.2603
0.2519
0.3443
0.8801
0.31010000000000004
0.2942
0.3187
0.382
1.1923
0.3903
0.3567
0.365
1.215
1.0110999999999999
0.7954
0.1979
0.1755
0.1948
0.2229
0.2487
0.4132
0.5852999999999999
0.35960000000000003
0.3525
0.325
0.3718
0.3976
0.5173
0.32230000000000003
0.3262
0.2352
0.8203
0.5168
0.4262
0.4729
0.9998
1.4125
1.0811
0.38980000000000004
0.2966
0.2145
0.1478
0.1382
0.1335
0.8601000000000001
1.1280000000000001
1.1280999999999999
1.0968
0.7652
0.2733
0.2777
0.2122
0.20350000000000001
0.1933
0.1935
0.19990000000000002
0.2436
0.2715
0.3427
0.5692
1.1861000000000002
1.2442
1.4990999999999999
1.7255
1.6185999999999998
1.3195999999999999
1.3037
2.2288
0.1424
0.606
1.084
0.0417
0.1815
0.1048
0.0972
0.1694
0.2048
0.1925
0.1693
0.217
0.1958
0.4513
0.8567
0.262
0.1556
0.981
0.1842
0.0983
0.12519999999999998
0.1127
0.1119
0.09079999999999999
0.3004
0.0246
0.0446
0.0174
0.0295
0.047
0.0879
0.1737
0.1519
0.1049
0.0844
0.09809999999999999
0.0905
0.0989
1.0747
0.5356
0.23770000000000002
1.8988999999999998
0.2657
0.3358
0.463
0.29979999999999996
0.1038
0.6705
0.4423
0.7722
0.0438
0.366
0.21539999999999998
0.3254
0.42069999999999996
1.1317
0.9206
0.2366
0.351
0.241
0.5413
0.318
0.0491
0.0
0.0
0.0
0.0118
0.12240000000000001
0.1172
0.1178
0.1032
0.0514
0.1565
0.1427
0.1245
0.1285
0.0996
0.0811
0.1397
1.766
2.7524
0.5252
0.4239
0.311
0.2797
0.2398
0.2213
0.2223
0.4466
0.6425
0.5767
0.6219
0.637
0.3664
0.1741
0.17770000000000002
0.4233
0.4143
0.4173
0.4205
0.823
0.9027000000000001
0.395
0.3119
0.3456
0.3333
0.3401
0.3964
0.5675
0.6492
0.6619999999999999
0.5609
0.5558
1.3605
0.8635999999999999
0.3386
0.3446
0.3368
0.382
0.38670000000000004
0.0117
0.0138
0.0083
0.0048000000000000004
0.011099999999999999
0.0076
0.0
0.0
0.0157
0.0055
0.0112
0.0024
0.0
1.9821
0.0
0.001
0.0023
0.0399
0.20890000000000003
0.0572
0.0615
0.0709
0.1217
2.0743
1.7711000000000001
0.6342
0.6212
0.5598000000000001
0.521
0.5021
0.5134000000000001
0.5242
0.5679
0.6359
0.752
1.0404
0.8242
0.7797000000000001
0.8462000000000001
0.7418
0.669
0.6708000000000001
0.6603
0.6783
1.0021
0.925
1.2412999999999998
1.225
0.1424
0.606
1.084
0.0417
0.1815
0.1048
0.0972
0.1694
0.2048
0.1925
0.1693
0.217
0.1958
0.4513
0.8567
0.262
0.1556
0.981
0.1842
0.0983
0.12519999999999998
0.1127
0.1119
0.09079999999999999
0.3004
0.0246
0.0446
0.0174
0.0295
0.047
0.0879
0.1737
0.1519
0.1049
0.0844
0.09809999999999999
0.0905
0.0989
1.0747
0.5356
0.23770000000000002
1.8988999999999998
0.2657
0.3358
0.463
0.29979999999999996
0.1038
0.6705
0.4423
0.7722
0.0438
0.366
0.21539999999999998
0.3254
0.42069999999999996
1.1317
0.9206
0.2366
0.351
0.241
0.5413
0.318
0.0491
0.0
0.0
0.0
0.0118
0.12240000000000001
0.1172
0.1178
0.1032
0.0514
0.1565
0.1427
0.1245
0.1285
0.0996
0.0811
0.1397
1.766
2.7524
0.5252
0.4239
0.311
0.2797
0.2398
0.2213
0.2223
0.4466
0.6425
0.5767
0.6219
0.637
0.3664
0.1741
0.17770000000000002
0.4233
0.4143
0.4173
0.4205
0.823
0.9027000000000001
0.395
0.3119
0.3456
0.3333
0.3401
0.3964
0.5675
0.6492
0.6619999999999999
0.5609
0.5558
1.3605
0.8635999999999999
0.3386
0.3446
0.3368
0.382
0.38670000000000004
0.0117
0.0138
0.0083
0.0048000000000000004
0.011099999999999999
0.0076
0.0
0.0
0.0157
0.0055
0.0112
0.0024
0.0
1.9821
0.0
0.001
0.0023
0.0399
0.20890000000000003
0.0572
0.0615
0.0709
0.1217
2.0743
1.7711000000000001
0.6342
0.6212
0.5598000000000001
0.521
0.5021
0.5134000000000001
0.5242
0.5679
0.6359
0.752
1.0404
0.8242
0.7797000000000001
0.8462000000000001
0.7418
0.669
0.6708000000000001
0.6603
0.6783
1.0021
0.925
1.2412999999999998
1.225
0.1424
0.606
1.084
0.0417
0.1815
0.1048
0.0972
0.1694
0.2048
0.1925
0.1693
0.217
0.1958
0.4513
0.8567
0.262
0.1556
0.981
0.1842
0.0983
0.12519999999999998
0.1127
0.1119
0.09079999999999999
0.3004
0.0246
0.0446
0.0174
0.0295
0.047
0.0879
0.1737
0.1519
0.1049
0.0844
0.09809999999999999
0.0905
0.0989
1.0747
0.5356
0.23770000000000002
1.8988999999999998
0.2657
0.3358
0.463
0.29979999999999996
0.1038
0.6705
0.4423
0.7722
0.0438
0.366
0.21539999999999998
0.3254
0.42069999999999996
1.1317
0.9206
0.2366
0.351
0.241
0.5413
0.318
0.0491
0.0
0.0
0.0
0.0118
0.12240000000000001
0.1172
0.1178
0.1032
0.0514
0.1565
0.1427
0.1245
0.1285
0.0996
0.0811
0.1397
1.766
2.7524
0.5252
0.4239
0.311
0.2797
0.2398
0.2213
0.2223
0.4466
0.6425
0.5767
0.6219
0.637
0.3664
0.1741
0.17770000000000002
0.4233
0.4143
0.4173
0.4205
0.823
0.9027000000000001
0.395
0.3119
0.3456
0.3333
0.3401
0.3964
0.5675
0.6492
0.6619999999999999
0.5609
0.5558
1.3605
0.8635999999999999
0.3386
0.3446
0.3368
0.382
0.38670000000000004
0.0117
0.0138
0.0083
0.0048000000000000004
0.011099999999999999
0.0076
0.0
0.0
0.0157
0.0055
0.0112
0.0024
0.0
1.9821
0.0
0.001
0.0023
0.0399
0.20890000000000003
0.0572
0.0615
0.0709
0.1217
2.0743
1.7711000000000001
0.6342
0.6212
0.5598000000000001
0.521
0.5021
0.5134000000000001
0.5242
0.5679
0.6359
0.752
1.0404
0.8242
0.7797000000000001
0.8462000000000001
0.7418
0.669
0.6708000000000001
0.6603
0.6783
1.0021
0.925
1.2412999999999998
1.225
0.1424
0.606
1.084
0.0417
0.1815
0.1048
0.0972
0.1694
0.2048
0.1925
0.1693
0.217
0.1958
0.4513
0.8567
0.262
0.1556
0.981
0.1842
0.0983
0.12519999999999998
0.1127
0.1119
0.09079999999999999
0.3004
0.0246
0.0446
0.0174
0.0295
0.047
0.0879
0.1737
0.1519
0.1049
0.0844
0.09809999999999999
0.0905
0.0989
1.0747
0.5356
0.23770000000000002
1.8988999999999998
0.2657
0.3358
0.463
0.29979999999999996
0.1038
0.6705
0.4423
0.7722
0.0438
0.366
0.21539999999999998
0.3254
0.42069999999999996
1.1317
0.9206
0.2366
0.351
0.241
0.5413
0.318
0.0491
0.0
0.0
0.0
0.0118
0.12240000000000001
0.1172
0.1178
0.1032
0.0514
0.1565
0.1427
0.1245
0.1285
0.0996
0.0811
0.1397
1.766
2.7524
0.5252
0.4239
0.311
0.2797
0.2398
0.2213
0.2223
0.4466
0.6425
0.5767
0.6219
0.637
0.3664
0.1741
0.17770000000000002
0.4233
0.4143
0.4173
0.4205
0.823
0.9027000000000001
0.395
0.3119
0.3456
0.3333
0.3401
0.3964
0.5675
0.6492
0.6619999999999999
0.5609
0.5558
1.3605
0.8635999999999999
0.3386
0.3446
0.3368
0.382
0.38670000000000004
0.0117
0.0138
0.0083
0.0048000000000000004
0.011099999999999999
0.0076
0.0
0.0
0.0157
0.0055
0.0112
0.0024
0.0
1.9821
0.0
0.001
0.0023
0.0399
0.20890000000000003
0.0572
0.0615
0.0709
0.1217
2.0743
1.7711000000000001
0.6342
0.6212
0.5598000000000001
0.521
0.5021
0.5134000000000001
0.5242
0.5679
0.6359
0.752
1.0404
0.8242
0.7797000000000001
0.8462000000000001
0.7418
0.669
0.6708000000000001
0.6603
0.6783
1.0021
0.925
1.2412999999999998
1.225
0.1424
0.606
1.084
0.0417
0.1815
0.1048
0.0972
0.1694
0.2048
0.1925
0.1693
0.217
0.1958
0.4513
0.8567
0.262
0.1556
0.981
0.1842
0.0983
0.12519999999999998
0.1127
0.1119
0.09079999999999999
0.3004
0.0246
0.0446
0.0174
0.0295
0.047
0.0879
0.1737
0.1519
0.1049
0.0844
0.09809999999999999
0.0905
0.0989
1.0747
0.5356
0.23770000000000002
1.8988999999999998
0.2657
0.3358
0.463
0.29979999999999996
0.1038
0.6705
0.4423
0.7722
0.0438
0.366
0.21539999999999998
0.3254
0.42069999999999996
1.1317
0.9206
0.2366
0.351
0.241
0.5413
0.318
0.0491
0.0
0.0
0.0
0.0118
0.12240000000000001
0.1172
0.1178
0.1032
0.0514
0.025500000000000002
0.0
0.0061
0.0063
0.0105
0.0171
0.0638
0.07
0.1447
0.0492
0.0169
0.0219
0.8156
3.3853
0.8851
0.24050000000000002
0.3754
0.2602
1.1951
0.489
0.5675
0.441
0.4565
0.2211
1.7801
1.3565
0.5562
0.4225
0.396
0.35919999999999996
0.4401
0.5825
0.2329
0.08399999999999999
0.051699999999999996
0.0263
0.0314
0.0438
0.0859
0.4161
0.3395
0.4678
0.5645
0.8662
0.824
0.5506
0.5141
0.5239
0.0
0.0
0.0
0.0
0.0
0.0
0.0
0.0407
0.079
0.0
0.0018
0.1405
0.6645
5.6166
5.0319
0.0
0.0
1.4247
3.5155
5.0649
5.1738
2.5747999999999998
0.0
0.0
0.40249999999999997
0.19490000000000002
0.16110000000000002
0.1318
0.1377
0.1333
0.1301
0.1433
0.15710000000000002
0.1987
0.41190000000000004
0.7722
0.17830000000000001
0.06459999999999999
0.0688
0.0545
0.040499999999999994
0.0495
0.058300000000000005
0.7338
0.315
0.466
0.6231
0.7327999999999999
0.0867
0.1251
0.12830000000000003
0.10450000000000001
0.0692
1.4324000000000001
1.3522
1.3336
0.8676
0.675
0.4629
0.5058
0.4683
0.5339
1.0051
0.43489999999999995
0.2731
0.2767
0.6443
0.2013
0.0287
0.0
0.0
0.0
0.6034
0.9546999999999999
0.8577
0.5197
0.5818
0.5711999999999999
0.47409999999999997
0.4595
0.453
0.5134
0.4613
0.3853
0.24519999999999997
0.1809
0.1679
0.1774
0.597
0.5256000000000001
0.24580000000000002
0.30679999999999996
0.4537
1.319
1.1593
0.5739000000000001
2.0258
0.2599
0.18080000000000002
0.1834
0.1951
0.2758
0.37129999999999996
0.5113
0.4772
0.5103
0.5591999999999999
0.7351
3.2508
3.1203000000000003
0.9083
0.4206
0.5028
0.8948
0.9046
1.4625
4.1247
3.137
1.1166
1.1719
0.025500000000000002
0.0
0.0061
0.0063
0.0105
0.0171
0.0638
0.07
0.1447
0.0492
0.0169
0.0219
0.8156
3.3853
0.8851
0.24050000000000002
0.3754
0.2602
1.1951
0.489
0.5675
0.441
0.4565
0.2211
1.7801
1.3565
0.5562
0.4225
0.396
0.35919999999999996
0.4401
0.5825
0.2329
0.08399999999999999
0.051699999999999996
0.0263
0.0314
0.0438
0.0859
0.4161
0.3395
0.4678
0.5645
0.8662
0.824
0.5506
0.5141
0.5239
0.0
0.0
0.0
0.0
0.0
0.0
0.0
0.0407
0.079
0.0
0.0018
0.1405
0.6645
5.6166
5.0319
0.0
0.0
1.4247
3.5155
5.0649
5.1738
2.5747999999999998
0.0
0.0
0.40249999999999997
0.19490000000000002
0.16110000000000002
0.1318
0.1377
0.1333
0.1301
0.1433
0.15710000000000002
0.1987
0.41190000000000004
0.7722
0.17830000000000001
0.06459999999999999
0.0688
0.0545
0.040499999999999994
0.0495
0.058300000000000005
0.7338
0.315
0.466
0.6231
0.7327999999999999
0.0867
0.1251
0.12830000000000003
0.10450000000000001
0.0692
1.4324000000000001
1.3522
1.3336
0.8676
0.675
0.4629
0.5058
0.4683
0.5339
1.0051
0.43489999999999995
0.2731
0.2767
0.6443
0.2013
0.0287
0.0
0.0
0.0
0.6034
0.9546999999999999
0.8577
0.5197
0.5818
0.5711999999999999
0.47409999999999997
0.4595
0.453
0.5134
0.4613
0.3853
0.24519999999999997
0.1809
0.1679
0.1774
0.597
0.5256000000000001
0.24580000000000002
0.30679999999999996
0.4537
1.319
1.1593
0.5739000000000001
2.0258
0.2599
0.18080000000000002
0.1834
0.1951
0.2758
0.37129999999999996
0.5113
0.4772
0.5103
0.5591999999999999
0.7351
3.2508
3.1203000000000003
0.9083
0.4206
0.5028
0.8948
0.9046
1.4625
4.1247
3.137
1.1166
1.1719
0.025500000000000002
0.0
0.0061
0.0063
0.0105
0.0171
0.0638
0.07
0.1447
0.0492
0.0169
0.0219
0.8156
3.3853
0.8851
0.24050000000000002
0.3754
0.2602
1.1951
0.489
0.5675
0.441
0.4565
0.2211
1.7801
1.3565
0.5562
0.4225
0.396
0.35919999999999996
0.4401
0.5825
0.2329
0.08399999999999999
0.051699999999999996
0.0263
0.0314
0.0438
0.0859
0.4161
0.3395
0.4678
0.5645
0.8662
0.824
0.5506
0.5141
0.5239
0.0
0.0
0.0
0.0
0.0
0.0
0.0
0.0407
0.079
0.0
0.0018
0.1405
0.6645
5.6166
5.0319
0.0
0.0
1.4247
3.5155
5.0649
5.1738
2.5747999999999998
0.0
0.0
0.40249999999999997
0.19490000000000002
0.16110000000000002
0.1318
0.1377
0.1333
0.1301
0.1433
0.15710000000000002
0.1987
0.41190000000000004
0.7722
0.17830000000000001
0.06459999999999999
0.0688
0.0545
0.040499999999999994
0.0495
0.058300000000000005
0.7338
0.315
0.466
0.6231
0.7327999999999999
0.0867
0.1251
0.12830000000000003
0.10450000000000001
0.0692
1.4324000000000001
1.3522
1.3336
0.8676
0.675
0.4629
0.5058
0.4683
0.5339
1.0051
0.43489999999999995
0.2731
0.2767
0.6443
0.2013
0.0287
0.0
0.0
0.0
0.6034
0.9546999999999999
0.8577
0.5197
0.5818
0.5711999999999999
0.47409999999999997
0.4595
0.453
0.5134
0.4613
0.3853
0.24519999999999997
0.1809
0.1679
0.1774
0.597
0.5256000000000001
0.24580000000000002
0.30679999999999996
0.4537
1.319
1.1593
0.5739000000000001
2.0258
0.2599
0.18080000000000002
0.1834
0.1951
0.2758
0.37129999999999996
0.5113
0.4772
0.5103
0.5591999999999999
0.7351
3.2508
3.1203000000000003
0.9083
0.4206
0.5028
0.8948
0.9046
1.4625
4.1247
3.137
1.1166
1.1719
0.025500000000000002
0.0
0.0061
0.0063
0.0105
0.0171
0.0638
0.07
0.1447
0.0492
0.0169
0.0219
0.8156
3.3853
0.8851
0.24050000000000002
0.3754
0.2602
1.1951
0.489
0.5675
0.441
0.4565
0.2211
1.7801
1.3565
0.5562
0.4225
0.396
0.35919999999999996
0.4401
0.5825
0.2329
0.08399999999999999
0.051699999999999996
0.0263
0.0314
0.0438
0.0859
0.4161
0.3395
0.4678
0.5645
0.8662
0.824
0.5506
0.5141
0.5239
0.0
0.0
0.0
0.0
0.0
0.0
0.0
0.0407
0.079
0.0
0.0018
0.1405
0.6645
5.6166
5.0319
0.0
0.0
1.4247
3.5155
5.0649
5.1738
2.5747999999999998
0.0
0.0
0.40249999999999997
0.19490000000000002
0.16110000000000002
0.1318
0.1377
0.1333
0.1301
0.1433
0.15710000000000002
0.1987
0.41190000000000004
0.7722
0.17830000000000001
0.06459999999999999
0.0688
0.0545
0.040499999999999994
0.0495
0.058300000000000005
0.7338
0.315
0.466
0.6231
0.7327999999999999
0.0867
0.1251
0.12830000000000003
0.10450000000000001
0.0692
1.4324000000000001
1.3522
1.3336
0.8676
0.675
0.4629
0.5058
0.4683
0.5339
1.0051
0.43489999999999995
0.2731
0.2767
0.6443
0.2013
0.0287
0.0
0.0
0.0
0.6034
0.9546999999999999
0.8577
0.5197
0.5818
0.5711999999999999
0.47409999999999997
0.4595
0.453
0.5134
0.4613
0.3853
0.24519999999999997
0.1809
0.1679
0.1774
0.597
0.5256000000000001
0.24580000000000002
0.30679999999999996
0.4537
1.319
1.1593
0.5739000000000001
2.0258
0.2599
0.18080000000000002
0.1834
0.1951
0.2758
0.37129999999999996
0.5113
0.4772
0.5103
0.5591999999999999
0.7351
3.2508
3.1203000000000003
0.9083
0.4206
0.5028
0.8948
0.9046
1.4625
4.1247
3.137
1.1166
1.1719
0.025500000000000002
0.0
0.0061
0.0063
0.0105
0.0171
0.0638
0.07
0.1447
0.0492
0.0169
0.0219
0.8156
3.3853
0.8851
0.24050000000000002
0.3754
0.2602
1.1951
0.489
0.5675
0.441
0.4565
0.2211
1.7801
1.3565
0.5562
0.4225
0.396
0.35919999999999996
0.4401
0.5825
0.2329
0.08399999999999999
0.051699999999999996
0.0263
0.0314
0.0438
0.0859
0.4161
0.3395
0.4678
0.5645
0.8662
0.824
0.5506
0.5141
0.5239
0.0271
0.0269
0.0265
0.026099999999999998
0.027200000000000002
0.032
0.026
0.0224
0.0204
0.0228
0.020999999999999998
0.0245
0.0275
0.028
0.028200000000000003
0.0284
0.0298
0.0368
0.025500000000000002
0.023600000000000003
0.0253
0.0203
0.0259
0.0351
1.0783
0.6465000000000001
0.0884
0.0811
0.0925
0.1162
0.1451
0.238
0.2483
0.1785
0.1748
0.1754
0.5036
0.40980000000000005
0.17709999999999998
0.1366
0.1257
0.1197
0.1027
0.13
0.1627
0.3731
0.6275
0.3236
0.1625
0.2495
0.2011
0.41490000000000005
0.7285999999999999
0.522
0.3504
0.0764
0.058499999999999996
0.064
0.0878
0.12079999999999999
0.10200000000000001
0.0634
0.0063
0.0
0.0
0.0
0.0
0.0273
0.0
0.0
0.0
0.0
0.1427
0.1658
0.17120000000000002
0.174
0.1397
0.06259999999999999
0.040400000000000005
0.2269
0.13369999999999999
0.09870000000000001
0.0612
0.0554
0.0324
0.0062
0.0
0.0
0.0
0.0
0.8046
0.114
0.040900000000000006
0.0
0.0
0.0
0.041499999999999995
0.0446
0.0426
0.0417
0.0565
0.041999999999999996
0.0817
0.2373
0.2514
0.2218
0.16099999999999998
0.1524
0.08330000000000001
0.0609
1.7653
0.0701
0.0002
0.0
0.0
0.0
0.08180000000000001
0.0696
0.2681
0.20679999999999998
1.9968
0.3811
0.40990000000000004
0.37029999999999996
0.3264
0.3371
0.3403
0.3711
0.41859999999999997
0.4641
0.556
0.7847
0.7396
0.6416
0.6794
0.6788
0.8209
0.9886999999999999
1.0406
0.8881
0.8241
0.8987
1.1212
2.4609
1.7991
1.2225000000000001
0.585
0.1482
0.050600000000000006
0.0625
0.0573
0.9064
1.5196
1.79
1.6193
0.7763
0.28959999999999997
0.29279999999999995
0.26789999999999997
0.40090000000000003
0.6889000000000001
0.7473000000000001
0.9097999999999999
1.1299000000000001
0.6328
3.3464
6.8299
1.4619
0.0271
0.0269
0.0265
0.026099999999999998
0.027200000000000002
0.032
0.026
0.0224
0.0204
0.0228
0.020999999999999998
0.0245
0.0275
0.028
0.028200000000000003
0.0284
0.0298
0.0368
0.025500000000000002
0.023600000000000003
0.0253
0.0203
0.0259
0.0351
1.0783
0.6465000000000001
0.0884
0.0811
0.0925
0.1162
0.1451
0.238
0.2483
0.1785
0.1748
0.1754
0.5036
0.40980000000000005
0.17709999999999998
0.1366
0.1257
0.1197
0.1027
0.13
0.1627
0.3731
0.6275
0.3236
0.1625
0.2495
0.2011
0.41490000000000005
0.7285999999999999
0.522
0.3504
0.0764
0.058499999999999996
0.064
0.0878
0.12079999999999999
0.10200000000000001
0.0634
0.0063
0.0
0.0
0.0
0.0
0.0273
0.0
0.0
0.0
0.0
0.1427
0.1658
0.17120000000000002
0.174
0.1397
0.06259999999999999
0.040400000000000005
0.2269
0.13369999999999999
0.09870000000000001
0.0612
0.0554
0.0324
0.0062
0.0
0.0
0.0
0.0
0.8046
0.114
0.040900000000000006
0.0
0.0
0.0
0.041499999999999995
0.0446
0.0426
0.0417
0.0565
0.041999999999999996
0.0817
0.2373
0.2514
0.2218
0.16099999999999998
0.1524
0.08330000000000001
0.0609
1.7653
0.0701
0.0002
0.0
0.0
0.0
0.08180000000000001
0.0696
0.2681
0.20679999999999998
1.9968
0.3811
0.40990000000000004
0.37029999999999996
0.3264
0.3371
0.3403
0.3711
0.41859999999999997
0.4641
0.556
0.7847
0.7396
0.6416
0.6794
0.6788
0.8209
0.9886999999999999
1.0406
0.8881
0.8241
0.8987
1.1212
2.4609
1.7991
1.2225000000000001
0.585
0.1482
0.050600000000000006
0.0625
0.0573
0.9064
1.5196
1.79
1.6193
0.7763
0.28959999999999997
0.29279999999999995
0.26789999999999997
0.40090000000000003
0.6889000000000001
0.7473000000000001
0.9097999999999999
1.1299000000000001
0.6328
3.3464
6.8299
1.4619
0.0271
0.0269
0.0265
0.026099999999999998
0.027200000000000002
0.032
0.026
0.0224
0.0204
0.0228
0.020999999999999998
0.0245
0.0275
0.028
0.028200000000000003
0.0284
0.0298
0.0368
0.025500000000000002
0.023600000000000003
0.0253
0.0203
0.0259
0.0351
1.0783
0.6465000000000001
0.0884
0.0811
0.0925
0.1162
0.1451
0.238
0.2483
0.1785
0.1748
0.1754
0.5036
0.40980000000000005
0.17709999999999998
0.1366
0.1257
0.1197
0.1027
0.13
0.1627
0.3731
0.6275
0.3236
0.1625
0.2495
0.2011
0.41490000000000005
0.7285999999999999
0.522
0.3504
0.0764
0.058499999999999996
0.064
0.0878
0.12079999999999999
0.10200000000000001
0.0634
0.0063
0.0
0.0
0.0
0.0
0.0273
0.0
0.0
0.0
0.0
0.1427
0.1658
0.17120000000000002
0.174
0.1397
0.06259999999999999
0.040400000000000005
0.2269
0.13369999999999999
0.09870000000000001
0.0612
0.0554
0.0324
0.0062
0.0
0.0
0.0
0.0
0.8046
0.114
0.040900000000000006
0.0
0.0
0.0
0.041499999999999995
0.0446
0.0426
0.0417
0.0565
0.041999999999999996
0.0817
0.2373
0.2514
0.2218
0.16099999999999998
0.1524
0.08330000000000001
0.0609
1.7653
0.0701
0.0002
0.0
0.0
0.0
0.08180000000000001
0.0696
0.2681
0.20679999999999998
1.9968
0.3811
0.40990000000000004
0.37029999999999996
0.3264
0.3371
0.3403
0.3711
0.41859999999999997
0.4641
0.556
0.7847
0.7396
0.6416
0.6794
0.6788
0.8209
0.9886999999999999
1.0406
0.8881
0.8241
0.8987
1.1212
2.4609
1.7991
1.2225000000000001
0.585
0.1482
0.050600000000000006
0.0625
0.0573
0.9064
1.5196
1.79
1.6193
0.7763
0.28959999999999997
0.29279999999999995
0.26789999999999997
0.40090000000000003
0.6889000000000001
0.7473000000000001
0.9097999999999999
1.1299000000000001
0.6328
3.3464
6.8299
1.4619
0.0271
0.0269
0.0265
0.026099999999999998
0.027200000000000002
0.032
0.026
0.0224
0.0204
0.0228
0.020999999999999998
0.0245
0.0275
0.028
0.028200000000000003
0.0284
0.0298
0.0368
0.025500000000000002
0.023600000000000003
0.0253
0.0203
0.0259
0.0351
1.0783
0.6465000000000001
0.0884
0.0811
0.0925
0.1162
0.1451
0.238
0.2483
0.1785
0.1748
0.1754
0.5036
0.40980000000000005
0.17709999999999998
0.1366
0.1257
0.1197
0.1027
0.13
0.1627
0.3731
0.6275
0.3236
0.1625
0.2495
0.2011
0.41490000000000005
0.7285999999999999
0.522
0.3504
0.0764
0.058499999999999996
0.064
0.0878
0.12079999999999999
0.10200000000000001
0.0634
0.0063
0.0
0.0
0.0
0.0
0.0273
0.0
0.0
0.0
0.0
0.1427
0.1658
0.17120000000000002
0.174
0.1397
0.06259999999999999
0.040400000000000005
0.2269
0.13369999999999999
0.09870000000000001
0.0612
0.0554
0.0324
0.0062
0.0
0.0
0.0
0.0
0.8046
0.114
0.040900000000000006
0.0
0.0
0.0
0.041499999999999995
0.0446
0.0426
0.0417
0.0565
0.041999999999999996
0.0817
0.2373
0.2514
0.2218
0.16099999999999998
0.1524
0.08330000000000001
0.0609
1.7653
0.0701
0.0002
0.0
0.0
0.0
0.08180000000000001
0.0696
0.2681
0.20679999999999998
1.9968
0.3811
0.40990000000000004
0.37029999999999996
0.3264
0.3371
0.3403
0.3711
0.41859999999999997
0.4641
0.556
0.7847
0.7396
0.6416
0.6794
0.6788
0.8209
0.9886999999999999
1.0406
0.8881
0.8241
0.8987
1.1212
2.4609
1.7991
1.2225000000000001
0.585
0.1482
0.050600000000000006
0.0625
0.0573
0.9064
1.5196
1.79
1.6193
0.7763
0.28959999999999997
0.29279999999999995
0.26789999999999997
0.40090000000000003
0.6889000000000001
0.7473000000000001
0.9097999999999999
1.1299000000000001
0.6328
3.3464
6.8299
1.4619
0.0271
0.0269
0.0265
0.026099999999999998
0.027200000000000002
0.032
0.026
0.0224
0.0204
0.0228
0.020999999999999998
0.0245
0.0275
0.028
0.028200000000000003
0.0284
0.0298
0.0368
0.025500000000000002
0.023600000000000003
0.0253
0.0203
0.0259
0.0351
1.0783
0.6465000000000001
0.0884
0.0811
0.0925
0.1162
0.1451
0.238
0.2483
0.1785
0.1748
0.1754
0.5036
0.40980000000000005
0.17709999999999998
0.1366
0.1257
0.1197
0.1027
0.13
0.1627
0.3731
0.6275
0.3236
0.1625
0.2495
0.2011
0.41490000000000005
0.7285999999999999
0.522
0.3504
0.0764
0.058499999999999996
0.064
0.0878
0.12079999999999999
0.10200000000000001
0.0634
0.0063
0.0
0.0
0.0
0.0
0.0273
0.0
0.0
0.0
0.0
0.23399999999999999
0.22849999999999998
0.2261
0.2106
0.2123
0.24430000000000002
0.33330000000000004
0.5511999999999999
0.8435
0.5115
0.4795
0.4891
0.5092
1.3127
2.3638
0.5196000000000001
0.5952999999999999
0.5819000000000001
0.6534
0.8534999999999999
0.74
0.3837
0.2565
0.2526
0.4863
0.47240000000000004
0.44599999999999995
0.4172
0.4165
0.4129
0.3973
2.0345
0.7999
0.4509
0.3274
0.2291
0.2122
0.202
0.2086
0.2599
0.3572
0.7339
1.786
1.2703
1.0037
0.8156000000000001
0.6843
0.86
0.6421
0.3181
0.2538
0.2183
0.201
0.2071
0.18480000000000002
0.1869
0.1854
0.179
0.361
1.0744
0.5854999999999999
0.4348
0.5957
0.6419
0.7336
2.2825
0.7147
0.6607000000000001
0.7004999999999999
0.8469
1.1512
1.6139999999999999
0.1679
0.16499999999999998
0.16699999999999998
0.1873
0.19669999999999999
0.3537
1.2124000000000001
0.5878
0.052199999999999996
0.0223
0.0306
0.0378
0.024
0.018000000000000002
0.0298
0.034699999999999995
0.0509
0.1233
0.1269
0.1976
0.24530000000000002
0.3544
0.4737
1.6011000000000002
0.3661
0.2771
0.2622
0.23299999999999998
0.2382
0.2343
0.24130000000000001
0.3013
0.36260000000000003
0.3508
0.2995
0.2767
0.238
0.2207
0.2141
0.2239
0.5897
1.1045
1.5914000000000001
1.5068000000000001
0.4727
0.3559
0.33740000000000003
0.7231
0.0448
0.20789999999999997
0.6034999999999999
0.1978
0.101
0.1037
0.3021
0.0473
0.0368
0.030900000000000004
0.033
0.0318
0.0269
0.022199999999999998
0.0213
0.015099999999999999
0.0
0.0
0.213
0.3416
0.3679
0.17820000000000003
0.11610000000000001
1.0426
0.23049999999999998
0.2475
0.25739999999999996
0.2356
0.24609999999999999
0.314
0.5675
0.5083
0.1363
0.1738
0.19390000000000002
0.20179999999999998
0.212
0.1975
0.2025
0.192
0.2017
0.6567000000000001
0.9547
0.4102
0.314
0.08650000000000001
0.0223
0.038400000000000004
0.23399999999999999
0.22849999999999998
0.2261
0.2106
0.2123
0.24430000000000002
0.33330000000000004
0.5511999999999999
0.8435
0.5115
0.4795
0.4891
0.5092
1.3127
2.3638
0.5196000000000001
0.5952999999999999
0.5819000000000001
0.6534
0.8534999999999999
0.74
0.3837
0.2565
0.2526
0.4863
0.47240000000000004
0.44599999999999995
0.4172
0.4165
0.4129
0.3973
2.0345
0.7999
0.4509
0.3274
0.2291
0.2122
0.202
0.2086
0.2599
0.3572
0.7339
1.786
1.2703
1.0037
0.8156000000000001
0.6843
0.86
0.6421
0.3181
0.2538
0.2183
0.201
0.2071
0.18480000000000002
0.1869
0.1854
0.179
0.361
1.0744
0.5854999999999999
0.4348
0.5957
0.6419
0.7336
2.2825
0.7147
0.6607000000000001
0.7004999999999999
0.8469
1.1512
1.6139999999999999
0.1679
0.16499999999999998
0.16699999999999998
0.1873
0.19669999999999999
0.3537
1.2124000000000001
0.5878
0.052199999999999996
0.0223
0.0306
0.0378
0.024
0.018000000000000002
0.0298
0.034699999999999995
0.0509
0.1233
0.1269
0.1976
0.24530000000000002
0.3544
0.4737
1.6011000000000002
0.3661
0.2771
0.2622
0.23299999999999998
0.2382
0.2343
0.24130000000000001
0.3013
0.36260000000000003
0.3508
0.2995
0.2767
0.238
0.2207
0.2141
0.2239
0.5897
1.1045
1.5914000000000001
1.5068000000000001
0.4727
0.3559
0.33740000000000003
0.7231
0.0448
0.20789999999999997
0.6034999999999999
0.1978
0.101
0.1037
0.3021
0.0473
0.0368
0.030900000000000004
0.033
0.0318
0.0269
0.022199999999999998
0.0213
0.015099999999999999
0.0
0.0
0.213
0.3416
0.3679
0.17820000000000003
0.11610000000000001
1.0426
0.23049999999999998
0.2475
0.25739999999999996
0.2356
0.24609999999999999
0.314
0.5675
0.5083
0.1363
0.1738
0.19390000000000002
0.20179999999999998
0.212
0.1975
0.2025
0.192
0.2017
0.6567000000000001
0.9547
0.4102
0.314
0.08650000000000001
0.0223
0.038400000000000004
0.23399999999999999
0.22849999999999998
0.2261
0.2106
0.2123
0.24430000000000002
0.33330000000000004
0.5511999999999999
0.8435
0.5115
0.4795
0.4891
0.5092
1.3127
2.3638
0.5196000000000001
0.5952999999999999
0.5819000000000001
0.6534
0.8534999999999999
0.74
0.3837
0.2565
0.2526
0.4863
0.47240000000000004
0.44599999999999995
0.4172
0.4165
0.4129
0.3973
2.0345
0.7999
0.4509
0.3274
0.2291
0.2122
0.202
0.2086
0.2599
0.3572
0.7339
1.786
1.2703
1.0037
0.8156000000000001
0.6843
0.86
0.6421
0.3181
0.2538
0.2183
0.201
0.2071
0.18480000000000002
0.1869
0.1854
0.179
0.361
1.0744
0.5854999999999999
0.4348
0.5957
0.6419
0.7336
2.2825
0.7147
0.6607000000000001
0.7004999999999999
0.8469
1.1512
1.6139999999999999
0.1679
0.16499999999999998
0.16699999999999998
0.1873
0.19669999999999999
0.3537
1.2124000000000001
0.5878
0.052199999999999996
0.0223
0.0306
0.0378
0.024
0.018000000000000002
0.0298
0.034699999999999995
0.0509
0.1233
0.1269
0.1976
0.24530000000000002
0.3544
0.4737
1.6011000000000002
0.3661
0.2771
0.2622
0.23299999999999998
0.2382
0.2343
0.24130000000000001
0.3013
0.36260000000000003
0.3508
0.2995
0.2767
0.238
0.2207
0.2141
0.2239
0.5897
1.1045
1.5914000000000001
1.5068000000000001
0.4727
0.3559
0.33740000000000003
0.7231
0.0448
0.20789999999999997
0.6034999999999999
0.1978
0.101
0.1037
0.3021
0.0473
0.0368
0.030900000000000004
0.033
0.0318
0.0269
0.022199999999999998
0.0213
0.015099999999999999
0.0
0.0
0.213
0.3416
0.3679
0.17820000000000003
0.11610000000000001
1.0426
0.23049999999999998
0.2475
0.25739999999999996
0.2356
0.24609999999999999
0.314
0.5675
0.5083
0.1363
0.1738
0.19390000000000002
0.20179999999999998
0.212
0.1975
0.2025
0.192
0.2017
0.6567000000000001
0.9547
0.4102
0.314
0.08650000000000001
0.0223
0.038400000000000004
0.23399999999999999
0.22849999999999998
0.2261
0.2106
0.2123
0.24430000000000002
0.33330000000000004
0.5511999999999999
0.8435
0.5115
0.4795
0.4891
0.5092
1.3127
2.3638
0.5196000000000001
0.5952999999999999
0.5819000000000001
0.6534
0.8534999999999999
0.74
0.3837
0.2565
0.2526
0.4863
0.47240000000000004
0.44599999999999995
0.4172
0.4165
0.4129
0.3973
2.0345
0.7999
0.4509
0.3274
0.2291
0.2122
0.202
0.2086
0.2599
0.3572
0.7339
1.786
1.2703
1.0037
0.8156000000000001
0.6843
0.86
0.6421
0.3181
0.2538
0.2183
0.201
0.2071
0.18480000000000002
0.1869
0.1854
0.179
0.361
1.0744
0.5854999999999999
0.4348
0.5957
0.6419
0.7336
2.2825
0.7147
0.6607000000000001
0.7004999999999999
0.8469
1.1512
1.6139999999999999
0.1679
0.16499999999999998
0.16699999999999998
0.1873
0.19669999999999999
0.3537
1.2124000000000001
0.5878
0.052199999999999996
0.0223
0.0306
0.0378
0.024
0.018000000000000002
0.0298
0.034699999999999995
0.0509
0.1233
0.1269
0.1976
0.24530000000000002
0.3544
0.4737
1.6011000000000002
0.3661
0.2771
0.2622
0.23299999999999998
0.2382
0.2343
0.24130000000000001
0.3013
0.36260000000000003
0.3508
0.2995
0.2767
0.238
0.2207
0.2141
0.2239
0.5897
1.1045
1.5914000000000001
1.5068000000000001
0.4727
0.3559
0.33740000000000003
0.7231
0.0448
0.20789999999999997
0.6034999999999999
0.1978
0.101
0.1037
0.3021
0.0473
0.0368
0.030900000000000004
0.033
0.0318
0.0269
0.022199999999999998
0.0213
0.015099999999999999
0.0
0.0
0.213
0.3416
0.3679
0.17820000000000003
0.11610000000000001
1.0426
0.23049999999999998
0.2475
0.25739999999999996
0.2356
0.24609999999999999
0.314
0.5675
0.5083
0.1363
0.1738
0.19390000000000002
0.20179999999999998
0.212
0.1975
0.2025
0.192
0.2017
0.6567000000000001
0.9547
0.4102
0.314
0.08650000000000001
0.0223
0.038400000000000004
0.23399999999999999
0.22849999999999998
0.2261
0.2106
0.2123
0.24430000000000002
0.33330000000000004
0.5511999999999999
0.8435
0.5115
0.4795
0.4891
0.5092
1.3127
2.3638
0.5196000000000001
0.5952999999999999
0.5819000000000001
0.6534
0.8534999999999999
0.74
0.3837
0.2565
0.2526
0.4863
0.47240000000000004
0.44599999999999995
0.4172
0.4165
0.4129
0.3973
2.0345
0.7999
0.4509
0.3274
0.2291
0.2122
0.202
0.2086
0.2599
0.3572
0.7339
1.786
1.2703
1.0037
0.8156000000000001
0.6843
0.86
1.6508
1.6440000000000001
1.576
1.4513
1.2557999999999998
0.9986999999999999
0.8643000000000001
1.9954
1.3451
1.367
2.3122
4.223
1.5519
0.7263
0.7176
0.7606
1.0103
2.9091
6.2669
4.2832
5.8886
6.6757
6.787
6.1894
8.098600000000001
6.9672
6.3138000000000005
3.3632
1.7597
1.5673
1.3124
3.1687000000000003
1.1455
0.9082
0.7407999999999999
0.6950000000000001
0.6755
0.5965
0.6246
0.8259000000000001
0.8775999999999999
0.8573
0.9413
0.977
2.9107000000000003
5.0565
3.0394
4.3928
0.0313
0.0465
0.0404
0.0359
0.0303
0.0426
0.0635
0.2011
0.0
0.0
0.7617
0.0183
0.020200000000000003
0.0123
0.0134
0.6317
0.196
0.2219
0.1381
0.1066
0.0897
0.0924
0.066
0.0476
0.4167
0.6859999999999999
0.3101
0.1966
0.2106
0.23679999999999998
0.2723
0.35519999999999996
0.28800000000000003
0.27090000000000003
0.2774
0.312
0.3296
0.3906
0.7014
0.5971
0.44320000000000004
0.5615
1.1178
0.6557
0.42579999999999996
0.3556
0.2646
2.5131
2.4768
0.0597
0.3315
0.076
0.013
0.036199999999999996
0.05739999999999999
0.0861
0.0833
0.0723
0.1041
0.1154
0.12409999999999999
0.1054
0.1039
0.040900000000000006
0.020900000000000002
0.0
0.3806
1.2443
0.8451
2.8627000000000002
2.0478
4.5547
0.2722
0.2713
0.2538
0.2509
0.2609
0.2901
0.3744
0.5504
0.3978
0.8287
0.3141
0.2827
0.3659
0.7507
0.4021
0.372
0.3641
0.3746
0.6113
0.7725
0.3523
0.33840000000000003
0.31100000000000005
0.2892
0.7503
0.1746
0.1315
0.1047
0.1306
0.1618
0.16149999999999998
0.19469999999999998
0.432
0.5791999999999999
0.8759
0.8546
0.3112
0.2227
0.2121
0.17009999999999997
0.1723
0.197
0.5828
0.472
0.4565
0.9251
1.6242999999999999
1.3919000000000001
1.6508
1.6440000000000001
1.576
1.4513
1.2557999999999998
0.9986999999999999
0.8643000000000001
1.9954
1.3451
1.367
2.3122
4.223
1.5519
0.7263
0.7176
0.7606
1.0103
2.9091
6.2669
4.2832
5.8886
6.6757
6.787
6.1894
8.098600000000001
6.9672
6.3138000000000005
3.3632
1.7597
1.5673
1.3124
3.1687000000000003
1.1455
0.9082
0.7407999999999999
0.6950000000000001
0.6755
0.5965
0.6246
0.8259000000000001
0.8775999999999999
0.8573
0.9413
0.977
2.9107000000000003
5.0565
3.0394
4.3928
0.0313
0.0465
0.0404
0.0359
0.0303
0.0426
0.0635
0.2011
0.0
0.0
0.7617
0.0183
0.020200000000000003
0.0123
0.0134
0.6317
0.196
0.2219
0.1381
0.1066
0.0897
0.0924
0.066
0.0476
0.4167
0.6859999999999999
0.3101
0.1966
0.2106
0.23679999999999998
0.2723
0.35519999999999996
0.28800000000000003
0.27090000000000003
0.2774
0.312
0.3296
0.3906
0.7014
0.5971
0.44320000000000004
0.5615
1.1178
0.6557
0.42579999999999996
0.3556
0.2646
2.5131
2.4768
0.0597
0.3315
0.076
0.013
0.036199999999999996
0.05739999999999999
0.0861
0.0833
0.0723
0.1041
0.1154
0.12409999999999999
0.1054
0.1039
0.040900000000000006
0.020900000000000002
0.0
0.3806
1.2443
0.8451
2.8627000000000002
2.0478
4.5547
0.2722
0.2713
0.2538
0.2509
0.2609
0.2901
0.3744
0.5504
0.3978
0.8287
0.3141
0.2827
0.3659
0.7507
0.4021
0.372
0.3641
0.3746
0.6113
0.7725
0.3523
0.33840000000000003
0.31100000000000005
0.2892
0.7503
0.1746
0.1315
0.1047
0.1306
0.1618
0.16149999999999998
0.19469999999999998
0.432
0.5791999999999999
0.8759
0.8546
0.3112
0.2227
0.2121
0.17009999999999997
0.1723
0.197
0.5828
0.472
0.4565
0.9251
1.6242999999999999
1.3919000000000001
1.6508
1.6440000000000001
1.576
1.4513
1.2557999999999998
0.9986999999999999
0.8643000000000001
1.9954
1.3451
1.367
2.3122
4.223
1.5519
0.7263
0.7176
0.7606
1.0103
2.9091
6.2669
4.2832
5.8886
6.6757
6.787
6.1894
8.098600000000001
6.9672
6.3138000000000005
3.3632
1.7597
1.5673
1.3124
3.1687000000000003
1.1455
0.9082
0.7407999999999999
0.6950000000000001
0.6755
0.5965
0.6246
0.8259000000000001
0.8775999999999999
0.8573
0.9413
0.977
2.9107000000000003
5.0565
3.0394
4.3928
0.0313
0.0465
0.0404
0.0359
0.0303
0.0426
0.0635
0.2011
0.0
0.0
0.7617
0.0183
0.020200000000000003
0.0123
0.0134
0.6317
0.196
0.2219
0.1381
0.1066
0.0897
0.0924
0.066
0.0476
0.4167
0.6859999999999999
0.3101
0.1966
0.2106
0.23679999999999998
0.2723
0.35519999999999996
0.28800000000000003
0.27090000000000003
0.2774
0.312
0.3296
0.3906
0.7014
0.5971
0.44320000000000004
0.5615
1.1178
0.6557
0.42579999999999996
0.3556
0.2646
2.5131
2.4768
0.0597
0.3315
0.076
0.013
0.036199999999999996
0.05739999999999999
0.0861
0.0833
0.0723
0.1041
0.1154
0.12409999999999999
0.1054
0.1039
0.040900000000000006
0.020900000000000002
0.0
0.3806
1.2443
0.8451
2.8627000000000002
2.0478
4.5547
0.2722
0.2713
0.2538
0.2509
0.2609
0.2901
0.3744
0.5504
0.3978
0.8287
0.3141
0.2827
0.3659
0.7507
0.4021
0.372
0.3641
0.3746
0.6113
0.7725
0.3523
0.33840000000000003
0.31100000000000005
0.2892
0.7503
0.1746
0.1315
0.1047
0.1306
0.1618
0.16149999999999998
0.19469999999999998
0.432
0.5791999999999999
0.8759
0.8546
0.3112
0.2227
0.2121
0.17009999999999997
0.1723
0.197
0.5828
0.472
0.4565
0.9251
1.6242999999999999
1.3919000000000001
1.6508
1.6440000000000001
1.576
1.4513
1.2557999999999998
0.9986999999999999
0.8643000000000001
1.9954
1.3451
1.367
2.3122
4.223
1.5519
0.7263
0.7176
0.7606
1.0103
2.9091
6.2669
4.2832
5.8886
6.6757
6.787
6.1894
8.098600000000001
6.9672
6.3138000000000005
3.3632
1.7597
1.5673
1.3124
3.1687000000000003
1.1455
0.9082
0.7407999999999999
0.6950000000000001
0.6755
0.5965
0.6246
0.8259000000000001
0.8775999999999999
0.8573
0.9413
0.977
2.9107000000000003
5.0565
3.0394
4.3928
0.0313
0.0465
0.0404
0.0359
0.0303
0.0426
0.0635
0.2011
0.0
0.0
0.7617
0.0183
0.020200000000000003
0.0123
0.0134
0.6317
0.196
0.2219
0.1381
0.1066
0.0897
0.0924
0.066
0.0476
0.4167
0.6859999999999999
0.3101
0.1966
0.2106
0.23679999999999998
0.2723
0.35519999999999996
0.28800000000000003
0.27090000000000003
0.2774
0.312
0.3296
0.3906
0.7014
0.5971
0.44320000000000004
0.5615
1.1178
0.6557
0.42579999999999996
0.3556
0.2646
2.5131
2.4768
0.0597
0.3315
0.076
0.013
0.036199999999999996
0.05739999999999999
0.0861
0.0833
0.0723
0.1041
0.1154
0.12409999999999999
0.1054
0.1039
0.040900000000000006
0.020900000000000002
0.0
0.3806
1.2443
0.8451
2.8627000000000002
2.0478
4.5547
0.2722
0.2713
0.2538
0.2509
0.2609
0.2901
0.3744
0.5504
0.3978
0.8287
0.3141
0.2827
0.3659
0.7507
0.4021
0.372
0.3641
0.3746
0.6113
0.7725
0.3523
0.33840000000000003
0.31100000000000005
0.2892
0.7503
0.1746
0.1315
0.1047
0.1306
0.1618
0.16149999999999998
0.19469999999999998
0.432
0.5791999999999999
0.8759
0.8546
0.3112
0.2227
0.2121
0.17009999999999997
0.1723
0.197
0.5828
0.472
0.4565
0.9251
1.6242999999999999
1.3919000000000001
1.6508
1.6440000000000001
1.576
1.4513
1.2557999999999998
0.9986999999999999
0.8643000000000001
1.9954
1.3451
1.367
2.3122
4.223
1.5519
0.7263
0.7176
0.7606
1.0103
2.9091
6.2669
4.2832
5.8886
6.6757
6.787
6.1894
8.098600000000001
6.9672
6.3138000000000005
3.3632
1.7597
1.5673
1.3124
3.1687000000000003
1.1455
0.9082
0.7407999999999999
0.6950000000000001
0.6755
0.5965
0.6246
0.8259000000000001
0.8775999999999999
0.8573
0.9413
0.977
2.9107000000000003
5.0565
3.0394
4.3928
0.0313
0.0465
0.0404
0.0359
0.0303
0.0426
0.0635
0.2011
0.0
0.0
0.7617
0.0183
0.020200000000000003
0.0123
0.0134
0.6317
0.196
0.2219
0.1381
0.1066
0.0897
0.0924
0.066
0.0476
0.3882
0.36429999999999996
0.3391
0.3355
0.3194
0.318
0.32010000000000005
0.3335
2.0539
0.3133
0.4223
0.7858
0.4666
0.3692
0.39139999999999997
0.4062
2.5116
0.5046
0.5706
0.6403000000000001
0.8099000000000001
0.9642
0.853
0.5590999999999999
0.1568
0.1545
0.1512
0.1521
0.1467
0.12919999999999998
0.0955
0.0916
0.1385
0.1255
0.1132
0.1257
0.1208
0.1159
0.115
0.1109
0.1003
0.11069999999999999
0.10400000000000001
0.11019999999999999
0.1091
0.1181
0.154
0.16720000000000002
0.47540000000000004
0.48360000000000003
0.4658
0.4588
0.4454
0.4051
1.082
1.432
1.0497
0.6744
0.4141
0.27849999999999997
0.23170000000000002
0.2127
0.21639999999999998
0.2875
0.4727
0.633
0.875
1.3659
1.0691000000000002
0.6764
0.4926
0.4631
0.2966
0.285
0.27549999999999997
0.268
0.269
0.27790000000000004
0.3437
0.27859999999999996
1.2335
0.7101
0.5849
0.3379
0.2722
0.2489
0.2813
0.7225
0.9043
0.1271
0.18080000000000002
0.1896
0.8265
0.9739
0.2901
0.2701
0.1326
0.123
0.1271
0.1206
0.1303
0.1621
0.2246
0.2274
0.20950000000000002
0.19219999999999998
0.1698
0.1643
0.2096
0.4117
0.3012
0.26039999999999996
0.3013
0.3417
1.4118
0.5854
1.0428000000000002
0.6545
0.1351
0.1392
0.1526
0.1786
0.1728
0.1521
0.1516
0.2202
0.2686
1.6875
0.7371
0.0895
0.1696
0.18259999999999998
0.1536
0.32780000000000004
2.4731
0.1725
0.8877
1.2136
0.3795
0.16870000000000002
0.0278
0.0
0.0
0.0018
0.41400000000000003
0.3791
0.3673
0.34750000000000003
0.3349
0.3539
0.3712
0.3742
0.4763
0.547
0.5835999999999999
1.1905000000000001
0.6123000000000001
0.6459
0.6821999999999999
0.6974
0.6568
1.5617
0.5451
0.5361
0.5785
0.8245
1.4192
1.0227
0.3882
0.36429999999999996
0.3391
0.3355
0.3194
0.318
0.32010000000000005
0.3335
2.0539
0.3133
0.4223
0.7858
0.4666
0.3692
0.39139999999999997
0.4062
2.5116
0.5046
0.5706
0.6403000000000001
0.8099000000000001
0.9642
0.853
0.5590999999999999
0.1568
0.1545
0.1512
0.1521
0.1467
0.12919999999999998
0.0955
0.0916
0.1385
0.1255
0.1132
0.1257
0.1208
0.1159
0.115
0.1109
0.1003
0.11069999999999999
0.10400000000000001
0.11019999999999999
0.1091
0.1181
0.154
0.16720000000000002
0.47540000000000004
0.48360000000000003
0.4658
0.4588
0.4454
0.4051
1.082
1.432
1.0497
0.6744
0.4141
0.27849999999999997
0.23170000000000002
0.2127
0.21639999999999998
0.2875
0.4727
0.633
0.875
1.3659
1.0691000000000002
0.6764
0.4926
0.4631
0.2966
0.285
0.27549999999999997
0.268
0.269
0.27790000000000004
0.3437
0.27859999999999996
1.2335
0.7101
0.5849
0.3379
0.2722
0.2489
0.2813
0.7225
0.9043
0.1271
0.18080000000000002
0.1896
0.8265
0.9739
0.2901
0.2701
0.1326
0.123
0.1271
0.1206
0.1303
0.1621
0.2246
0.2274
0.20950000000000002
0.19219999999999998
0.1698
0.1643
0.2096
0.4117
0.3012
0.26039999999999996
0.3013
0.3417
1.4118
0.5854
1.0428000000000002
0.6545
0.1351
0.1392
0.1526
0.1786
0.1728
0.1521
0.1516
0.2202
0.2686
1.6875
0.7371
0.0895
0.1696
0.18259999999999998
0.1536
0.32780000000000004
2.4731
0.1725
0.8877
1.2136
0.3795
0.16870000000000002
0.0278
0.0
0.0
0.0018
0.41400000000000003
0.3791
0.3673
0.34750000000000003
0.3349
0.3539
0.3712
0.3742
0.4763
0.547
0.5835999999999999
1.1905000000000001
0.6123000000000001
0.6459
0.6821999999999999
0.6974
0.6568
1.5617
0.5451
0.5361
0.5785
0.8245
1.4192
1.0227
0.3882
0.36429999999999996
0.3391
0.3355
0.3194
0.318
0.32010000000000005
0.3335
2.0539
0.3133
0.4223
0.7858
0.4666
0.3692
0.39139999999999997
0.4062
2.5116
0.5046
0.5706
0.6403000000000001
0.8099000000000001
0.9642
0.853
0.5590999999999999
0.1568
0.1545
0.1512
0.1521
0.1467
0.12919999999999998
0.0955
0.0916
0.1385
0.1255
0.1132
0.1257
0.1208
0.1159
0.115
0.1109
0.1003
0.11069999999999999
0.10400000000000001
0.11019999999999999
0.1091
0.1181
0.154
0.16720000000000002
0.47540000000000004
0.48360000000000003
0.4658
0.4588
0.4454
0.4051
1.082
1.432
1.0497
0.6744
0.4141
0.27849999999999997
0.23170000000000002
0.2127
0.21639999999999998
0.2875
0.4727
0.633
0.875
1.3659
1.0691000000000002
0.6764
0.4926
0.4631
0.2966
0.285
0.27549999999999997
0.268
0.269
0.27790000000000004
0.3437
0.27859999999999996
1.2335
0.7101
0.5849
0.3379
0.2722
0.2489
0.2813
0.7225
0.9043
0.1271
0.18080000000000002
0.1896
0.8265
0.9739
0.2901
0.2701
0.1326
0.123
0.1271
0.1206
0.1303
0.1621
0.2246
0.2274
0.20950000000000002
0.19219999999999998
0.1698
0.1643
0.2096
0.4117
0.3012
0.26039999999999996
0.3013
0.3417
1.4118
0.5854
1.0428000000000002
0.6545
0.1351
0.1392
0.1526
0.1786
0.1728
0.1521
0.1516
0.2202
0.2686
1.6875
0.7371
0.0895
0.1696
0.18259999999999998
0.1536
0.32780000000000004
2.4731
0.1725
0.8877
1.2136
0.3795
0.16870000000000002
0.0278
0.0
0.0
0.0018
0.41400000000000003
0.3791
0.3673
0.34750000000000003
0.3349
0.3539
0.3712
0.3742
0.4763
0.547
0.5835999999999999
1.1905000000000001
0.6123000000000001
0.6459
0.6821999999999999
0.6974
0.6568
1.5617
0.5451
0.5361
0.5785
0.8245
1.4192
1.0227
0.3882
0.36429999999999996
0.3391
0.3355
0.3194
0.318
0.32010000000000005
0.3335
2.0539
0.3133
0.4223
0.7858
0.4666
0.3692
0.39139999999999997
0.4062
2.5116
0.5046
0.5706
0.6403000000000001
0.8099000000000001
0.9642
0.853
0.5590999999999999
0.1568
0.1545
0.1512
0.1521
0.1467
0.12919999999999998
0.0955
0.0916
0.1385
0.1255
0.1132
0.1257
0.1208
0.1159
0.115
0.1109
0.1003
0.11069999999999999
0.10400000000000001
0.11019999999999999
0.1091
0.1181
0.154
0.16720000000000002
0.47540000000000004
0.48360000000000003
0.4658
0.4588
0.4454
0.4051
1.082
1.432
1.0497
0.6744
0.4141
0.27849999999999997
0.23170000000000002
0.2127
0.21639999999999998
0.2875
0.4727
0.633
0.875
1.3659
1.0691000000000002
0.6764
0.4926
0.4631
0.2966
0.285
0.27549999999999997
0.268
0.269
0.27790000000000004
0.3437
0.27859999999999996
1.2335
0.7101
0.5849
0.3379
0.2722
0.2489
0.2813
0.7225
0.9043
0.1271
0.18080000000000002
0.1896
0.8265
0.9739
0.2901
0.2701
0.1326
0.123
0.1271
0.1206
0.1303
0.1621
0.2246
0.2274
0.20950000000000002
0.19219999999999998
0.1698
0.1643
0.2096
0.4117
0.3012
0.26039999999999996
0.3013
0.3417
1.4118
0.5854
1.0428000000000002
0.6545
0.1351
0.1392
0.1526
0.1786
0.1728
0.1521
0.1516
0.2202
0.2686
1.6875
0.7371
0.0895
0.1696
0.18259999999999998
0.1536
0.32780000000000004
2.4731
0.1725
0.8877
1.2136
0.3795
0.16870000000000002
0.0278
0.0
0.0
0.0018
0.41400000000000003
0.3791
0.3673
0.34750000000000003
0.3349
0.3539
0.3712
0.3742
0.4763
0.547
0.5835999999999999
1.1905000000000001
0.6123000000000001
0.6459
0.6821999999999999
0.6974
0.6568
1.5617
0.5451
0.5361
0.5785
0.8245
1.4192
1.0227
0.3882
0.36429999999999996
0.3391
0.3355
0.3194
0.318
0.32010000000000005
0.3335
2.0539
0.3133
0.4223
0.7858
0.4666
0.3692
0.39139999999999997
0.4062
2.5116
0.5046
0.5706
0.6403000000000001
0.8099000000000001
0.9642
0.853
0.5590999999999999
0.1568
0.1545
0.1512
0.1521
0.1467
0.12919999999999998
0.0955
0.0916
0.1385
0.1255
0.1132
0.1257
0.1208
0.1159
0.115
0.1109
0.1003
0.11069999999999999
0.10400000000000001
0.11019999999999999
0.1091
0.1181
0.154
0.16720000000000002
0.47540000000000004
0.48360000000000003
0.4658
0.4588
0.4454
0.4051
1.082
1.432
1.0497
0.6744
0.4141
0.27849999999999997
0.23170000000000002
0.2127
0.21639999999999998
0.2875
0.4727
0.633
0.875
1.3659
1.0691000000000002
0.6764
0.4926
0.4631
0.154
0.1495
0.14550000000000002
0.1373
0.146
0.1676
0.23299999999999998
0.3224
0.5061
0.5546
0.3883
0.6314
0.188
0.2208
0.2313
0.2357
0.2146
0.3237
0.46449999999999997
0.2215
0.3026
0.6706000000000001
0.8681000000000001
0.3712
0.3656
0.0896
0.0842
0.0293
0.0
0.0
0.0123
0.012
0.0
0.0032
0.0131
0.0015
0.015099999999999999
0.0296
0.0805
0.1117
0.042800000000000005
0.0154
0.0288
0.0258
0.008
0.0088
0.0028
0.5483
2.0802
0.4404
0.3667
0.3635
0.34609999999999996
0.38239999999999996
0.3977
0.47919999999999996
0.5506
0.6263
0.748
1.1413
2.0620000000000003
1.0627
0.9967999999999999
1.3582
1.6641
1.5131999999999999
1.0801
0.9069
0.877
0.8777999999999999
0.8578
1.5598999999999998
5.1401
5.6071
4.8551
2.2125
0.4011
0.5866
0.3567
0.2022
0.18469999999999998
0.1681
0.15860000000000002
0.1442
0.21860000000000002
0.4121
2.8297999999999996
0.6426999999999999
0.5106999999999999
0.7482
2.5942
2.6198
1.5082
1.3987
1.2296
0.9242
0.4424
0.4351
0.4324
0.4491
0.4476
0.5756
1.1464
1.055
0.8167
0.7814
1.4546000000000001
0.0759
0.12
0.126
0.2582
0.9746
0.4739
1.0852
0.8271999999999999
0.9148000000000001
0.6532
0.3765
0.2874
0.2762
0.7813
0.3658
0.2892
0.28869999999999996
0.278
0.31279999999999997
0.3667
0.46499999999999997
0.7658
0.8562000000000001
0.7178
0.5590999999999999
0.528
0.5052
0.4986
1.5891
1.1573
0.8791
0.6682
0.5641
0.5635
0.5411999999999999
0.4729
0.39180000000000004
0.372
0.2494
0.1982
0.142
0.12009999999999998
0.1429
0.107
0.0288
0.0
0.0
0.0
0.0
2.0238
3.4375999999999998
3.3893000000000004
3.0512
2.617
3.0321
5.1957
5.8978
5.1518
3.9154
1.782
3.0372
0.154
0.1495
0.14550000000000002
0.1373
0.146
0.1676
0.23299999999999998
0.3224
0.5061
0.5546
0.3883
0.6314
0.188
0.2208
0.2313
0.2357
0.2146
0.3237
0.46449999999999997
0.2215
0.3026
0.6706000000000001
0.8681000000000001
0.3712
0.3656
0.0896
0.0842
0.0293
0.0
0.0
0.0123
0.012
0.0
0.0032
0.0131
0.0015
0.015099999999999999
0.0296
0.0805
0.1117
0.042800000000000005
0.0154
0.0288
0.0258
0.008
0.0088
0.0028
0.5483
2.0802
0.4404
0.3667
0.3635
0.34609999999999996
0.38239999999999996
0.3977
0.47919999999999996
0.5506
0.6263
0.748
1.1413
2.0620000000000003
1.0627
0.9967999999999999
1.3582
1.6641
1.5131999999999999
1.0801
0.9069
0.877
0.8777999999999999
0.8578
1.5598999999999998
5.1401
5.6071
4.8551
2.2125
0.4011
0.5866
0.3567
0.2022
0.18469999999999998
0.1681
0.15860000000000002
0.1442
0.21860000000000002
0.4121
2.8297999999999996
0.6426999999999999
0.5106999999999999
0.7482
2.5942
2.6198
1.5082
1.3987
1.2296
0.9242
0.4424
0.4351
0.4324
0.4491
0.4476
0.5756
1.1464
1.055
0.8167
0.7814
1.4546000000000001
0.0759
0.12
0.126
0.2582
0.9746
0.4739
1.0852
0.8271999999999999
0.9148000000000001
0.6532
0.3765
0.2874
0.2762
0.7813
0.3658
0.2892
0.28869999999999996
0.278
0.31279999999999997
0.3667
0.46499999999999997
0.7658
0.8562000000000001
0.7178
0.5590999999999999
0.528
0.5052
0.4986
1.5891
1.1573
0.8791
0.6682
0.5641
0.5635
0.5411999999999999
0.4729
0.39180000000000004
0.372
0.2494
0.1982
0.142
0.12009999999999998
0.1429
0.107
0.0288
0.0
0.0
0.0
0.0
2.0238
3.4375999999999998
3.3893000000000004
3.0512
2.617
3.0321
5.1957
5.8978
5.1518
3.9154
1.782
3.0372
0.154
0.1495
0.14550000000000002
0.1373
0.146
0.1676
0.23299999999999998
0.3224
0.5061
0.5546
0.3883
0.6314
0.188
0.2208
0.2313
0.2357
0.2146
0.3237
0.46449999999999997
0.2215
0.3026
0.6706000000000001
0.8681000000000001
0.3712
0.3656
0.0896
0.0842
0.0293
0.0
0.0
0.0123
0.012
0.0
0.0032
0.0131
0.0015
0.015099999999999999
0.0296
0.0805
0.1117
0.042800000000000005
0.0154
0.0288
0.0258
0.008
0.0088
0.0028
0.5483
2.0802
0.4404
0.3667
0.3635
0.34609999999999996
0.38239999999999996
0.3977
0.47919999999999996
0.5506
0.6263
0.748
1.1413
2.0620000000000003
1.0627
0.9967999999999999
1.3582
1.6641
1.5131999999999999
1.0801
0.9069
0.877
0.8777999999999999
0.8578
1.5598999999999998
5.1401
5.6071
4.8551
2.2125
0.4011
0.5866
0.3567
0.2022
0.18469999999999998
0.1681
0.15860000000000002
0.1442
0.21860000000000002
0.4121
2.8297999999999996
0.6426999999999999
0.5106999999999999
0.7482
2.5942
2.6198
1.5082
1.3987
1.2296
0.9242
0.4424
0.4351
0.4324
0.4491
0.4476
0.5756
1.1464
1.055
0.8167
0.7814
1.4546000000000001
0.0759
0.12
0.126
0.2582
0.9746
0.4739
1.0852
0.8271999999999999
0.9148000000000001
0.6532
0.3765
0.2874
0.2762
0.7813
0.3658
0.2892
0.28869999999999996
0.278
0.31279999999999997
0.3667
0.46499999999999997
0.7658
0.8562000000000001
0.7178
0.5590999999999999
0.528
0.5052
0.4986
1.5891
1.1573
0.8791
0.6682
0.5641
0.5635
0.5411999999999999
0.4729
0.39180000000000004
0.372
0.2494
0.1982
0.142
0.12009999999999998
0.1429
0.107
0.0288
0.0
0.0
0.0
0.0
2.0238
3.4375999999999998
3.3893000000000004
3.0512
2.617
3.0321
5.1957
5.8978
5.1518
3.9154
1.782
3.0372
0.154
0.1495
0.14550000000000002
0.1373
0.146
0.1676
0.23299999999999998
0.3224
0.5061
0.5546
0.3883
0.6314
0.188
0.2208
0.2313
0.2357
0.2146
0.3237
0.46449999999999997
0.2215
0.3026
0.6706000000000001
0.8681000000000001
0.3712
0.3656
0.0896
0.0842
0.0293
0.0
0.0
0.0123
0.012
0.0
0.0032
0.0131
0.0015
0.015099999999999999
0.0296
0.0805
0.1117
0.042800000000000005
0.0154
0.0288
0.0258
0.008
0.0088
0.0028
0.5483
2.0802
0.4404
0.3667
0.3635
0.34609999999999996
0.38239999999999996
0.3977
0.47919999999999996
0.5506
0.6263
0.748
1.1413
2.0620000000000003
1.0627
0.9967999999999999
1.3582
1.6641
1.5131999999999999
1.0801
0.9069
0.877
0.8777999999999999
0.8578
1.5598999999999998
5.1401
5.6071
4.8551
2.2125
0.4011
0.5866
0.3567
0.2022
0.18469999999999998
0.1681
0.15860000000000002
0.1442
0.21860000000000002
0.4121
2.8297999999999996
0.6426999999999999
0.5106999999999999
0.7482
2.5942
2.6198
1.5082
1.3987
1.2296
0.9242
0.4424
0.4351
0.4324
0.4491
0.4476
0.5756
1.1464
1.055
0.8167
0.7814
1.4546000000000001
0.0759
0.12
0.126
0.2582
0.9746
0.4739
1.0852
0.8271999999999999
0.9148000000000001
0.6532
0.3765
0.2874
0.2762
0.7813
0.3658
0.2892
0.28869999999999996
0.278
0.31279999999999997
0.3667
0.46499999999999997
0.7658
0.8562000000000001
0.7178
0.5590999999999999
0.528
0.5052
0.4986
1.5891
1.1573
0.8791
0.6682
0.5641
0.5635
0.5411999999999999
0.4729
0.39180000000000004
0.372
0.2494
0.1982
0.142
0.12009999999999998
0.1429
0.107
0.0288
0.0
0.0
0.0
0.0
2.0238
3.4375999999999998
3.3893000000000004
3.0512
2.617
3.0321
5.1957
5.8978
5.1518
3.9154
1.782
3.0372
0.154
0.1495
0.14550000000000002
0.1373
0.146
0.1676
0.23299999999999998
0.3224
0.5061
0.5546
0.3883
0.6314
0.188
0.2208
0.2313
0.2357
0.2146
0.3237
0.46449999999999997
0.2215
0.3026
0.6706000000000001
0.8681000000000001
0.3712
0.3656
0.0896
0.0842
0.0293
0.0
0.0
0.0123
0.012
0.0
0.0032
0.0131
0.0015
0.015099999999999999
0.0296
0.0805
0.1117
0.042800000000000005
0.0154
0.0288
0.0258
0.008
0.0088
0.0028
0.5483
0.0456
0.0473
0.0504
0.0555
0.0617
0.061
0.1201
0.2518
1.6221
0.36319999999999997
0.3643
0.417
0.4146
0.8976000000000001
0.3397
0.0891
0.0726
0.0757
0.2023
0.6585
0.0413
0.0055
0.0
0.0087
0.36229999999999996
0.3496
0.3287
0.32120000000000004
0.3136
0.3153
0.2982
0.2859
0.28369999999999995
0.27190000000000003
0.2586
0.2813
0.41969999999999996
0.4448
0.408
0.45299999999999996
0.53
1.0884
0.8926000000000001
0.43520000000000003
0.45489999999999997
0.4407
0.4395
0.4145
0.5388999999999999
0.4196
0.3732
0.3027
0.3084
0.3615
0.3301
0.30110000000000003
0.3212
0.25279999999999997
0.2847
0.19590000000000002
0.2673
0.7256
2.3069
0.9261999999999999
0.9527999999999999
4.295
3.4189
3.6633
7.6652000000000005
4.402699999999999
4.5794
1.3326
0.7376
0.6093
0.46749999999999997
0.3892
0.34409999999999996
0.3554
0.3276
1.2778999999999998
1.2079
1.1408
0.962
0.7779
0.7143999999999999
0.6824
0.6817
0.7374
1.1574
1.3649
0.9833
0.8037000000000001
0.8203
0.9556
1.3692
1.293
0.38780000000000003
0.3889
0.3866
0.36729999999999996
0.3538
0.3514
0.251
0.8042
0.044
0.0203
0.041499999999999995
0.019299999999999998
0.0319
0.038
0.0187
0.0125
0.0
0.0
2.6754
0.9808
0.4012
0.3025
0.2793
0.315
0.2586
0.1725
0.1865
0.106
0.1454
0.1197
0.0664
0.2004
0.0405
0.0361
0.0556
0.07039999999999999
0.0902
0.1474
0.2269
0.2234
0.38730000000000003
1.148
0.24960000000000002
0.1465
0.060700000000000004
0.0047
0.0
0.0
0.8457
0.6787
0.6059
0.5459
0.5319
0.5622
0.6245
0.6213
0.5312
0.5076
0.5287
0.5917
0.6452
0.6995
0.7317
0.7066
2.169
2.1008
1.23
1.2128999999999999
0.9965999999999999
0.7343999999999999
0.6236
0.8759999999999999
0.0456
0.0473
0.0504
0.0555
0.0617
0.061
0.1201
0.2518
1.6221
0.36319999999999997
0.3643
0.417
0.4146
0.8976000000000001
0.3397
0.0891
0.0726
0.0757
0.2023
0.6585
0.0413
0.0055
0.0
0.0087
0.36229999999999996
0.3496
0.3287
0.32120000000000004
0.3136
0.3153
0.2982
0.2859
0.28369999999999995
0.27190000000000003
0.2586
0.2813
0.41969999999999996
0.4448
0.408
0.45299999999999996
0.53
1.0884
0.8926000000000001
0.43520000000000003
0.45489999999999997
0.4407
0.4395
0.4145
0.5388999999999999
0.4196
0.3732
0.3027
0.3084
0.3615
0.3301
0.30110000000000003
0.3212
0.25279999999999997
0.2847
0.19590000000000002
0.2673
0.7256
2.3069
0.9261999999999999
0.9527999999999999
4.295
3.4189
3.6633
7.6652000000000005
4.402699999999999
4.5794
1.3326
0.7376
0.6093
0.46749999999999997
0.3892
0.34409999999999996
0.3554
0.3276
1.2778999999999998
1.2079
1.1408
0.962
0.7779
0.7143999999999999
0.6824
0.6817
0.7374
1.1574
1.3649
0.9833
0.8037000000000001
0.8203
0.9556
1.3692
1.293
0.38780000000000003
0.3889
0.3866
0.36729999999999996
0.3538
0.3514
0.251
0.8042
0.044
0.0203
0.041499999999999995
0.019299999999999998
0.0319
0.038
0.0187
0.0125
0.0
0.0
2.6754
0.9808
0.4012
0.3025
0.2793
0.315
0.2586
0.1725
0.1865
0.106
0.1454
0.1197
0.0664
0.2004
0.0405
0.0361
0.0556
0.07039999999999999
0.0902
0.1474
0.2269
0.2234
0.38730000000000003
1.148
0.24960000000000002
0.1465
0.060700000000000004
0.0047
0.0
0.0
0.8457
0.6787
0.6059
0.5459
0.5319
0.5622
0.6245
0.6213
0.5312
0.5076
0.5287
0.5917
0.6452
0.6995
0.7317
0.7066
2.169
2.1008
1.23
1.2128999999999999
0.9965999999999999
0.7343999999999999
0.6236
0.8759999999999999
0.0456
0.0473
0.0504
0.0555
0.0617
0.061
0.1201
0.2518
1.6221
0.36319999999999997
0.3643
0.417
0.4146
0.8976000000000001
0.3397
0.0891
0.0726
0.0757
0.2023
0.6585
0.0413
0.0055
0.0
0.0087
0.36229999999999996
0.3496
0.3287
0.32120000000000004
0.3136
0.3153
0.2982
0.2859
0.28369999999999995
0.27190000000000003
0.2586
0.2813
0.41969999999999996
0.4448
0.408
0.45299999999999996
0.53
1.0884
0.8926000000000001
0.43520000000000003
0.45489999999999997
0.4407
0.4395
0.4145
0.5388999999999999
0.4196
0.3732
0.3027
0.3084
0.3615
0.3301
0.30110000000000003
0.3212
0.25279999999999997
0.2847
0.19590000000000002
0.2673
0.7256
2.3069
0.9261999999999999
0.9527999999999999
4.295
3.4189
3.6633
7.6652000000000005
4.402699999999999
4.5794
1.3326
0.7376
0.6093
0.46749999999999997
0.3892
0.34409999999999996
0.3554
0.3276
1.2778999999999998
1.2079
1.1408
0.962
0.7779
0.7143999999999999
0.6824
0.6817
0.7374
1.1574
1.3649
0.9833
0.8037000000000001
0.8203
0.9556
1.3692
1.293
0.38780000000000003
0.3889
0.3866
0.36729999999999996
0.3538
0.3514
0.251
0.8042
0.044
0.0203
0.041499999999999995
0.019299999999999998
0.0319
0.038
0.0187
0.0125
0.0
0.0
2.6754
0.9808
0.4012
0.3025
0.2793
0.315
0.2586
0.1725
0.1865
0.106
0.1454
0.1197
0.0664
0.2004
0.0405
0.0361
0.0556
0.07039999999999999
0.0902
0.1474
0.2269
0.2234
0.38730000000000003
1.148
0.24960000000000002
0.1465
0.060700000000000004
0.0047
0.0
0.0
0.8457
0.6787
0.6059
0.5459
0.5319
0.5622
0.6245
0.6213
0.5312
0.5076
0.5287
0.5917
0.6452
0.6995
0.7317
0.7066
2.169
2.1008
1.23
1.2128999999999999
0.9965999999999999
0.7343999999999999
0.6236
0.8759999999999999
0.0456
0.0473
0.0504
0.0555
0.0617
0.061
0.1201
0.2518
1.6221
0.36319999999999997
0.3643
0.417
0.4146
0.8976000000000001
0.3397
0.0891
0.0726
0.0757
0.2023
0.6585
0.0413
0.0055
0.0
0.0087
0.36229999999999996
0.3496
0.3287
0.32120000000000004
0.3136
0.3153
0.2982
0.2859
0.28369999999999995
0.27190000000000003
0.2586
0.2813
0.41969999999999996
0.4448
0.408
0.45299999999999996
0.53
1.0884
0.8926000000000001
0.43520000000000003
0.45489999999999997
0.4407
0.4395
0.4145
0.5388999999999999
0.4196
0.3732
0.3027
0.3084
0.3615
0.3301
0.30110000000000003
0.3212
0.25279999999999997
0.2847
0.19590000000000002
0.2673
0.7256
2.3069
0.9261999999999999
0.9527999999999999
4.295
3.4189
3.6633
7.6652000000000005
4.402699999999999
4.5794
1.3326
0.7376
0.6093
0.46749999999999997
0.3892
0.34409999999999996
0.3554
0.3276
1.2778999999999998
1.2079
1.1408
0.962
0.7779
0.7143999999999999
0.6824
0.6817
0.7374
1.1574
1.3649
0.9833
0.8037000000000001
0.8203
0.9556
1.3692
1.293
0.38780000000000003
0.3889
0.3866
0.36729999999999996
0.3538
0.3514
0.251
0.8042
0.044
0.0203
0.041499999999999995
0.019299999999999998
0.0319
0.038
0.0187
0.0125
0.0
0.0
2.6754
0.9808
0.4012
0.3025
0.2793
0.315
0.2586
0.1725
0.1865
0.106
0.1454
0.1197
0.0664
0.2004
0.0405
0.0361
0.0556
0.07039999999999999
0.0902
0.1474
0.2269
0.2234
0.38730000000000003
1.148
0.24960000000000002
0.1465
0.060700000000000004
0.0047
0.0
0.0
0.8457
0.6787
0.6059
0.5459
0.5319
0.5622
0.6245
0.6213
0.5312
0.5076
0.5287
0.5917
0.6452
0.6995
0.7317
0.7066
2.169
2.1008
1.23
1.2128999999999999
0.9965999999999999
0.7343999999999999
0.6236
0.8759999999999999
0.0456
0.0473
0.0504
0.0555
0.0617
0.061
0.1201
0.2518
1.6221
0.36319999999999997
0.3643
0.417
0.4146
0.8976000000000001
0.3397
0.0891
0.0726
0.0757
0.2023
0.6585
0.0413
0.0055
0.0
0.0087
0.36229999999999996
0.3496
0.3287
0.32120000000000004
0.3136
0.3153
0.2982
0.2859
0.28369999999999995
0.27190000000000003
0.2586
0.2813
0.41969999999999996
0.4448
0.408
0.45299999999999996
0.53
1.0884
0.8926000000000001
0.43520000000000003
0.45489999999999997
0.4407
0.4395
0.4145
0.5388999999999999
0.4196
0.3732
0.3027
0.3084
0.3615
0.3301
0.30110000000000003
0.3212
0.25279999999999997
0.2847
0.19590000000000002
0.2673
0.7256
2.3069
0.9261999999999999
0.9527999999999999
4.295
3.4189
3.6633
7.6652000000000005
4.402699999999999
4.5794
1.3326
0.4339
0.4367
0.4252
0.4245
0.4234
0.4328
0.4998
0.7753
0.40590000000000004
0.38170000000000004
0.4289
0.7212000000000001
0.5826
0.4682
0.45020000000000004
0.9198
1.022
0.5820000000000001
0.6459
1.0699
1.3498
1.1442999999999999
1.3425
3.6427
0.122
0.1254
0.1357
0.1115
0.1085
0.1199
0.1466
0.1885
0.2424
0.4438
0.23070000000000002
0.2316
0.251
0.4874
1.7822999999999998
0.1794
0.0858
0.1094
1.9539
0.2346
0.0109
0.0
0.0
0.0078
0.0603
0.06989999999999999
0.0698
0.06920000000000001
0.07150000000000001
0.0881
0.1084
0.07519999999999999
0.9998
0.3951
0.06820000000000001
0.1482
0.1499
0.464
1.0017
1.6902
1.0714000000000001
1.0925
0.9942
0.2274
0.043300000000000005
0.0274
0.0516
0.043800000000000006
0.0
0.0
0.0
0.0
0.0
0.0
0.0
0.0106
0.0191
0.0197
0.0395
0.0811
0.0317
0.14600000000000002
0.8462000000000001
0.0283
0.36419999999999997
0.9869
2.1721
0.8633
0.9656
0.0498
0.0
0.0
0.5762
0.5594
0.5643
0.6695
0.9201
0.5317000000000001
0.6995
0.6948
0.48560000000000003
0.4098
1.0889
0.6980999999999999
0.77
0.9430000000000001
0.6317
0.6012
0.5306
1.6242999999999999
0.6137
0.4485
0.36519999999999997
0.3095
0.2691
0.2242
3.5327
3.1353999999999997
2.0530999999999997
3.4068
0.5497000000000001
0.19119999999999998
0.1159
0.0983
0.1179
0.14179999999999998
0.0925
0.0851
0.1038
0.0271
0.0196
5.0352
0.8693
0.4325
0.9656
2.5791
3.5492
4.4722
4.3476
4.2419
0.2971
0.25570000000000004
0.2806
0.2736
2.2611
1.5542
0.6626000000000001
0.7269
0.6525000000000001
0.6412
0.7395
1.0091
1.0539999999999998
1.1501000000000001
0.963
0.6838
0.5779000000000001
1.5593
0.9832000000000001
1.1643
0.5829
0.11280000000000001
0.1082
0.1429
0.4339
0.4367
0.4252
0.4245
0.4234
0.4328
0.4998
0.7753
0.40590000000000004
0.38170000000000004
0.4289
0.7212000000000001
0.5826
0.4682
0.45020000000000004
0.9198
1.022
0.5820000000000001
0.6459
1.0699
1.3498
1.1442999999999999
1.3425
3.6427
0.122
0.1254
0.1357
0.1115
0.1085
0.1199
0.1466
0.1885
0.2424
0.4438
0.23070000000000002
0.2316
0.251
0.4874
1.7822999999999998
0.1794
0.0858
0.1094
1.9539
0.2346
0.0109
0.0
0.0
0.0078
0.0603
0.06989999999999999
0.0698
0.06920000000000001
0.07150000000000001
0.0881
0.1084
0.07519999999999999
0.9998
0.3951
0.06820000000000001
0.1482
0.1499
0.464
1.0017
1.6902
1.0714000000000001
1.0925
0.9942
0.2274
0.043300000000000005
0.0274
0.0516
0.043800000000000006
0.0
0.0
0.0
0.0
0.0
0.0
0.0
0.0106
0.0191
0.0197
0.0395
0.0811
0.0317
0.14600000000000002
0.8462000000000001
0.0283
0.36419999999999997
0.9869
2.1721
0.8633
0.9656
0.0498
0.0
0.0
0.5762
0.5594
0.5643
0.6695
0.9201
0.5317000000000001
0.6995
0.6948
0.48560000000000003
0.4098
1.0889
0.6980999999999999
0.77
0.9430000000000001
0.6317
0.6012
0.5306
1.6242999999999999
0.6137
0.4485
0.36519999999999997
0.3095
0.2691
0.2242
3.5327
3.1353999999999997
2.0530999999999997
3.4068
0.5497000000000001
0.19119999999999998
0.1159
0.0983
0.1179
0.14179999999999998
0.0925
0.0851
0.1038
0.0271
0.0196
5.0352
0.8693
0.4325
0.9656
2.5791
3.5492
4.4722
4.3476
4.2419
0.2971
0.25570000000000004
0.2806
0.2736
2.2611
1.5542
0.6626000000000001
0.7269
0.6525000000000001
0.6412
0.7395
1.0091
1.0539999999999998
1.1501000000000001
0.963
0.6838
0.5779000000000001
1.5593
0.9832000000000001
1.1643
0.5829
0.11280000000000001
0.1082
0.1429
0.4339
0.4367
0.4252
0.4245
0.4234
0.4328
0.4998
0.7753
0.40590000000000004
0.38170000000000004
0.4289
0.7212000000000001
0.5826
0.4682
0.45020000000000004
0.9198
1.022
0.5820000000000001
0.6459
1.0699
1.3498
1.1442999999999999
1.3425
3.6427
0.122
0.1254
0.1357
0.1115
0.1085
0.1199
0.1466
0.1885
0.2424
0.4438
0.23070000000000002
0.2316
0.251
0.4874
1.7822999999999998
0.1794
0.0858
0.1094
1.9539
0.2346
0.0109
0.0
0.0
0.0078
0.0603
0.06989999999999999
0.0698
0.06920000000000001
0.07150000000000001
0.0881
0.1084
0.07519999999999999
0.9998
0.3951
0.06820000000000001
0.1482
0.1499
0.464
1.0017
1.6902
1.0714000000000001
1.0925
0.9942
0.2274
0.043300000000000005
0.0274
0.0516
0.043800000000000006
0.0
0.0
0.0
0.0
0.0
0.0
0.0
0.0106
0.0191
0.0197
0.0395
0.0811
0.0317
0.14600000000000002
0.8462000000000001
0.0283
0.36419999999999997
0.9869
2.1721
0.8633
0.9656
0.0498
0.0
0.0
0.5762
0.5594
0.5643
0.6695
0.9201
0.5317000000000001
0.6995
0.6948
0.48560000000000003
0.4098
1.0889
0.6980999999999999
0.77
0.9430000000000001
0.6317
0.6012
0.5306
1.6242999999999999
0.6137
0.4485
0.36519999999999997
0.3095
0.2691
0.2242
3.5327
3.1353999999999997
2.0530999999999997
3.4068
0.5497000000000001
0.19119999999999998
0.1159
0.0983
0.1179
0.14179999999999998
0.0925
0.0851
0.1038
0.0271
0.0196
5.0352
0.8693
0.4325
0.9656
2.5791
3.5492
4.4722
4.3476
4.2419
0.2971
0.25570000000000004
0.2806
0.2736
2.2611
1.5542
0.6626000000000001
0.7269
0.6525000000000001
0.6412
0.7395
1.0091
1.0539999999999998
1.1501000000000001
0.963
0.6838
0.5779000000000001
1.5593
0.9832000000000001
1.1643
0.5829
0.11280000000000001
0.1082
0.1429
0.4339
0.4367
0.4252
0.4245
0.4234
0.4328
0.4998
0.7753
0.40590000000000004
0.38170000000000004
0.4289
0.7212000000000001
0.5826
0.4682
0.45020000000000004
0.9198
1.022
0.5820000000000001
0.6459
1.0699
1.3498
1.1442999999999999
1.3425
3.6427
0.122
0.1254
0.1357
0.1115
0.1085
0.1199
0.1466
0.1885
0.2424
0.4438
0.23070000000000002
0.2316
0.251
0.4874
1.7822999999999998
0.1794
0.0858
0.1094
1.9539
0.2346
0.0109
0.0
0.0
0.0078
0.0603
0.06989999999999999
0.0698
0.06920000000000001
0.07150000000000001
0.0881
0.1084
0.07519999999999999
0.9998
0.3951
0.06820000000000001
0.1482
0.1499
0.464
1.0017
1.6902
1.0714000000000001
1.0925
0.9942
0.2274
0.043300000000000005
0.0274
0.0516
0.043800000000000006
0.0
0.0
0.0
0.0
0.0
0.0
0.0
0.0106
0.0191
0.0197
0.0395
0.0811
0.0317
0.14600000000000002
0.8462000000000001
0.0283
0.36419999999999997
0.9869
2.1721
0.8633
0.9656
0.0498
0.0
0.0
0.5762
0.5594
0.5643
0.6695
0.9201
0.5317000000000001
0.6995
0.6948
0.48560000000000003
0.4098
1.0889
0.6980999999999999
0.77
0.9430000000000001
0.6317
0.6012
0.5306
1.6242999999999999
0.6137
0.4485
0.36519999999999997
0.3095
0.2691
0.2242
3.5327
3.1353999999999997
2.0530999999999997
3.4068
0.5497000000000001
0.19119999999999998
0.1159
0.0983
0.1179
0.14179999999999998
0.0925
0.0851
0.1038
0.0271
0.0196
5.0352
0.8693
0.4325
0.9656
2.5791
3.5492
4.4722
4.3476
4.2419
0.2971
0.25570000000000004
0.2806
0.2736
2.2611
1.5542
0.6626000000000001
0.7269
0.6525000000000001
0.6412
0.7395
1.0091
1.0539999999999998
1.1501000000000001
0.963
0.6838
0.5779000000000001
1.5593
0.9832000000000001
1.1643
0.5829
0.11280000000000001
0.1082
0.1429
0.4339
0.4367
0.4252
0.4245
0.4234
0.4328
0.4998
0.7753
0.40590000000000004
0.38170000000000004
0.4289
0.7212000000000001
0.5826
0.4682
0.45020000000000004
0.9198
1.022
0.5820000000000001
0.6459
1.0699
1.3498
1.1442999999999999
1.3425
3.6427
0.122
0.1254
0.1357
0.1115
0.1085
0.1199
0.1466
0.1885
0.2424
0.4438
0.23070000000000002
0.2316
0.251
0.4874
1.7822999999999998
0.1794
0.0858
0.1094
1.9539
0.2346
0.0109
0.0
0.0
0.0078
0.6299
0.2316
0.1653
0.161
0.1547
0.1745
0.18080000000000002
0.17620000000000002
0.48360000000000003
0.5931
0.5282
0.3048
0.2468
0.2377
0.2515
0.32130000000000003
0.33940000000000003
0.6105
1.2636
0.4684
0.5862
0.7186
0.6937
0.5136000000000001
0.5025999999999999
0.1738
0.1103
0.1052
0.1144
0.13140000000000002
0.157
0.2092
0.2526
0.2661
0.2887
0.3008
0.3335
0.3754
0.8841000000000001
0.7631
0.5497
1.0249000000000001
1.1745
0.5238
0.4735
0.4899
0.5053
0.7147
1.4313
0.4215
0.4649
1.223
3.1813000000000002
0.3206
0.4173
0.0
0.0373
0.16620000000000001
0.1613
0.0332
0.0313
0.0234
0.019200000000000002
0.0303
0.0008
0.0094
0.0212
0.3159
0.3339
0.133
0.0265
0.016
1.3757000000000001
2.7358000000000002
0.7685000000000001
0.9944999999999999
0.8968
0.895
1.03
1.086
1.0942
1.1402999999999999
1.3904
1.7093
2.1832
1.2589000000000001
1.2125
1.1583999999999999
2.3035
2.0453
1.2275
0.9681
0.8772
0.8852
0.921
0.8526
0.5527
0.6653
0.61
0.5667
0.5521
0.528
0.3457
0.258
0.1348
0.1112
0.1124
0.13429999999999997
0.15400000000000003
0.17659999999999998
0.23270000000000002
0.4619
2.5801
1.6537000000000002
0.8936999999999999
0.8397
0.7069000000000001
0.6224000000000001
0.6138
1.3423
0.3163
0.291
0.277
0.2771
0.27780000000000005
0.2851
0.2579
0.2649
0.7613
0.5355
0.5478000000000001
0.5148999999999999
0.3706
0.3086
0.5730999999999999
0.5959
0.17200000000000001
0.6294
0.34130000000000005
0.17049999999999998
0.38180000000000003
0.6575
0.5237
0.3412
0.9757
1.1366
0.2747
0.1721
0.1619
0.1856
0.17359999999999998
0.17859999999999998
0.19729999999999998
0.19940000000000002
0.2081
0.5568
0.7260000000000001
0.22249999999999998
0.1614
0.1799
0.1905
0.2037
0.7114
0.4296
0.5169
1.1757
1.2302
1.7147000000000001
0.6299
0.2316
0.1653
0.161
0.1547
0.1745
0.18080000000000002
0.17620000000000002
0.48360000000000003
0.5931
0.5282
0.3048
0.2468
0.2377
0.2515
0.32130000000000003
0.33940000000000003
0.6105
1.2636
0.4684
0.5862
0.7186
0.6937
0.5136000000000001
0.5025999999999999
0.1738
0.1103
0.1052
0.1144
0.13140000000000002
0.157
0.2092
0.2526
0.2661
0.2887
0.3008
0.3335
0.3754
0.8841000000000001
0.7631
0.5497
1.0249000000000001
1.1745
0.5238
0.4735
0.4899
0.5053
0.7147
1.4313
0.4215
0.4649
1.223
3.1813000000000002
0.3206
0.4173
0.0
0.0373
0.16620000000000001
0.1613
0.0332
0.0313
0.0234
0.019200000000000002
0.0303
0.0008
0.0094
0.0212
0.3159
0.3339
0.133
0.0265
0.016
1.3757000000000001
2.7358000000000002
0.7685000000000001
0.9944999999999999
0.8968
0.895
1.03
1.086
1.0942
1.1402999999999999
1.3904
1.7093
2.1832
1.2589000000000001
1.2125
1.1583999999999999
2.3035
2.0453
1.2275
0.9681
0.8772
0.8852
0.921
0.8526
0.5527
0.6653
0.61
0.5667
0.5521
0.528
0.3457
0.258
0.1348
0.1112
0.1124
0.13429999999999997
0.15400000000000003
0.17659999999999998
0.23270000000000002
0.4619
2.5801
1.6537000000000002
0.8936999999999999
0.8397
0.7069000000000001
0.6224000000000001
0.6138
1.3423
0.3163
0.291
0.277
0.2771
0.27780000000000005
0.2851
0.2579
0.2649
0.7613
0.5355
0.5478000000000001
0.5148999999999999
0.3706
0.3086
0.5730999999999999
0.5959
0.17200000000000001
0.6294
0.34130000000000005
0.17049999999999998
0.38180000000000003
0.6575
0.5237
0.3412
0.9757
1.1366
0.2747
0.1721
0.1619
0.1856
0.17359999999999998
0.17859999999999998
0.19729999999999998
0.19940000000000002
0.2081
0.5568
0.7260000000000001
0.22249999999999998
0.1614
0.1799
0.1905
0.2037
0.7114
0.4296
0.5169
1.1757
1.2302
1.7147000000000001
0.6299
0.2316
0.1653
0.161
0.1547
0.1745
0.18080000000000002
0.17620000000000002
0.48360000000000003
0.5931
0.5282
0.3048
0.2468
0.2377
0.2515
0.32130000000000003
0.33940000000000003
0.6105
1.2636
0.4684
0.5862
0.7186
0.6937
0.5136000000000001
0.5025999999999999
0.1738
0.1103
0.1052
0.1144
0.13140000000000002
0.157
0.2092
0.2526
0.2661
0.2887
0.3008
0.3335
0.3754
0.8841000000000001
0.7631
0.5497
1.0249000000000001
1.1745
0.5238
0.4735
0.4899
0.5053
0.7147
1.4313
0.4215
0.4649
1.223
3.1813000000000002
0.3206
0.4173
0.0
0.0373
0.16620000000000001
0.1613
0.0332
0.0313
0.0234
0.019200000000000002
0.0303
0.0008
0.0094
0.0212
0.3159
0.3339
0.133
0.0265
0.016
1.3757000000000001
2.7358000000000002
0.7685000000000001
0.9944999999999999
0.8968
0.895
1.03
1.086
1.0942
1.1402999999999999
1.3904
1.7093
2.1832
1.2589000000000001
1.2125
1.1583999999999999
2.3035
2.0453
1.2275
0.9681
0.8772
0.8852
0.921
0.8526
0.5527
0.6653
0.61
0.5667
0.5521
0.528
0.3457
0.258
0.1348
0.1112
0.1124
0.13429999999999997
0.15400000000000003
0.17659999999999998
0.23270000000000002
0.4619
2.5801
1.6537000000000002
0.8936999999999999
0.8397
0.7069000000000001
0.6224000000000001
0.6138
1.3423
0.3163
0.291
0.277
0.2771
0.27780000000000005
0.2851
0.2579
0.2649
0.7613
0.5355
0.5478000000000001
0.5148999999999999
0.3706
0.3086
0.5730999999999999
0.5959
0.17200000000000001
0.6294
0.34130000000000005
0.17049999999999998
0.38180000000000003
0.6575
0.5237
0.3412
0.9757
1.1366
0.2747
0.1721
0.1619
0.1856
0.17359999999999998
0.17859999999999998
0.19729999999999998
0.19940000000000002
0.2081
0.5568
0.7260000000000001
0.22249999999999998
0.1614
0.1799
0.1905
0.2037
0.7114
0.4296
0.5169
1.1757
1.2302
1.7147000000000001
0.6299
0.2316
0.1653
0.161
0.1547
0.1745
0.18080000000000002
0.17620000000000002
0.48360000000000003
0.5931
0.5282
0.3048
0.2468
0.2377
0.2515
0.32130000000000003
0.33940000000000003
0.6105
1.2636
0.4684
0.5862
0.7186
0.6937
0.5136000000000001
0.5025999999999999
0.1738
0.1103
0.1052
0.1144
0.13140000000000002
0.157
0.2092
0.2526
0.2661
0.2887
0.3008
0.3335
0.3754
0.8841000000000001
0.7631
0.5497
1.0249000000000001
1.1745
0.5238
0.4735
0.4899
0.5053
0.7147
1.4313
0.4215
0.4649
1.223
3.1813000000000002
0.3206
0.4173
0.0
0.0373
0.16620000000000001
0.1613
0.0332
0.0313
0.0234
0.019200000000000002
0.0303
0.0008
0.0094
0.0212
0.3159
0.3339
0.133
0.0265
0.016
1.3757000000000001
2.7358000000000002
0.7685000000000001
0.9944999999999999
0.8968
0.895
1.03
1.086
1.0942
1.1402999999999999
1.3904
1.7093
2.1832
1.2589000000000001
1.2125
1.1583999999999999
2.3035
2.0453
1.2275
0.9681
0.8772
0.8852
0.921
0.8526
0.5527
0.6653
0.61
0.5667
0.5521
0.528
0.3457
0.258
0.1348
0.1112
0.1124
0.13429999999999997
0.15400000000000003
0.17659999999999998
0.23270000000000002
0.4619
2.5801
1.6537000000000002
0.8936999999999999
0.8397
0.7069000000000001
0.6224000000000001
0.6138
1.3423
0.3163
0.291
0.277
0.2771
0.27780000000000005
0.2851
0.2579
0.2649
0.7613
0.5355
0.5478000000000001
0.5148999999999999
0.3706
0.3086
0.5730999999999999
0.5959
0.17200000000000001
0.6294
0.34130000000000005
0.17049999999999998
0.38180000000000003
0.6575
0.5237
0.3412
0.9757
1.1366
0.2747
0.1721
0.1619
0.1856
0.17359999999999998
0.17859999999999998
0.19729999999999998
0.19940000000000002
0.2081
0.5568
0.7260000000000001
0.22249999999999998
0.1614
0.1799
0.1905
0.2037
0.7114
0.4296
0.5169
1.1757
1.2302
1.7147000000000001
0.6299
0.2316
0.1653
0.161
0.1547
0.1745
0.18080000000000002
0.17620000000000002
0.48360000000000003
0.5931
0.5282
0.3048
0.2468
0.2377
0.2515
0.32130000000000003
0.33940000000000003
0.6105
1.2636
0.4684
0.5862
0.7186
0.6937
0.5136000000000001
0.5025999999999999
0.1738
0.1103
0.1052
0.1144
0.13140000000000002
0.157
0.2092
0.2526
0.2661
0.2887
0.3008
0.3335
0.3754
0.8841000000000001
0.7631
0.5497
1.0249000000000001
1.1745
0.5238
0.4735
0.4899
0.5053
0.7147
1.4313
0.4215
0.4649
1.223
3.1813000000000002
0.3206
0.4173
0.0
0.0373
0.16620000000000001
0.1613
0.0332
0.0313
0.0234
0.019200000000000002
0.0303
0.0008
0.0094
0.0212
0.3159
0.3339
0.133
0.0265
0.016
