0.45630000000000004
0.5321
1.1648999999999998
0.4647
0.3301
0.33089999999999997
0.3417
0.3439
0.36750000000000005
0.3912
0.40700000000000003
0.46499999999999997
1.246
0.5368999999999999
0.4779
0.4346
0.4295
0.4485
0.45830000000000004
1.0694
1.4355
1.3577
1.5899
1.3721999999999999
0.2495
0.21839999999999998
0.2008
0.20679999999999998
0.2138
0.21639999999999998
0.2923
0.7033
0.9893000000000001
1.2524
1.3014000000000001
0.7425
0.3231
0.29679999999999995
0.3228
0.3788
0.7101
1.2050999999999998
0.9439000000000001
0.42969999999999997
0.37070000000000003
0.41100000000000003
0.5481
0.4073
0.3381
0.3066
0.2955
0.3012
0.3106
0.3792
0.7204999999999999
0.9366000000000001
1.1683
0.8568
0.39149999999999996
0.3137
0.3381
0.36419999999999997
0.4539
0.9501
0.8983
1.8971
1.6839
1.8721999999999999
1.7429000000000001
1.244
1.1768
2.069
0.2433
0.2005
0.1928
0.1814
0.1911
0.1916
0.2471
0.2652
0.3041
0.3698
0.5436
0.8333999999999999
0.2445
0.1897
0.1976
0.3874
0.504
0.3164
0.3322
0.3274
1.4399
1.028
2.3407
0.5455
0.0526
0.07239999999999999
0.2417
1.2426
0.0563
0.116
0.2766
0.4161
0.3264
0.37160000000000004
0.5151
0.6048
0.5108
0.5323
0.357
0.09820000000000001
0.27249999999999996
0.0393
0.0867
0.0721
0.0
0.0
0.0
0.0
1.1973
1.111
0.4019
0.3346
0.24319999999999997
0.1777
0.1607
0.1597
0.1505
0.1522
0.1827
0.22920000000000001
0.7505999999999999
0.2563
0.2192
0.24020000000000002
0.3188
1.1329
0.6499999999999999
0.5846
0.6116999999999999
0.6796
0.761
0.6241000000000001
0.45299999999999996
0.4204
0.4044
0.3854
0.38549999999999995
0.4026
0.5217
0.7272
0.5176000000000001
0.48319999999999996
0.4985
0.5551999999999999
0.5537
0.5758
0.6212
0.6913
1.8396
1.889
1.1837
0.8513
0.7607
0.6716
0.6509
1.7424
0.45630000000000004
0.5321
1.1648999999999998
0.4647
0.3301
0.33089999999999997
0.3417
0.3439
0.36750000000000005
0.3912
0.40700000000000003
0.46499999999999997
1.246
0.5368999999999999
0.4779
0.4346
0.4295
0.4485
0.45830000000000004
1.0694
1.4355
1.3577
1.5899
1.3721999999999999
0.2495
0.21839999999999998
0.2008
0.20679999999999998
0.2138
0.21639999999999998
0.2923
0.7033
0.9893000000000001
1.2524
1.3014000000000001
0.7425
0.3231
0.29679999999999995
0.3228
0.3788
0.7101
1.2050999999999998
0.9439000000000001
0.42969999999999997
0.37070000000000003
0.41100000000000003
0.5481
0.4073
0.3381
0.3066
0.2955
0.3012
0.3106
0.3792
0.7204999999999999
0.9366000000000001
1.1683
0.8568
0.39149999999999996
0.3137
0.3381
0.36419999999999997
0.4539
0.9501
0.8983
1.8971
1.6839
1.8721999999999999
1.7429000000000001
1.244
1.1768
2.069
0.2433
0.2005
0.1928
0.1814
0.1911
0.1916
0.2471
0.2652
0.3041
0.3698
0.5436
0.8333999999999999
0.2445
0.1897
0.1976
0.3874
0.504
0.3164
0.3322
0.3274
1.4399
1.028
2.3407
0.5455
0.0526
0.07239999999999999
0.2417
1.2426
0.0563
0.116
0.2766
0.4161
0.3264
0.37160000000000004
0.5151
0.6048
0.5108
0.5323
0.357
0.09820000000000001
0.27249999999999996
0.0393
0.0867
0.0721
0.0
0.0
0.0
0.0
1.1973
1.111
0.4019
0.3346
0.24319999999999997
0.1777
0.1607
0.1597
0.1505
0.1522
0.1827
0.22920000000000001
0.7505999999999999
0.2563
0.2192
0.24020000000000002
0.3188
1.1329
0.6499999999999999
0.5846
0.6116999999999999
0.6796
0.761
0.6241000000000001
0.45299999999999996
0.4204
0.4044
0.3854
0.38549999999999995
0.4026
0.5217
0.7272
0.5176000000000001
0.48319999999999996
0.4985
0.5551999999999999
0.5537
0.5758
0.6212
0.6913
1.8396
1.889
1.1837
0.8513
0.7607
0.6716
0.6509
1.7424
0.45630000000000004
0.5321
1.1648999999999998
0.4647
0.3301
0.33089999999999997
0.3417
0.3439
0.36750000000000005
0.3912
0.40700000000000003
0.46499999999999997
1.246
0.5368999999999999
0.4779
0.4346
0.4295
0.4485
0.45830000000000004
1.0694
1.4355
1.3577
1.5899
1.3721999999999999
0.2495
0.21839999999999998
0.2008
0.20679999999999998
0.2138
0.21639999999999998
0.2923
0.7033
0.9893000000000001
1.2524
1.3014000000000001
0.7425
0.3231
0.29679999999999995
0.3228
0.3788
0.7101
1.2050999999999998
0.9439000000000001
0.42969999999999997
0.37070000000000003
0.41100000000000003
0.5481
0.4073
0.3381
0.3066
0.2955
0.3012
0.3106
0.3792
0.7204999999999999
0.9366000000000001
1.1683
0.8568
0.39149999999999996
0.3137
0.3381
0.36419999999999997
0.4539
0.9501
0.8983
1.8971
1.6839
1.8721999999999999
1.7429000000000001
1.244
1.1768
2.069
0.2433
0.2005
0.1928
0.1814
0.1911
0.1916
0.2471
0.2652
0.3041
0.3698
0.5436
0.8333999999999999
0.2445
0.1897
0.1976
0.3874
0.504
0.3164
0.3322
0.3274
1.4399
1.028
2.3407
0.5455
0.0526
0.07239999999999999
0.2417
1.2426
0.0563
0.116
0.2766
0.4161
0.3264
0.37160000000000004
0.5151
0.6048
0.5108
0.5323
0.357
0.09820000000000001
0.27249999999999996
0.0393
0.0867
0.0721
0.0
0.0
0.0
0.0
1.1973
1.111
0.4019
0.3346
0.24319999999999997
0.1777
0.1607
0.1597
0.1505
0.1522
0.1827
0.22920000000000001
0.7505999999999999
0.2563
0.2192
0.24020000000000002
0.3188
1.1329
0.6499999999999999
0.5846
0.6116999999999999
0.6796
0.761
0.6241000000000001
0.45299999999999996
0.4204
0.4044
0.3854
0.38549999999999995
0.4026
0.5217
0.7272
0.5176000000000001
0.48319999999999996
0.4985
0.5551999999999999
0.5537
0.5758
0.6212
0.6913
1.8396
1.889
1.1837
0.8513
0.7607
0.6716
0.6509
1.7424
0.45630000000000004
0.5321
1.1648999999999998
0.4647
0.3301
0.33089999999999997
0.3417
0.3439
0.36750000000000005
0.3912
0.40700000000000003
0.46499999999999997
1.246
0.5368999999999999
0.4779
0.4346
0.4295
0.4485
0.45830000000000004
1.0694
1.4355
1.3577
1.5899
1.3721999999999999
0.2495
0.21839999999999998
0.2008
0.20679999999999998
0.2138
0.21639999999999998
0.2923
0.7033
0.9893000000000001
1.2524
1.3014000000000001
0.7425
0.3231
0.29679999999999995
0.3228
0.3788
0.7101
1.2050999999999998
0.9439000000000001
0.42969999999999997
0.37070000000000003
0.41100000000000003
0.5481
0.4073
0.3381
0.3066
0.2955
0.3012
0.3106
0.3792
0.7204999999999999
0.9366000000000001
1.1683
0.8568
0.39149999999999996
0.3137
0.3381
0.36419999999999997
0.4539
0.9501
0.8983
1.8971
1.6839
1.8721999999999999
1.7429000000000001
1.244
1.1768
2.069
0.2433
0.2005
0.1928
0.1814
0.1911
0.1916
0.2471
0.2652
0.3041
0.3698
0.5436
0.8333999999999999
0.2445
0.1897
0.1976
0.3874
0.504
0.3164
0.3322
0.3274
1.4399
1.028
2.3407
0.5455
0.0526
0.07239999999999999
0.2417
1.2426
0.0563
0.116
0.2766
0.4161
0.3264
0.37160000000000004
0.5151
0.6048
0.5108
0.5323
0.357
0.09820000000000001
0.27249999999999996
0.0393
0.0867
0.0721
0.0
0.0
0.0
0.0
1.1973
1.111
0.4019
0.3346
0.24319999999999997
0.1777
0.1607
0.1597
0.1505
0.1522
0.1827
0.22920000000000001
0.7505999999999999
0.2563
0.2192
0.24020000000000002
0.3188
1.1329
0.6499999999999999
0.5846
0.6116999999999999
0.6796
0.761
0.6241000000000001
0.45299999999999996
0.4204
0.4044
0.3854
0.38549999999999995
0.4026
0.5217
0.7272
0.5176000000000001
0.48319999999999996
0.4985
0.5551999999999999
0.5537
0.5758
0.6212
0.6913
1.8396
1.889
1.1837
0.8513
0.7607
0.6716
0.6509
1.7424
0.45630000000000004
0.5321
1.1648999999999998
0.4647
0.3301
0.33089999999999997
0.3417
0.3439
0.36750000000000005
0.3912
0.40700000000000003
0.46499999999999997
1.246
0.5368999999999999
0.4779
0.4346
0.4295
0.4485
0.45830000000000004
1.0694
1.4355
1.3577
1.5899
1.3721999999999999
0.2495
0.21839999999999998
0.2008
0.20679999999999998
0.2138
0.21639999999999998
0.2923
0.7033
0.9893000000000001
1.2524
1.3014000000000001
0.7425
0.3231
0.29679999999999995
0.3228
0.3788
0.7101
1.2050999999999998
0.9439000000000001
0.42969999999999997
0.37070000000000003
0.41100000000000003
0.5481
0.4073
0.3381
0.3066
0.2955
0.3012
0.3106
0.3792
0.7204999999999999
0.9366000000000001
1.1683
0.8568
0.39149999999999996
0.3137
0.3381
0.36419999999999997
0.4539
0.9501
0.8983
1.8971
1.6839
1.8721999999999999
1.7429000000000001
1.244
1.1768
2.069
0.6955
0.7917000000000001
0.8672
0.9293
0.8014
0.5028
0.3825
0.6913
0.2417
0.0806
0.0492
0.0358
0.038
0.0361
0.039599999999999996
0.0492
0.0295
0.0143
0.0165
0.3084
1.0482
0.7462
0.5831999999999999
0.7952
3.8293999999999997
7.437
7.9399
4.5656
1.1248
1.5575
1.5175
1.8566
0.8307
0.6902999999999999
0.7579
0.4999
0.645
5.3651
0.0862
0.5193
1.6253
0.0623
0.2787
0.4599
0.44920000000000004
0.2545
0.1911
0.056799999999999996
6.3969000000000005
6.6335999999999995
5.803
3.4062
2.7971
2.2675
2.3064
2.1899
2.1198
2.6218
3.4706
3.6029999999999998
3.7720000000000002
3.1532999999999998
2.7557
2.9523
8.0549
2.5857
1.1711
0.7836000000000001
0.8013
0.8179000000000001
0.6915
0.7347
0.3812
0.4026
0.354
0.302
0.2581
0.1915
4.1438
1.4627999999999999
0.2546
0.023
0.3639
1.7794
0.7935
0.4971
0.5504
2.0383
4.4589
4.1637
2.8152
1.1993
0.7679
0.6818
0.4567
0.2663
2.1955
2.7009
2.7718
2.8136
2.7237
2.6628
1.0114999999999998
0.0
0.0702
0.321
0.928
0.0095
0.0139
0.0331
0.0
0.0
0.0
0.0
0.0
0.0
0.0
4.0052
4.4283
2.5514
0.31379999999999997
0.363
0.3641
0.3478
0.32630000000000003
0.4346
0.7496
1.1914
0.4603
0.2451
0.41910000000000003
1.5629
1.246
0.4571
0.2832
0.3049
0.294
0.7893
1.239
0.6635
0.258
0.0713
0.1031
0.0566
0.0
0.0
0.0176
0.0
0.0
0.0071
0.0239
0.0212
0.0449
0.0535
0.0489
0.0087
0.0273
1.1318000000000001
0.1125
0.1278
0.0
0.0
0.0
0.7569
0.0
0.0345
0.0
0.0
0.6955
0.7917000000000001
0.8672
0.9293
0.8014
0.5028
0.3825
0.6913
0.2417
0.0806
0.0492
0.0358
0.038
0.0361
0.039599999999999996
0.0492
0.0295
0.0143
0.0165
0.3084
1.0482
0.7462
0.5831999999999999
0.7952
3.8293999999999997
7.437
7.9399
4.5656
1.1248
1.5575
1.5175
1.8566
0.8307
0.6902999999999999
0.7579
0.4999
0.645
5.3651
0.0862
0.5193
1.6253
0.0623
0.2787
0.4599
0.44920000000000004
0.2545
0.1911
0.056799999999999996
6.3969000000000005
6.6335999999999995
5.803
3.4062
2.7971
2.2675
2.3064
2.1899
2.1198
2.6218
3.4706
3.6029999999999998
3.7720000000000002
3.1532999999999998
2.7557
2.9523
8.0549
2.5857
1.1711
0.7836000000000001
0.8013
0.8179000000000001
0.6915
0.7347
0.3812
0.4026
0.354
0.302
0.2581
0.1915
4.1438
1.4627999999999999
0.2546
0.023
0.3639
1.7794
0.7935
0.4971
0.5504
2.0383
4.4589
4.1637
2.8152
1.1993
0.7679
0.6818
0.4567
0.2663
2.1955
2.7009
2.7718
2.8136
2.7237
2.6628
1.0114999999999998
0.0
0.0702
0.321
0.928
0.0095
0.0139
0.0331
0.0
0.0
0.0
0.0
0.0
0.0
0.0
4.0052
4.4283
2.5514
0.31379999999999997
0.363
0.3641
0.3478
0.32630000000000003
0.4346
0.7496
1.1914
0.4603
0.2451
0.41910000000000003
1.5629
1.246
0.4571
0.2832
0.3049
0.294
0.7893
1.239
0.6635
0.258
0.0713
0.1031
0.0566
0.0
0.0
0.0176
0.0
0.0
0.0071
0.0239
0.0212
0.0449
0.0535
0.0489
0.0087
0.0273
1.1318000000000001
0.1125
0.1278
0.0
0.0
0.0
0.7569
0.0
0.0345
0.0
0.0
0.6955
0.7917000000000001
0.8672
0.9293
0.8014
0.5028
0.3825
0.6913
0.2417
0.0806
0.0492
0.0358
0.038
0.0361
0.039599999999999996
0.0492
0.0295
0.0143
0.0165
0.3084
1.0482
0.7462
0.5831999999999999
0.7952
3.8293999999999997
7.437
7.9399
4.5656
1.1248
1.5575
1.5175
1.8566
0.8307
0.6902999999999999
0.7579
0.4999
0.645
5.3651
0.0862
0.5193
1.6253
0.0623
0.2787
0.4599
0.44920000000000004
0.2545
0.1911
0.056799999999999996
6.3969000000000005
6.6335999999999995
5.803
3.4062
2.7971
2.2675
2.3064
2.1899
2.1198
2.6218
3.4706
3.6029999999999998
3.7720000000000002
3.1532999999999998
2.7557
2.9523
8.0549
2.5857
1.1711
0.7836000000000001
0.8013
0.8179000000000001
0.6915
0.7347
0.3812
0.4026
0.354
0.302
0.2581
0.1915
4.1438
1.4627999999999999
0.2546
0.023
0.3639
1.7794
0.7935
0.4971
0.5504
2.0383
4.4589
4.1637
2.8152
1.1993
0.7679
0.6818
0.4567
0.2663
2.1955
2.7009
2.7718
2.8136
2.7237
2.6628
1.0114999999999998
0.0
0.0702
0.321
0.928
0.0095
0.0139
0.0331
0.0
0.0
0.0
0.0
0.0
0.0
0.0
4.0052
4.4283
2.5514
0.31379999999999997
0.363
0.3641
0.3478
0.32630000000000003
0.4346
0.7496
1.1914
0.4603
0.2451
0.41910000000000003
1.5629
1.246
0.4571
0.2832
0.3049
0.294
0.7893
1.239
0.6635
0.258
0.0713
0.1031
0.0566
0.0
0.0
0.0176
0.0
0.0
0.0071
0.0239
0.0212
0.0449
0.0535
0.0489
0.0087
0.0273
1.1318000000000001
0.1125
0.1278
0.0
0.0
0.0
0.7569
0.0
0.0345
0.0
0.0
0.6955
0.7917000000000001
0.8672
0.9293
0.8014
0.5028
0.3825
0.6913
0.2417
0.0806
0.0492
0.0358
0.038
0.0361
0.039599999999999996
0.0492
0.0295
0.0143
0.0165
0.3084
1.0482
0.7462
0.5831999999999999
0.7952
3.8293999999999997
7.437
7.9399
4.5656
1.1248
1.5575
1.5175
1.8566
0.8307
0.6902999999999999
0.7579
0.4999
0.645
5.3651
0.0862
0.5193
1.6253
0.0623
0.2787
0.4599
0.44920000000000004
0.2545
0.1911
0.056799999999999996
6.3969000000000005
6.6335999999999995
5.803
3.4062
2.7971
2.2675
2.3064
2.1899
2.1198
2.6218
3.4706
3.6029999999999998
3.7720000000000002
3.1532999999999998
2.7557
2.9523
8.0549
2.5857
1.1711
0.7836000000000001
0.8013
0.8179000000000001
0.6915
0.7347
0.3812
0.4026
0.354
0.302
0.2581
0.1915
4.1438
1.4627999999999999
0.2546
0.023
0.3639
1.7794
0.7935
0.4971
0.5504
2.0383
4.4589
4.1637
2.8152
1.1993
0.7679
0.6818
0.4567
0.2663
2.1955
2.7009
2.7718
2.8136
2.7237
2.6628
1.0114999999999998
0.0
0.0702
0.321
0.928
0.0095
0.0139
0.0331
0.0
0.0
0.0
0.0
0.0
0.0
0.0
4.0052
4.4283
2.5514
0.31379999999999997
0.363
0.3641
0.3478
0.32630000000000003
0.4346
0.7496
1.1914
0.4603
0.2451
0.41910000000000003
1.5629
1.246
0.4571
0.2832
0.3049
0.294
0.7893
1.239
0.6635
0.258
0.0713
0.1031
0.0566
0.0
0.0
0.0176
0.0
0.0
0.0071
0.0239
0.0212
0.0449
0.0535
0.0489
0.0087
0.0273
1.1318000000000001
0.1125
0.1278
0.0
0.0
0.0
0.7569
0.0
0.0345
0.0
0.0
1.4238
1.071
0.9205
3.076
2.8482000000000003
1.9865
1.2724
1.3524
1.4045
0.8878999999999999
0.3375
0.0401
0.042499999999999996
0.048799999999999996
0.0591
0.0928
0.1408
2.5516
3.7361
3.2224
3.3504
3.6147
3.9692
7.4437
0.932
0.5286
0.4063
0.38480000000000003
0.36929999999999996
0.43279999999999996
0.45499999999999996
0.2868
0.2355
0.2281
0.22410000000000002
0.2412
0.2571
0.278
0.2968
0.3831
0.7853
0.981
0.8797
0.5267999999999999
0.4278
0.374
0.3401
1.4144999999999999
0.2387
0.2222
0.2054
0.19390000000000002
0.1861
0.2026
0.2039
0.22649999999999998
0.32120000000000004
0.2017
0.1631
0.22210000000000002
0.9653
1.1120999999999999
1.0333
1.3468
0.9834
0.8146
0.6958
0.6896
0.613
0.4979
0.3342
0.2615
7.0533
6.8952
6.6551
5.3431
1.1093000000000002
0.8999
0.8869
0.8883000000000001
0.9368
0.9984
1.084
1.186
1.3801999999999999
1.5474999999999999
1.913
1.7544
1.6118
1.5438
1.6219999999999999
1.5366
1.5013
1.4914
4.5259
7.4138
0.202
0.5965
4.0995
3.7494
3.6383
3.457
2.1396
1.3937
0.8755999999999999
0.8756999999999999
1.4231
1.3931
3.3955
5.1061
5.2633
0.1266
0.0431
0.0425
0.1492
0.0782
0.0
0.0
0.0
0.0
0.09659999999999999
0.1117
0.0867
0.1086
0.154
0.1408
0.4192
0.6653
0.25129999999999997
0.7348
1.0876
0.353
0.3711
0.5163
0.8545
1.2865
0.2249
0.2396
0.3049
0.362
0.2576
0.11099999999999999
0.0809
0.0837
0.5499
0.477
0.4224
0.4071
0.397
0.4279
0.4474
0.6371
1.2583
0.9814
0.9956
0.8727
0.6967000000000001
0.6962999999999999
0.7328
0.7574000000000001
0.7917000000000001
0.9902
1.3176999999999999
1.4062000000000001
1.5177
1.67
1.8973
1.7408000000000001
1.4238
1.071
0.9205
3.076
2.8482000000000003
1.9865
1.2724
1.3524
1.4045
0.8878999999999999
0.3375
0.0401
0.042499999999999996
0.048799999999999996
0.0591
0.0928
0.1408
2.5516
3.7361
3.2224
3.3504
3.6147
3.9692
7.4437
0.932
0.5286
0.4063
0.38480000000000003
0.36929999999999996
0.43279999999999996
0.45499999999999996
0.2868
0.2355
0.2281
0.22410000000000002
0.2412
0.2571
0.278
0.2968
0.3831
0.7853
0.981
0.8797
0.5267999999999999
0.4278
0.374
0.3401
1.4144999999999999
0.2387
0.2222
0.2054
0.19390000000000002
0.1861
0.2026
0.2039
0.22649999999999998
0.32120000000000004
0.2017
0.1631
0.22210000000000002
0.9653
1.1120999999999999
1.0333
1.3468
0.9834
0.8146
0.6958
0.6896
0.613
0.4979
0.3342
0.2615
7.0533
6.8952
6.6551
5.3431
1.1093000000000002
0.8999
0.8869
0.8883000000000001
0.9368
0.9984
1.084
1.186
1.3801999999999999
1.5474999999999999
1.913
1.7544
1.6118
1.5438
1.6219999999999999
1.5366
1.5013
1.4914
4.5259
7.4138
0.202
0.5965
4.0995
3.7494
3.6383
3.457
2.1396
1.3937
0.8755999999999999
0.8756999999999999
1.4231
1.3931
3.3955
5.1061
5.2633
0.1266
0.0431
0.0425
0.1492
0.0782
0.0
0.0
0.0
0.0
0.09659999999999999
0.1117
0.0867
0.1086
0.154
0.1408
0.4192
0.6653
0.25129999999999997
0.7348
1.0876
0.353
0.3711
0.5163
0.8545
1.2865
0.2249
0.2396
0.3049
0.362
0.2576
0.11099999999999999
0.0809
0.0837
0.5499
0.477
0.4224
0.4071
0.397
0.4279
0.4474
0.6371
1.2583
0.9814
0.9956
0.8727
0.6967000000000001
0.6962999999999999
0.7328
0.7574000000000001
0.7917000000000001
0.9902
1.3176999999999999
1.4062000000000001
1.5177
1.67
1.8973
1.7408000000000001
1.4238
1.071
0.9205
3.076
2.8482000000000003
1.9865
1.2724
1.3524
1.4045
0.8878999999999999
0.3375
0.0401
0.042499999999999996
0.048799999999999996
0.0591
0.0928
0.1408
2.5516
3.7361
3.2224
3.3504
3.6147
3.9692
7.4437
0.932
0.5286
0.4063
0.38480000000000003
0.36929999999999996
0.43279999999999996
0.45499999999999996
0.2868
0.2355
0.2281
0.22410000000000002
0.2412
0.2571
0.278
0.2968
0.3831
0.7853
0.981
0.8797
0.5267999999999999
0.4278
0.374
0.3401
1.4144999999999999
0.2387
0.2222
0.2054
0.19390000000000002
0.1861
0.2026
0.2039
0.22649999999999998
0.32120000000000004
0.2017
0.1631
0.22210000000000002
0.9653
1.1120999999999999
1.0333
1.3468
0.9834
0.8146
0.6958
0.6896
0.613
0.4979
0.3342
0.2615
7.0533
6.8952
6.6551
5.3431
1.1093000000000002
0.8999
0.8869
0.8883000000000001
0.9368
0.9984
1.084
1.186
1.3801999999999999
1.5474999999999999
1.913
1.7544
1.6118
1.5438
1.6219999999999999
1.5366
1.5013
1.4914
4.5259
7.4138
0.202
0.5965
4.0995
3.7494
3.6383
3.457
2.1396
1.3937
0.8755999999999999
0.8756999999999999
1.4231
1.3931
3.3955
5.1061
5.2633
0.1266
0.0431
0.0425
0.1492
0.0782
0.0
0.0
0.0
0.0
0.09659999999999999
0.1117
0.0867
0.1086
0.154
0.1408
0.4192
0.6653
0.25129999999999997
0.7348
1.0876
0.353
0.3711
0.5163
0.8545
1.2865
0.2249
0.2396
0.3049
0.362
0.2576
0.11099999999999999
0.0809
0.0837
0.5499
0.477
0.4224
0.4071
0.397
0.4279
0.4474
0.6371
1.2583
0.9814
0.9956
0.8727
0.6967000000000001
0.6962999999999999
0.7328
0.7574000000000001
0.7917000000000001
0.9902
1.3176999999999999
1.4062000000000001
1.5177
1.67
1.8973
1.7408000000000001
1.4238
1.071
0.9205
3.076
2.8482000000000003
1.9865
1.2724
1.3524
1.4045
0.8878999999999999
0.3375
0.0401
0.042499999999999996
0.048799999999999996
0.0591
0.0928
0.1408
2.5516
3.7361
3.2224
3.3504
3.6147
3.9692
7.4437
0.932
0.5286
0.4063
0.38480000000000003
0.36929999999999996
0.43279999999999996
0.45499999999999996
0.2868
0.2355
0.2281
0.22410000000000002
0.2412
0.2571
0.278
0.2968
0.3831
0.7853
0.981
0.8797
0.5267999999999999
0.4278
0.374
0.3401
1.4144999999999999
0.2387
0.2222
0.2054
0.19390000000000002
0.1861
0.2026
0.2039
0.22649999999999998
0.32120000000000004
0.2017
0.1631
0.22210000000000002
0.9653
1.1120999999999999
1.0333
1.3468
0.9834
0.8146
0.6958
0.6896
0.613
0.4979
0.3342
0.2615
7.0533
6.8952
6.6551
5.3431
1.1093000000000002
0.8999
0.8869
0.8883000000000001
0.9368
0.9984
1.084
1.186
1.3801999999999999
1.5474999999999999
1.913
1.7544
1.6118
1.5438
1.6219999999999999
1.5366
1.5013
1.4914
4.5259
7.4138
0.202
0.5965
4.0995
3.7494
3.6383
3.457
2.1396
1.3937
0.8755999999999999
0.8756999999999999
1.4231
1.3931
3.3955
5.1061
5.2633
0.1266
0.0431
0.0425
0.1492
0.0782
0.0
0.0
0.0
0.0
0.09659999999999999
0.1117
0.0867
0.1086
0.154
0.1408
0.4192
0.6653
0.25129999999999997
0.7348
1.0876
0.353
0.3711
0.5163
0.8545
1.2865
0.2249
0.2396
0.3049
0.362
0.2576
0.11099999999999999
0.0809
0.0837
0.5499
0.477
0.4224
0.4071
0.397
0.4279
0.4474
0.6371
1.2583
0.9814
0.9956
0.8727
0.6967000000000001
0.6962999999999999
0.7328
0.7574000000000001
0.7917000000000001
0.9902
1.3176999999999999
1.4062000000000001
1.5177
1.67
1.8973
1.7408000000000001
1.4238
1.071
0.9205
3.076
2.8482000000000003
1.9865
1.2724
1.3524
1.4045
0.8878999999999999
0.3375
0.0401
0.042499999999999996
0.048799999999999996
0.0591
0.0928
0.1408
2.5516
3.7361
3.2224
3.3504
3.6147
3.9692
7.4437
0.932
0.5286
0.4063
0.38480000000000003
0.36929999999999996
0.43279999999999996
0.45499999999999996
0.2868
0.2355
0.2281
0.22410000000000002
0.2412
0.2571
0.278
0.2968
0.3831
0.7853
0.981
0.8797
0.5267999999999999
0.4278
0.374
0.3401
1.4144999999999999
0.2387
0.2222
0.2054
0.19390000000000002
0.1861
0.2026
0.2039
0.22649999999999998
0.32120000000000004
0.2017
0.1631
0.22210000000000002
0.9653
1.1120999999999999
1.0333
1.3468
0.9834
0.8146
0.6958
0.6896
0.613
0.4979
0.3342
0.2615
1.199
0.0549
0.0392
0.0357
0.0506
0.07899999999999999
0.1217
0.20950000000000002
0.3196
0.3889
0.4986
0.6099
0.5248
0.4727
0.4062
0.3712
0.354
1.2258
0.3715
0.27790000000000004
0.26570000000000005
0.725
1.3325
1.8033000000000001
0.2228
0.196
0.1732
0.16670000000000001
0.1834
0.1891
0.2005
0.1411
0.21199999999999997
0.6592
1.8016
3.208
1.3726
0.8709
0.8439
1.6441
5.2757
5.051399999999999
4.068300000000001
3.4576000000000002
2.518
1.6937
1.7391
6.0984
0.2317
0.2091
0.1842
0.1604
0.1285
0.11130000000000001
0.11830000000000002
0.1572
0.2435
0.2504
0.1555
0.0805
0.0581
0.0802
0.083
0.8466
0.2382
0.6496999999999999
0.6701
0.2123
0.101
0.07730000000000001
0.1516
0.1855
0.15710000000000002
0.1469
0.149
0.14329999999999998
0.1424
0.14040000000000002
0.1451
0.1424
0.15710000000000002
0.17459999999999998
0.2158
0.3136
0.3368
0.34450000000000003
0.3661
0.4023
1.6033000000000002
2.0095
1.6638
0.7055
0.2158
0.1653
0.1352
0.14079999999999998
0.7073
0.8339000000000001
1.0636999999999999
5.9609000000000005
6.012099999999999
1.8897
4.4148
0.6147
0.4021
0.3461
0.3283
0.30200000000000005
0.3149
0.2838
0.2681
0.34440000000000004
0.3466
0.3467
0.3768
0.6843
1.332
0.6118
0.6497999999999999
0.6333
3.4217999999999997
1.4853999999999998
0.36379999999999996
0.537
0.1443
0.20340000000000003
0.1989
0.10469999999999999
0.1638
0.2052
0.2546
0.40049999999999997
0.7633
0.501
0.16199999999999998
0.166
0.2223
1.7449
0.1793
0.1098
0.0806
0.2874
7.705699999999999
4.5995
0.0907
0.3513
0.0925
0.06
0.0801
0.07830000000000001
0.11660000000000001
0.1567
0.0912
0.10930000000000001
0.0817
0.0961
0.094
0.12830000000000003
0.12279999999999999
0.0886
0.087
0.0
0.5638
0.0649
0.0728
0.1682
0.1388
0.0826
1.199
0.0549
0.0392
0.0357
0.0506
0.07899999999999999
0.1217
0.20950000000000002
0.3196
0.3889
0.4986
0.6099
0.5248
0.4727
0.4062
0.3712
0.354
1.2258
0.3715
0.27790000000000004
0.26570000000000005
0.725
1.3325
1.8033000000000001
0.2228
0.196
0.1732
0.16670000000000001
0.1834
0.1891
0.2005
0.1411
0.21199999999999997
0.6592
1.8016
3.208
1.3726
0.8709
0.8439
1.6441
5.2757
5.051399999999999
4.068300000000001
3.4576000000000002
2.518
1.6937
1.7391
6.0984
0.2317
0.2091
0.1842
0.1604
0.1285
0.11130000000000001
0.11830000000000002
0.1572
0.2435
0.2504
0.1555
0.0805
0.0581
0.0802
0.083
0.8466
0.2382
0.6496999999999999
0.6701
0.2123
0.101
0.07730000000000001
0.1516
0.1855
0.15710000000000002
0.1469
0.149
0.14329999999999998
0.1424
0.14040000000000002
0.1451
0.1424
0.15710000000000002
0.17459999999999998
0.2158
0.3136
0.3368
0.34450000000000003
0.3661
0.4023
1.6033000000000002
2.0095
1.6638
0.7055
0.2158
0.1653
0.1352
0.14079999999999998
0.7073
0.8339000000000001
1.0636999999999999
5.9609000000000005
6.012099999999999
1.8897
4.4148
0.6147
0.4021
0.3461
0.3283
0.30200000000000005
0.3149
0.2838
0.2681
0.34440000000000004
0.3466
0.3467
0.3768
0.6843
1.332
0.6118
0.6497999999999999
0.6333
3.4217999999999997
1.4853999999999998
0.36379999999999996
0.537
0.1443
0.20340000000000003
0.1989
0.10469999999999999
0.1638
0.2052
0.2546
0.40049999999999997
0.7633
0.501
0.16199999999999998
0.166
0.2223
1.7449
0.1793
0.1098
0.0806
0.2874
7.705699999999999
4.5995
0.0907
0.3513
0.0925
0.06
0.0801
0.07830000000000001
0.11660000000000001
0.1567
0.0912
0.10930000000000001
0.0817
0.0961
0.094
0.12830000000000003
0.12279999999999999
0.0886
0.087
0.0
0.5638
0.0649
0.0728
0.1682
0.1388
0.0826
1.199
0.0549
0.0392
0.0357
0.0506
0.07899999999999999
0.1217
0.20950000000000002
0.3196
0.3889
0.4986
0.6099
0.5248
0.4727
0.4062
0.3712
0.354
1.2258
0.3715
0.27790000000000004
0.26570000000000005
0.725
1.3325
1.8033000000000001
0.2228
0.196
0.1732
0.16670000000000001
0.1834
0.1891
0.2005
0.1411
0.21199999999999997
0.6592
1.8016
3.208
1.3726
0.8709
0.8439
1.6441
5.2757
5.051399999999999
4.068300000000001
3.4576000000000002
2.518
1.6937
1.7391
6.0984
0.2317
0.2091
0.1842
0.1604
0.1285
0.11130000000000001
0.11830000000000002
0.1572
0.2435
0.2504
0.1555
0.0805
0.0581
0.0802
0.083
0.8466
0.2382
0.6496999999999999
0.6701
0.2123
0.101
0.07730000000000001
0.1516
0.1855
0.15710000000000002
0.1469
0.149
0.14329999999999998
0.1424
0.14040000000000002
0.1451
0.1424
0.15710000000000002
0.17459999999999998
0.2158
0.3136
0.3368
0.34450000000000003
0.3661
0.4023
1.6033000000000002
2.0095
1.6638
0.7055
0.2158
0.1653
0.1352
0.14079999999999998
0.7073
0.8339000000000001
1.0636999999999999
5.9609000000000005
6.012099999999999
1.8897
4.4148
0.6147
0.4021
0.3461
0.3283
0.30200000000000005
0.3149
0.2838
0.2681
0.34440000000000004
0.3466
0.3467
0.3768
0.6843
1.332
0.6118
0.6497999999999999
0.6333
3.4217999999999997
1.4853999999999998
0.36379999999999996
0.537
0.1443
0.20340000000000003
0.1989
0.10469999999999999
0.1638
0.2052
0.2546
0.40049999999999997
0.7633
0.501
0.16199999999999998
0.166
0.2223
1.7449
0.1793
0.1098
0.0806
0.2874
7.705699999999999
4.5995
0.0907
0.3513
0.0925
0.06
0.0801
0.07830000000000001
0.11660000000000001
0.1567
0.0912
0.10930000000000001
0.0817
0.0961
0.094
0.12830000000000003
0.12279999999999999
0.0886
0.087
0.0
0.5638
0.0649
0.0728
0.1682
0.1388
0.0826
1.199
0.0549
0.0392
0.0357
0.0506
0.07899999999999999
0.1217
0.20950000000000002
0.3196
0.3889
0.4986
0.6099
0.5248
0.4727
0.4062
0.3712
0.354
1.2258
0.3715
0.27790000000000004
0.26570000000000005
0.725
1.3325
1.8033000000000001
0.2228
0.196
0.1732
0.16670000000000001
0.1834
0.1891
0.2005
0.1411
0.21199999999999997
0.6592
1.8016
3.208
1.3726
0.8709
0.8439
1.6441
5.2757
5.051399999999999
4.068300000000001
3.4576000000000002
2.518
1.6937
1.7391
6.0984
0.2317
0.2091
0.1842
0.1604
0.1285
0.11130000000000001
0.11830000000000002
0.1572
0.2435
0.2504
0.1555
0.0805
0.0581
0.0802
0.083
0.8466
0.2382
0.6496999999999999
0.6701
0.2123
0.101
0.07730000000000001
0.1516
0.1855
0.15710000000000002
0.1469
0.149
0.14329999999999998
0.1424
0.14040000000000002
0.1451
0.1424
0.15710000000000002
0.17459999999999998
0.2158
0.3136
0.3368
0.34450000000000003
0.3661
0.4023
1.6033000000000002
2.0095
1.6638
0.7055
0.2158
0.1653
0.1352
0.14079999999999998
0.7073
0.8339000000000001
1.0636999999999999
5.9609000000000005
6.012099999999999
1.8897
4.4148
0.6147
0.4021
0.3461
0.3283
0.30200000000000005
0.3149
0.2838
0.2681
0.34440000000000004
0.3466
0.3467
0.3768
0.6843
1.332
0.6118
0.6497999999999999
0.6333
3.4217999999999997
1.4853999999999998
0.36379999999999996
0.537
0.1443
0.20340000000000003
0.1989
0.10469999999999999
0.1638
0.2052
0.2546
0.40049999999999997
0.7633
0.501
0.16199999999999998
0.166
0.2223
1.7449
0.1793
0.1098
0.0806
0.2874
7.705699999999999
4.5995
0.0907
0.3513
0.0925
0.06
0.0801
0.07830000000000001
0.11660000000000001
0.1567
0.0912
0.10930000000000001
0.0817
0.0961
0.094
0.12830000000000003
0.12279999999999999
0.0886
0.087
0.0
0.5638
0.0649
0.0728
0.1682
0.1388
0.0826
1.199
0.0549
0.0392
0.0357
0.0506
0.07899999999999999
0.1217
0.20950000000000002
0.3196
0.3889
0.4986
0.6099
0.5248
0.4727
0.4062
0.3712
0.354
1.2258
0.3715
0.27790000000000004
0.26570000000000005
0.725
1.3325
1.8033000000000001
0.2228
0.196
0.1732
0.16670000000000001
0.1834
0.1891
0.2005
0.1411
0.21199999999999997
0.6592
1.8016
3.208
1.3726
0.8709
0.8439
1.6441
5.2757
5.051399999999999
4.068300000000001
3.4576000000000002
2.518
1.6937
1.7391
6.0984
0.1489
0.1426
0.1426
0.14500000000000002
0.137
0.1215
0.10830000000000001
0.12689999999999999
0.0937
0.1162
0.1062
0.1191
0.1123
0.0999
0.10389999999999999
0.1035
0.1266
0.161
0.1212
0.1178
0.1225
0.1298
0.1585
0.1661
0.2499
0.1483
0.1276
0.1018
0.1094
0.0974
0.1543
0.3165
0.1923
0.23370000000000002
0.5065999999999999
1.0966
0.3125
0.1839
0.191
0.2034
0.2232
0.2349
0.32430000000000003
0.8826
1.0125
0.40380000000000005
0.264
0.24839999999999998
6.7620000000000005
6.6929
6.8304
2.0526
0.7416
0.7921
1.742
2.3992
1.3778
0.8909
0.7849999999999999
0.6738
0.6854
0.6905
0.7106
0.7924
1.0064
2.3537
4.635
3.6664
3.6818
3.9489
6.6604
11.6724
0.2229
1.7546
0.1727
0.2109
0.16010000000000002
0.16110000000000002
0.1722
0.1603
0.1486
0.1523
0.1518
0.1504
0.1671
0.179
0.23670000000000002
0.31930000000000003
0.5824
0.6295000000000001
0.1313
0.1058
0.1187
0.1152
0.1355
0.1652
0.1937
0.183
0.1749
0.1758
0.18380000000000002
0.18309999999999998
0.2141
0.2867
0.4969
0.6289
0.6839
0.7528
0.497
0.4607
0.447
0.49339999999999995
0.5771
0.6982999999999999
2.5765000000000002
0.7476
0.727
0.5962
0.3751
0.2405
4.1564
7.412800000000001
9.5186
4.6393
0.43270000000000003
0.0893
1.174
0.28
0.10200000000000001
0.09240000000000001
0.0733
0.0884
0.0606
0.0576
0.10750000000000001
0.10250000000000001
0.9545
0.7462
0.4232
0.448
0.29710000000000003
0.2639
0.1839
0.0718
0.1842
0.18530000000000002
0.15960000000000002
0.1622
0.1673
0.1506
0.0637
1.0254
0.37870000000000004
0.49560000000000004
0.5033
0.4591
0.29369999999999996
0.232
0.2216
0.2049
0.202
0.31
0.1718
0.185
0.2108
0.2215
0.20729999999999998
0.6256
0.1489
0.1426
0.1426
0.14500000000000002
0.137
0.1215
0.10830000000000001
0.12689999999999999
0.0937
0.1162
0.1062
0.1191
0.1123
0.0999
0.10389999999999999
0.1035
0.1266
0.161
0.1212
0.1178
0.1225
0.1298
0.1585
0.1661
0.2499
0.1483
0.1276
0.1018
0.1094
0.0974
0.1543
0.3165
0.1923
0.23370000000000002
0.5065999999999999
1.0966
0.3125
0.1839
0.191
0.2034
0.2232
0.2349
0.32430000000000003
0.8826
1.0125
0.40380000000000005
0.264
0.24839999999999998
6.7620000000000005
6.6929
6.8304
2.0526
0.7416
0.7921
1.742
2.3992
1.3778
0.8909
0.7849999999999999
0.6738
0.6854
0.6905
0.7106
0.7924
1.0064
2.3537
4.635
3.6664
3.6818
3.9489
6.6604
11.6724
0.2229
1.7546
0.1727
0.2109
0.16010000000000002
0.16110000000000002
0.1722
0.1603
0.1486
0.1523
0.1518
0.1504
0.1671
0.179
0.23670000000000002
0.31930000000000003
0.5824
0.6295000000000001
0.1313
0.1058
0.1187
0.1152
0.1355
0.1652
0.1937
0.183
0.1749
0.1758
0.18380000000000002
0.18309999999999998
0.2141
0.2867
0.4969
0.6289
0.6839
0.7528
0.497
0.4607
0.447
0.49339999999999995
0.5771
0.6982999999999999
2.5765000000000002
0.7476
0.727
0.5962
0.3751
0.2405
4.1564
7.412800000000001
9.5186
4.6393
0.43270000000000003
0.0893
1.174
0.28
0.10200000000000001
0.09240000000000001
0.0733
0.0884
0.0606
0.0576
0.10750000000000001
0.10250000000000001
0.9545
0.7462
0.4232
0.448
0.29710000000000003
0.2639
0.1839
0.0718
0.1842
0.18530000000000002
0.15960000000000002
0.1622
0.1673
0.1506
0.0637
1.0254
0.37870000000000004
0.49560000000000004
0.5033
0.4591
0.29369999999999996
0.232
0.2216
0.2049
0.202
0.31
0.1718
0.185
0.2108
0.2215
0.20729999999999998
0.6256
0.1489
0.1426
0.1426
0.14500000000000002
0.137
0.1215
0.10830000000000001
0.12689999999999999
0.0937
0.1162
0.1062
0.1191
0.1123
0.0999
0.10389999999999999
0.1035
0.1266
0.161
0.1212
0.1178
0.1225
0.1298
0.1585
0.1661
0.2499
0.1483
0.1276
0.1018
0.1094
0.0974
0.1543
0.3165
0.1923
0.23370000000000002
0.5065999999999999
1.0966
0.3125
0.1839
0.191
0.2034
0.2232
0.2349
0.32430000000000003
0.8826
1.0125
0.40380000000000005
0.264
0.24839999999999998
6.7620000000000005
6.6929
6.8304
2.0526
0.7416
0.7921
1.742
2.3992
1.3778
0.8909
0.7849999999999999
0.6738
0.6854
0.6905
0.7106
0.7924
1.0064
2.3537
4.635
3.6664
3.6818
3.9489
6.6604
11.6724
0.2229
1.7546
0.1727
0.2109
0.16010000000000002
0.16110000000000002
0.1722
0.1603
0.1486
0.1523
0.1518
0.1504
0.1671
0.179
0.23670000000000002
0.31930000000000003
0.5824
0.6295000000000001
0.1313
0.1058
0.1187
0.1152
0.1355
0.1652
0.1937
0.183
0.1749
0.1758
0.18380000000000002
0.18309999999999998
0.2141
0.2867
0.4969
0.6289
0.6839
0.7528
0.497
0.4607
0.447
0.49339999999999995
0.5771
0.6982999999999999
2.5765000000000002
0.7476
0.727
0.5962
0.3751
0.2405
4.1564
7.412800000000001
9.5186
4.6393
0.43270000000000003
0.0893
1.174
0.28
0.10200000000000001
0.09240000000000001
0.0733
0.0884
0.0606
0.0576
0.10750000000000001
0.10250000000000001
0.9545
0.7462
0.4232
0.448
0.29710000000000003
0.2639
0.1839
0.0718
0.1842
0.18530000000000002
0.15960000000000002
0.1622
0.1673
0.1506
0.0637
1.0254
0.37870000000000004
0.49560000000000004
0.5033
0.4591
0.29369999999999996
0.232
0.2216
0.2049
0.202
0.31
0.1718
0.185
0.2108
0.2215
0.20729999999999998
0.6256
0.1489
0.1426
0.1426
0.14500000000000002
0.137
0.1215
0.10830000000000001
0.12689999999999999
0.0937
0.1162
0.1062
0.1191
0.1123
0.0999
0.10389999999999999
0.1035
0.1266
0.161
0.1212
0.1178
0.1225
0.1298
0.1585
0.1661
0.2499
0.1483
0.1276
0.1018
0.1094
0.0974
0.1543
0.3165
0.1923
0.23370000000000002
0.5065999999999999
1.0966
0.3125
0.1839
0.191
0.2034
0.2232
0.2349
0.32430000000000003
0.8826
1.0125
0.40380000000000005
0.264
0.24839999999999998
6.7620000000000005
6.6929
6.8304
2.0526
0.7416
0.7921
1.742
2.3992
1.3778
0.8909
0.7849999999999999
0.6738
0.6854
0.6905
0.7106
0.7924
1.0064
2.3537
4.635
3.6664
3.6818
3.9489
6.6604
11.6724
0.2229
1.7546
0.1727
0.2109
0.16010000000000002
0.16110000000000002
0.1722
0.1603
0.1486
0.1523
0.1518
0.1504
0.1671
0.179
0.23670000000000002
0.31930000000000003
0.5824
0.6295000000000001
0.1313
0.1058
0.1187
0.1152
0.1355
0.1652
0.1937
0.183
0.1749
0.1758
0.18380000000000002
0.18309999999999998
0.2141
0.2867
0.4969
0.6289
0.6839
0.7528
0.497
0.4607
0.447
0.49339999999999995
0.5771
0.6982999999999999
2.5765000000000002
0.7476
0.727
0.5962
0.3751
0.2405
4.1564
7.412800000000001
9.5186
4.6393
0.43270000000000003
0.0893
1.174
0.28
0.10200000000000001
0.09240000000000001
0.0733
0.0884
0.0606
0.0576
0.10750000000000001
0.10250000000000001
0.9545
0.7462
0.4232
0.448
0.29710000000000003
0.2639
0.1839
0.0718
0.1842
0.18530000000000002
0.15960000000000002
0.1622
0.1673
0.1506
0.0637
1.0254
0.37870000000000004
0.49560000000000004
0.5033
0.4591
0.29369999999999996
0.232
0.2216
0.2049
0.202
0.31
0.1718
0.185
0.2108
0.2215
0.20729999999999998
0.6256
0.1489
0.1426
0.1426
0.14500000000000002
0.137
0.1215
0.10830000000000001
0.12689999999999999
0.0937
0.1162
0.1062
0.1191
0.1123
0.0999
0.10389999999999999
0.1035
0.1266
0.161
0.1212
0.1178
0.1225
0.1298
0.1585
0.1661
0.2499
0.1483
0.1276
0.1018
0.1094
0.0974
0.1543
0.3165
0.1923
0.23370000000000002
0.5065999999999999
1.0966
0.3125
0.1839
0.191
0.2034
0.2232
0.2349
0.32430000000000003
0.8826
1.0125
0.40380000000000005
0.264
0.24839999999999998
6.7620000000000005
6.6929
6.8304
2.0526
0.7416
0.7921
1.742
2.3992
1.3778
0.8909
0.7849999999999999
0.6738
0.6854
0.6905
0.7106
0.7924
1.0064
2.3537
4.635
3.6664
3.6818
3.9489
6.6604
11.6724
0.1553
0.1442
0.1316
0.1121
0.1236
0.111
0.2027
0.28200000000000003
0.2983
0.40959999999999996
0.5109
0.7822
0.7481
0.579
2.0503
0.4038
0.2604
0.1225
0.4189
0.4209
0.1281
0.2017
0.1896
0.1341
5.577
6.353899999999999
6.5885
6.9993
1.5581
0.13169999999999998
0.2752
0.3995
0.49050000000000005
0.6801
1.2683
2.1628
1.3914
1.0953
0.8638
0.6238
0.5454
0.5062
0.4426
0.5009
4.5265
5.355700000000001
3.7202
1.0321
0.0969
0.10830000000000001
0.1074
0.1077
0.1106
0.1357
0.19669999999999999
0.3901
0.9027000000000001
0.33
0.3577
0.6987
1.2117
0.3608
0.306
0.7403
2.3718000000000004
1.0256
0.35140000000000005
0.2686
0.17099999999999999
0.0759
0.07039999999999999
0.0821
0.1058
0.1051
0.0977
0.0961
0.0834
0.0728
0.12869999999999998
0.6451
2.6981
0.0
0.002
0.069
0.073
0.1304
0.5293
0.0716
1.2661
0.0
0.0
0.0
0.0
0.0357
0.2965
0.14629999999999999
0.2541
0.1738
0.1409
0.13640000000000002
0.1239
0.1053
0.1224
0.4354
0.318
0.0922
0.0021
0.024300000000000002
0.0395
0.042300000000000004
0.027299999999999998
0.041999999999999996
0.0426
0.0809
0.0923
0.2968
0.8211999999999999
0.7513000000000001
0.7276
1.0786
0.1631
0.1582
0.15410000000000001
0.15460000000000002
0.1548
0.15839999999999999
0.1466
0.1556
0.22089999999999999
0.17420000000000002
0.1608
0.16870000000000002
0.1681
0.1728
0.1853
0.1846
0.202
0.1735
0.15810000000000002
0.1542
0.15639999999999998
0.1664
0.19030000000000002
0.1878
0.2632
0.2628
0.25229999999999997
0.2465
0.2424
0.24819999999999998
0.2632
0.22920000000000001
1.6178
0.3315
0.35719999999999996
0.40080000000000005
0.3644
0.32020000000000004
0.31320000000000003
0.8759
0.3752
1.0844
0.824
0.7365999999999999
0.3687
0.1936
0.1504
0.18359999999999999
0.1553
0.1442
0.1316
0.1121
0.1236
0.111
0.2027
0.28200000000000003
0.2983
0.40959999999999996
0.5109
0.7822
0.7481
0.579
2.0503
0.4038
0.2604
0.1225
0.4189
0.4209
0.1281
0.2017
0.1896
0.1341
5.577
6.353899999999999
6.5885
6.9993
1.5581
0.13169999999999998
0.2752
0.3995
0.49050000000000005
0.6801
1.2683
2.1628
1.3914
1.0953
0.8638
0.6238
0.5454
0.5062
0.4426
0.5009
4.5265
5.355700000000001
3.7202
1.0321
0.0969
0.10830000000000001
0.1074
0.1077
0.1106
0.1357
0.19669999999999999
0.3901
0.9027000000000001
0.33
0.3577
0.6987
1.2117
0.3608
0.306
0.7403
2.3718000000000004
1.0256
0.35140000000000005
0.2686
0.17099999999999999
0.0759
0.07039999999999999
0.0821
0.1058
0.1051
0.0977
0.0961
0.0834
0.0728
0.12869999999999998
0.6451
2.6981
0.0
0.002
0.069
0.073
0.1304
0.5293
0.0716
1.2661
0.0
0.0
0.0
0.0
0.0357
0.2965
0.14629999999999999
0.2541
0.1738
0.1409
0.13640000000000002
0.1239
0.1053
0.1224
0.4354
0.318
0.0922
0.0021
0.024300000000000002
0.0395
0.042300000000000004
0.027299999999999998
0.041999999999999996
0.0426
0.0809
0.0923
0.2968
0.8211999999999999
0.7513000000000001
0.7276
1.0786
0.1631
0.1582
0.15410000000000001
0.15460000000000002
0.1548
0.15839999999999999
0.1466
0.1556
0.22089999999999999
0.17420000000000002
0.1608
0.16870000000000002
0.1681
0.1728
0.1853
0.1846
0.202
0.1735
0.15810000000000002
0.1542
0.15639999999999998
0.1664
0.19030000000000002
0.1878
0.2632
0.2628
0.25229999999999997
0.2465
0.2424
0.24819999999999998
0.2632
0.22920000000000001
1.6178
0.3315
0.35719999999999996
0.40080000000000005
0.3644
0.32020000000000004
0.31320000000000003
0.8759
0.3752
1.0844
0.824
0.7365999999999999
0.3687
0.1936
0.1504
0.18359999999999999
0.1553
0.1442
0.1316
0.1121
0.1236
0.111
0.2027
0.28200000000000003
0.2983
0.40959999999999996
0.5109
0.7822
0.7481
0.579
2.0503
0.4038
0.2604
0.1225
0.4189
0.4209
0.1281
0.2017
0.1896
0.1341
5.577
6.353899999999999
6.5885
6.9993
1.5581
0.13169999999999998
0.2752
0.3995
0.49050000000000005
0.6801
1.2683
2.1628
1.3914
1.0953
0.8638
0.6238
0.5454
0.5062
0.4426
0.5009
4.5265
5.355700000000001
3.7202
1.0321
0.0969
0.10830000000000001
0.1074
0.1077
0.1106
0.1357
0.19669999999999999
0.3901
0.9027000000000001
0.33
0.3577
0.6987
1.2117
0.3608
0.306
0.7403
2.3718000000000004
1.0256
0.35140000000000005
0.2686
0.17099999999999999
0.0759
0.07039999999999999
0.0821
0.1058
0.1051
0.0977
0.0961
0.0834
0.0728
0.12869999999999998
0.6451
2.6981
0.0
0.002
0.069
0.073
0.1304
0.5293
0.0716
1.2661
0.0
0.0
0.0
0.0
0.0357
0.2965
0.14629999999999999
0.2541
0.1738
0.1409
0.13640000000000002
0.1239
0.1053
0.1224
0.4354
0.318
0.0922
0.0021
0.024300000000000002
0.0395
0.042300000000000004
0.027299999999999998
0.041999999999999996
0.0426
0.0809
0.0923
0.2968
0.8211999999999999
0.7513000000000001
0.7276
1.0786
0.1631
0.1582
0.15410000000000001
0.15460000000000002
0.1548
0.15839999999999999
0.1466
0.1556
0.22089999999999999
0.17420000000000002
0.1608
0.16870000000000002
0.1681
0.1728
0.1853
0.1846
0.202
0.1735
0.15810000000000002
0.1542
0.15639999999999998
0.1664
0.19030000000000002
0.1878
0.2632
0.2628
0.25229999999999997
0.2465
0.2424
0.24819999999999998
0.2632
0.22920000000000001
1.6178
0.3315
0.35719999999999996
0.40080000000000005
0.3644
0.32020000000000004
0.31320000000000003
0.8759
0.3752
1.0844
0.824
0.7365999999999999
0.3687
0.1936
0.1504
0.18359999999999999
0.1553
0.1442
0.1316
0.1121
0.1236
0.111
0.2027
0.28200000000000003
0.2983
0.40959999999999996
0.5109
0.7822
0.7481
0.579
2.0503
0.4038
0.2604
0.1225
0.4189
0.4209
0.1281
0.2017
0.1896
0.1341
5.577
6.353899999999999
6.5885
6.9993
1.5581
0.13169999999999998
0.2752
0.3995
0.49050000000000005
0.6801
1.2683
2.1628
1.3914
1.0953
0.8638
0.6238
0.5454
0.5062
0.4426
0.5009
4.5265
5.355700000000001
3.7202
1.0321
0.0969
0.10830000000000001
0.1074
0.1077
0.1106
0.1357
0.19669999999999999
0.3901
0.9027000000000001
0.33
0.3577
0.6987
1.2117
0.3608
0.306
0.7403
2.3718000000000004
1.0256
0.35140000000000005
0.2686
0.17099999999999999
0.0759
0.07039999999999999
0.0821
0.1058
0.1051
0.0977
0.0961
0.0834
0.0728
0.12869999999999998
0.6451
2.6981
0.0
0.002
0.069
0.073
0.1304
0.5293
0.0716
1.2661
0.0
0.0
0.0
0.0
0.0357
0.2965
0.14629999999999999
0.2541
0.1738
0.1409
0.13640000000000002
0.1239
0.1053
0.1224
0.4354
0.318
0.0922
0.0021
0.024300000000000002
0.0395
0.042300000000000004
0.027299999999999998
0.041999999999999996
0.0426
0.0809
0.0923
0.2968
0.8211999999999999
0.7513000000000001
0.7276
1.0786
0.1631
0.1582
0.15410000000000001
0.15460000000000002
0.1548
0.15839999999999999
0.1466
0.1556
0.22089999999999999
0.17420000000000002
0.1608
0.16870000000000002
0.1681
0.1728
0.1853
0.1846
0.202
0.1735
0.15810000000000002
0.1542
0.15639999999999998
0.1664
0.19030000000000002
0.1878
0.2632
0.2628
0.25229999999999997
0.2465
0.2424
0.24819999999999998
0.2632
0.22920000000000001
1.6178
0.3315
0.35719999999999996
0.40080000000000005
0.3644
0.32020000000000004
0.31320000000000003
0.8759
0.3752
1.0844
0.824
0.7365999999999999
0.3687
0.1936
0.1504
0.18359999999999999
0.1553
0.1442
0.1316
0.1121
0.1236
0.111
0.2027
0.28200000000000003
0.2983
0.40959999999999996
0.5109
0.7822
0.7481
0.579
2.0503
0.4038
0.2604
0.1225
0.4189
0.4209
0.1281
0.2017
0.1896
0.1341
5.577
6.353899999999999
6.5885
6.9993
1.5581
0.13169999999999998
0.2752
0.3995
0.49050000000000005
0.6801
1.2683
2.1628
1.3914
1.0953
0.8638
0.6238
0.5454
0.5062
0.4426
0.5009
4.5265
5.355700000000001
3.7202
1.0321
0.1713
0.0912
0.08760000000000001
0.0779
0.09129999999999999
0.1
0.1435
0.2429
0.41290000000000004
0.5042
0.5138
0.4722
0.5498
0.09759999999999999
0.1977
0.16720000000000002
0.1574
0.1764
0.201
0.29059999999999997
0.5037
1.0756000000000001
1.3788
0.8452999999999999
1.0965
0.1696
0.18009999999999998
0.1501
0.1531
0.1666
0.1903
0.2218
0.2198
0.24369999999999997
0.4204
1.2809
0.5648
0.2863
0.29100000000000004
0.2838
0.2603
0.25339999999999996
0.277
0.3837
0.6032
0.2385
0.24720000000000003
1.039
0.4419
0.4122
0.37929999999999997
0.37960000000000005
0.3681
0.3726
0.4183
0.3692
1.8636
1.1509
1.0510000000000002
0.6044
0.39880000000000004
0.3744
0.44120000000000004
0.8432
1.1475
0.9038999999999999
0.8097
0.7819
0.8042
0.7918000000000001
0.7439
0.5692
0.2652
0.2606
0.26549999999999996
0.2695
0.2593
0.18469999999999998
0.11950000000000001
0.3823
0.0084
0.0281
0.0293
0.0329
0.0403
0.0385
0.0305
0.0332
0.0218
0.0369
0.1038
0.42729999999999996
0.2142
0.2603
0.4002
0.3106
0.09820000000000001
0.0972
0.10020000000000001
0.1004
0.10650000000000001
0.1518
0.3127
0.34809999999999997
0.18980000000000002
0.1893
0.1981
0.2465
0.2747
0.3611
0.3466
0.3435
1.0017
1.1304
0.22809999999999997
0.20140000000000002
0.1639
0.0802
0.0368
0.0706
0.1116
0.1366
0.1305
0.13169999999999998
0.129
0.1081
1.1148
0.2922
0.112
0.08660000000000001
0.15400000000000003
0.19469999999999998
0.19619999999999999
0.2212
0.3734
0.1711
0.0655
0.2601
1.3734000000000002
0.5927
0.032
0.0086
0.0031
0.0061
2.5187
0.0082
0.0
0.0
0.0
0.0
0.04
0.3135
0.375
0.2288
0.4633
1.193
2.8337000000000003
5.1044
6.4729
0.45530000000000004
0.0707
3.2466
2.1599
1.4221
0.5526
0.7181
0.0
0.7666
0.1713
0.0912
0.08760000000000001
0.0779
0.09129999999999999
0.1
0.1435
0.2429
0.41290000000000004
0.5042
0.5138
0.4722
0.5498
0.09759999999999999
0.1977
0.16720000000000002
0.1574
0.1764
0.201
0.29059999999999997
0.5037
1.0756000000000001
1.3788
0.8452999999999999
1.0965
0.1696
0.18009999999999998
0.1501
0.1531
0.1666
0.1903
0.2218
0.2198
0.24369999999999997
0.4204
1.2809
0.5648
0.2863
0.29100000000000004
0.2838
0.2603
0.25339999999999996
0.277
0.3837
0.6032
0.2385
0.24720000000000003
1.039
0.4419
0.4122
0.37929999999999997
0.37960000000000005
0.3681
0.3726
0.4183
0.3692
1.8636
1.1509
1.0510000000000002
0.6044
0.39880000000000004
0.3744
0.44120000000000004
0.8432
1.1475
0.9038999999999999
0.8097
0.7819
0.8042
0.7918000000000001
0.7439
0.5692
0.2652
0.2606
0.26549999999999996
0.2695
0.2593
0.18469999999999998
0.11950000000000001
0.3823
0.0084
0.0281
0.0293
0.0329
0.0403
0.0385
0.0305
0.0332
0.0218
0.0369
0.1038
0.42729999999999996
0.2142
0.2603
0.4002
0.3106
0.09820000000000001
0.0972
0.10020000000000001
0.1004
0.10650000000000001
0.1518
0.3127
0.34809999999999997
0.18980000000000002
0.1893
0.1981
0.2465
0.2747
0.3611
0.3466
0.3435
1.0017
1.1304
0.22809999999999997
0.20140000000000002
0.1639
0.0802
0.0368
0.0706
0.1116
0.1366
0.1305
0.13169999999999998
0.129
0.1081
1.1148
0.2922
0.112
0.08660000000000001
0.15400000000000003
0.19469999999999998
0.19619999999999999
0.2212
0.3734
0.1711
0.0655
0.2601
1.3734000000000002
0.5927
0.032
0.0086
0.0031
0.0061
2.5187
0.0082
0.0
0.0
0.0
0.0
0.04
0.3135
0.375
0.2288
0.4633
1.193
2.8337000000000003
5.1044
6.4729
0.45530000000000004
0.0707
3.2466
2.1599
1.4221
0.5526
0.7181
0.0
0.7666
0.1713
0.0912
0.08760000000000001
0.0779
0.09129999999999999
0.1
0.1435
0.2429
0.41290000000000004
0.5042
0.5138
0.4722
0.5498
0.09759999999999999
0.1977
0.16720000000000002
0.1574
0.1764
0.201
0.29059999999999997
0.5037
1.0756000000000001
1.3788
0.8452999999999999
1.0965
0.1696
0.18009999999999998
0.1501
0.1531
0.1666
0.1903
0.2218
0.2198
0.24369999999999997
0.4204
1.2809
0.5648
0.2863
0.29100000000000004
0.2838
0.2603
0.25339999999999996
0.277
0.3837
0.6032
0.2385
0.24720000000000003
1.039
0.4419
0.4122
0.37929999999999997
0.37960000000000005
0.3681
0.3726
0.4183
0.3692
1.8636
1.1509
1.0510000000000002
0.6044
0.39880000000000004
0.3744
0.44120000000000004
0.8432
1.1475
0.9038999999999999
0.8097
0.7819
0.8042
0.7918000000000001
0.7439
0.5692
0.2652
0.2606
0.26549999999999996
0.2695
0.2593
0.18469999999999998
0.11950000000000001
0.3823
0.0084
0.0281
0.0293
0.0329
0.0403
0.0385
0.0305
0.0332
0.0218
0.0369
0.1038
0.42729999999999996
0.2142
0.2603
0.4002
0.3106
0.09820000000000001
0.0972
0.10020000000000001
0.1004
0.10650000000000001
0.1518
0.3127
0.34809999999999997
0.18980000000000002
0.1893
0.1981
0.2465
0.2747
0.3611
0.3466
0.3435
1.0017
1.1304
0.22809999999999997
0.20140000000000002
0.1639
0.0802
0.0368
0.0706
0.1116
0.1366
0.1305
0.13169999999999998
0.129
0.1081
1.1148
0.2922
0.112
0.08660000000000001
0.15400000000000003
0.19469999999999998
0.19619999999999999
0.2212
0.3734
0.1711
0.0655
0.2601
1.3734000000000002
0.5927
0.032
0.0086
0.0031
0.0061
2.5187
0.0082
0.0
0.0
0.0
0.0
0.04
0.3135
0.375
0.2288
0.4633
1.193
2.8337000000000003
5.1044
6.4729
0.45530000000000004
0.0707
3.2466
2.1599
1.4221
0.5526
0.7181
0.0
0.7666
0.1713
0.0912
0.08760000000000001
0.0779
0.09129999999999999
0.1
0.1435
0.2429
0.41290000000000004
0.5042
0.5138
0.4722
0.5498
0.09759999999999999
0.1977
0.16720000000000002
0.1574
0.1764
0.201
0.29059999999999997
0.5037
1.0756000000000001
1.3788
0.8452999999999999
1.0965
0.1696
0.18009999999999998
0.1501
0.1531
0.1666
0.1903
0.2218
0.2198
0.24369999999999997
0.4204
1.2809
0.5648
0.2863
0.29100000000000004
0.2838
0.2603
0.25339999999999996
0.277
0.3837
0.6032
0.2385
0.24720000000000003
1.039
0.4419
0.4122
0.37929999999999997
0.37960000000000005
0.3681
0.3726
0.4183
0.3692
1.8636
1.1509
1.0510000000000002
0.6044
0.39880000000000004
0.3744
0.44120000000000004
0.8432
1.1475
0.9038999999999999
0.8097
0.7819
0.8042
0.7918000000000001
0.7439
0.5692
0.2652
0.2606
0.26549999999999996
0.2695
0.2593
0.18469999999999998
0.11950000000000001
0.3823
0.0084
0.0281
0.0293
0.0329
0.0403
0.0385
0.0305
0.0332
0.0218
0.0369
0.1038
0.42729999999999996
0.2142
0.2603
0.4002
0.3106
0.09820000000000001
0.0972
0.10020000000000001
0.1004
0.10650000000000001
0.1518
0.3127
0.34809999999999997
0.18980000000000002
0.1893
0.1981
0.2465
0.2747
0.3611
0.3466
0.3435
1.0017
1.1304
0.22809999999999997
0.20140000000000002
0.1639
0.0802
0.0368
0.0706
0.1116
0.1366
0.1305
0.13169999999999998
0.129
0.1081
1.1148
0.2922
0.112
0.08660000000000001
0.15400000000000003
0.19469999999999998
0.19619999999999999
0.2212
0.3734
0.1711
0.0655
0.2601
1.3734000000000002
0.5927
0.032
0.0086
0.0031
0.0061
2.5187
0.0082
0.0
0.0
0.0
0.0
0.04
0.3135
0.375
0.2288
0.4633
1.193
2.8337000000000003
5.1044
6.4729
0.45530000000000004
0.0707
3.2466
2.1599
1.4221
0.5526
0.7181
0.0
0.7666
0.1713
0.0912
0.08760000000000001
0.0779
0.09129999999999999
0.1
0.1435
0.2429
0.41290000000000004
0.5042
0.5138
0.4722
0.5498
0.09759999999999999
0.1977
0.16720000000000002
0.1574
0.1764
0.201
0.29059999999999997
0.5037
1.0756000000000001
1.3788
0.8452999999999999
1.0965
0.1696
0.18009999999999998
0.1501
0.1531
0.1666
0.1903
0.2218
0.2198
0.24369999999999997
0.4204
1.2809
0.5648
0.2863
0.29100000000000004
0.2838
0.2603
0.25339999999999996
0.277
0.3837
0.6032
0.2385
0.24720000000000003
1.039
0.4419
0.4122
0.37929999999999997
0.37960000000000005
0.3681
0.3726
0.4183
0.3692
1.8636
1.1509
1.0510000000000002
0.6044
0.39880000000000004
0.3744
0.44120000000000004
0.8432
1.1475
0.9038999999999999
0.8097
0.7819
0.8042
0.7918000000000001
0.7439
0.5692
6.8324
6.9021
3.2310000000000003
0.2924
0.3135
0.4368
1.0147
1.0893
0.5243
0.3732
0.31820000000000004
0.2892
0.2895
0.3002
0.3198
0.34340000000000004
0.4577
0.6441
1.5666
1.8611
1.4812
1.4937
5.7851
7.65
0.3176
0.3192
0.2977
0.2927
0.2743
0.6519
0.29969999999999997
0.2246
0.2078
0.3236
0.2471
0.1553
0.3729
0.5570999999999999
0.3196
0.534
0.8718
1.031
1.2606000000000002
0.6856
0.3873
0.3358
0.30479999999999996
0.2794
0.0
0.0
0.0
0.0
0.0
0.0
0.0
0.0
0.0
0.0
0.0
0.1966
0.0978
0.3265
2.9546
0.5335
1.852
0.6416
0.0763
0.1896
1.7604
1.4258
3.307
0.3674
0.3745
0.396
0.37929999999999997
0.3765
0.3731
0.3677
0.33499999999999996
0.2914
0.33640000000000003
0.42810000000000004
0.4864
0.4992
0.3449
0.31310000000000004
0.3224
0.3339
0.6696
0.4578
0.5421
0.7337
0.7031000000000001
0.4066
0.332
2.5317000000000003
0.3427
0.3345
0.33430000000000004
0.3225
0.33
0.3557
0.46019999999999994
0.8715999999999999
0.8498
1.2196
1.1837
1.3062
1.0587
0.8663000000000001
0.8408
0.8684000000000001
0.9505
1.3586
2.4108
0.8661
0.6977
0.6266
0.5186999999999999
0.42479999999999996
1.0522
3.5745
3.4202000000000004
3.5614999999999997
3.5219
3.0566
4.7726
1.3252
0.1794
0.0007
0.0178
0.0786
0.10189999999999999
0.0989
0.1269
0.18030000000000002
0.3078
0.45799999999999996
0.5623
0.7601
1.6395
2.1008
2.1844
4.9216999999999995
0.104
0.2445
0.2061
0.1393
0.0584
0.053500000000000006
0.0884
0.1782
0.23310000000000003
0.30820000000000003
0.3501
0.4395
0.3664
2.8343
0.1622
0.29
0.07250000000000001
0.0
0.0581
1.0872
1.6888
3.8019
5.2686
6.4921999999999995
6.8324
6.9021
3.2310000000000003
0.2924
0.3135
0.4368
1.0147
1.0893
0.5243
0.3732
0.31820000000000004
0.2892
0.2895
0.3002
0.3198
0.34340000000000004
0.4577
0.6441
1.5666
1.8611
1.4812
1.4937
5.7851
7.65
0.3176
0.3192
0.2977
0.2927
0.2743
0.6519
0.29969999999999997
0.2246
0.2078
0.3236
0.2471
0.1553
0.3729
0.5570999999999999
0.3196
0.534
0.8718
1.031
1.2606000000000002
0.6856
0.3873
0.3358
0.30479999999999996
0.2794
0.0
0.0
0.0
0.0
0.0
0.0
0.0
0.0
0.0
0.0
0.0
0.1966
0.0978
0.3265
2.9546
0.5335
1.852
0.6416
0.0763
0.1896
1.7604
1.4258
3.307
0.3674
0.3745
0.396
0.37929999999999997
0.3765
0.3731
0.3677
0.33499999999999996
0.2914
0.33640000000000003
0.42810000000000004
0.4864
0.4992
0.3449
0.31310000000000004
0.3224
0.3339
0.6696
0.4578
0.5421
0.7337
0.7031000000000001
0.4066
0.332
2.5317000000000003
0.3427
0.3345
0.33430000000000004
0.3225
0.33
0.3557
0.46019999999999994
0.8715999999999999
0.8498
1.2196
1.1837
1.3062
1.0587
0.8663000000000001
0.8408
0.8684000000000001
0.9505
1.3586
2.4108
0.8661
0.6977
0.6266
0.5186999999999999
0.42479999999999996
1.0522
3.5745
3.4202000000000004
3.5614999999999997
3.5219
3.0566
4.7726
1.3252
0.1794
0.0007
0.0178
0.0786
0.10189999999999999
0.0989
0.1269
0.18030000000000002
0.3078
0.45799999999999996
0.5623
0.7601
1.6395
2.1008
2.1844
4.9216999999999995
0.104
0.2445
0.2061
0.1393
0.0584
0.053500000000000006
0.0884
0.1782
0.23310000000000003
0.30820000000000003
0.3501
0.4395
0.3664
2.8343
0.1622
0.29
0.07250000000000001
0.0
0.0581
1.0872
1.6888
3.8019
5.2686
6.4921999999999995
6.8324
6.9021
3.2310000000000003
0.2924
0.3135
0.4368
1.0147
1.0893
0.5243
0.3732
0.31820000000000004
0.2892
0.2895
0.3002
0.3198
0.34340000000000004
0.4577
0.6441
1.5666
1.8611
1.4812
1.4937
5.7851
7.65
0.3176
0.3192
0.2977
0.2927
0.2743
0.6519
0.29969999999999997
0.2246
0.2078
0.3236
0.2471
0.1553
0.3729
0.5570999999999999
0.3196
0.534
0.8718
1.031
1.2606000000000002
0.6856
0.3873
0.3358
0.30479999999999996
0.2794
0.0
0.0
0.0
0.0
0.0
0.0
0.0
0.0
0.0
0.0
0.0
0.1966
0.0978
0.3265
2.9546
0.5335
1.852
0.6416
0.0763
0.1896
1.7604
1.4258
3.307
0.3674
0.3745
0.396
0.37929999999999997
0.3765
0.3731
0.3677
0.33499999999999996
0.2914
0.33640000000000003
0.42810000000000004
0.4864
0.4992
0.3449
0.31310000000000004
0.3224
0.3339
0.6696
0.4578
0.5421
0.7337
0.7031000000000001
0.4066
0.332
2.5317000000000003
0.3427
0.3345
0.33430000000000004
0.3225
0.33
0.3557
0.46019999999999994
0.8715999999999999
0.8498
1.2196
1.1837
1.3062
1.0587
0.8663000000000001
0.8408
0.8684000000000001
0.9505
1.3586
2.4108
0.8661
0.6977
0.6266
0.5186999999999999
0.42479999999999996
1.0522
3.5745
3.4202000000000004
3.5614999999999997
3.5219
3.0566
4.7726
1.3252
0.1794
0.0007
0.0178
0.0786
0.10189999999999999
0.0989
0.1269
0.18030000000000002
0.3078
0.45799999999999996
0.5623
0.7601
1.6395
2.1008
2.1844
4.9216999999999995
0.104
0.2445
0.2061
0.1393
0.0584
0.053500000000000006
0.0884
0.1782
0.23310000000000003
0.30820000000000003
0.3501
0.4395
0.3664
2.8343
0.1622
0.29
0.07250000000000001
0.0
0.0581
1.0872
1.6888
3.8019
5.2686
6.4921999999999995
6.8324
6.9021
3.2310000000000003
0.2924
0.3135
0.4368
1.0147
1.0893
0.5243
0.3732
0.31820000000000004
0.2892
0.2895
0.3002
0.3198
0.34340000000000004
0.4577
0.6441
1.5666
1.8611
1.4812
1.4937
5.7851
7.65
0.3176
0.3192
0.2977
0.2927
0.2743
0.6519
0.29969999999999997
0.2246
0.2078
0.3236
0.2471
0.1553
0.3729
0.5570999999999999
0.3196
0.534
0.8718
1.031
1.2606000000000002
0.6856
0.3873
0.3358
0.30479999999999996
0.2794
0.0
0.0
0.0
0.0
0.0
0.0
0.0
0.0
0.0
0.0
0.0
0.1966
0.0978
0.3265
2.9546
0.5335
1.852
0.6416
0.0763
0.1896
1.7604
1.4258
3.307
0.3674
0.3745
0.396
0.37929999999999997
0.3765
0.3731
0.3677
0.33499999999999996
0.2914
0.33640000000000003
0.42810000000000004
0.4864
0.4992
0.3449
0.31310000000000004
0.3224
0.3339
0.6696
0.4578
0.5421
0.7337
0.7031000000000001
0.4066
0.332
2.5317000000000003
0.3427
0.3345
0.33430000000000004
0.3225
0.33
0.3557
0.46019999999999994
0.8715999999999999
0.8498
1.2196
1.1837
1.3062
1.0587
0.8663000000000001
0.8408
0.8684000000000001
0.9505
1.3586
2.4108
0.8661
0.6977
0.6266
0.5186999999999999
0.42479999999999996
1.0522
3.5745
3.4202000000000004
3.5614999999999997
3.5219
3.0566
4.7726
1.3252
0.1794
0.0007
0.0178
0.0786
0.10189999999999999
0.0989
0.1269
0.18030000000000002
0.3078
0.45799999999999996
0.5623
0.7601
1.6395
2.1008
2.1844
4.9216999999999995
0.104
0.2445
0.2061
0.1393
0.0584
0.053500000000000006
0.0884
0.1782
0.23310000000000003
0.30820000000000003
0.3501
0.4395
0.3664
2.8343
0.1622
0.29
0.07250000000000001
0.0
0.0581
1.0872
1.6888
3.8019
5.2686
6.4921999999999995
6.8324
6.9021
3.2310000000000003
0.2924
0.3135
0.4368
1.0147
1.0893
0.5243
0.3732
0.31820000000000004
0.2892
0.2895
0.3002
0.3198
0.34340000000000004
0.4577
0.6441
1.5666
1.8611
1.4812
1.4937
5.7851
7.65
0.3176
0.3192
0.2977
0.2927
0.2743
0.6519
0.29969999999999997
0.2246
0.2078
0.3236
0.2471
0.1553
0.3729
0.5570999999999999
0.3196
0.534
0.8718
1.031
1.2606000000000002
0.6856
0.3873
0.3358
0.30479999999999996
0.2794
0.0
0.0
0.0
0.0
0.0
0.0
0.0
0.0
0.0
0.0
0.0
0.1966
0.0978
0.3265
2.9546
0.5335
1.852
0.6416
0.0763
0.1896
1.7604
1.4258
3.307
0.3674
1.12
1.397
0.1008
0.0654
0.0285
0.4875
1.1007
0.0265
0.0747
0.0905
0.09359999999999999
0.08380000000000001
0.0779
0.0763
0.0738
0.1006
0.0916
0.5917
0.7408
0.24259999999999998
0.2098
0.1614
0.12459999999999999
1.951
6.586600000000001
7.0744
9.8411
6.8908000000000005
0.9304
0.9844999999999999
1.1683
1.3288
0.7491
0.6421
0.5047
0.6703
5.5618
0.7993
0.3275
0.4323
0.5093
0.613
1.0879
0.5706
0.6586
0.6911
0.688
0.7863
0.2086
0.08779999999999999
0.09040000000000001
0.0875
0.0809
0.0927
0.09759999999999999
0.0412
0.0117
0.0
0.0085
0.0203
0.0217
0.0271
0.1015
1.5207000000000002
1.0518
0.7877000000000001
0.26990000000000003
0.3501
0.4236
0.2892
0.20379999999999998
0.4138
1.6985000000000001
0.27790000000000004
0.2103
0.2143
0.18719999999999998
0.2829
0.7113
1.8775
1.5224
1.2835
0.5952999999999999
0.0313
0.0
0.0
0.0
0.0
0.0
0.6679
0.5459
0.4212
1.111
0.6491
0.0036
0.0685
0.2358
0.2521
0.2404
0.2042
0.1882
0.1704
0.1328
0.549
0.1639
0.0523
0.0356
0.0283
0.033
0.030199999999999998
0.0296
0.036000000000000004
0.0467
0.12869999999999998
0.6478999999999999
0.6072
0.5394000000000001
0.4444
0.3301
0.6570999999999999
0.744
0.45230000000000004
0.36839999999999995
0.3457
0.347
0.4827
1.7721
0.8891
0.126
0.1138
0.10769999999999999
0.1164
0.1116
0.0905
0.1154
0.1404
0.6355
0.42910000000000004
0.3694
0.47250000000000003
0.5085
0.4849
0.41300000000000003
3.1222
0.17049999999999998
0.168
0.1647
0.1661
0.16720000000000002
0.16670000000000001
0.1461
0.14450000000000002
0.1781
0.1362
0.1251
0.123
0.12869999999999998
0.135
0.14539999999999997
0.1483
0.1711
0.1464
0.1381
0.1404
0.14400000000000002
0.1523
0.1732
0.1785
1.12
1.397
0.1008
0.0654
0.0285
0.4875
1.1007
0.0265
0.0747
0.0905
0.09359999999999999
0.08380000000000001
0.0779
0.0763
0.0738
0.1006
0.0916
0.5917
0.7408
0.24259999999999998
0.2098
0.1614
0.12459999999999999
1.951
6.586600000000001
7.0744
9.8411
6.8908000000000005
0.9304
0.9844999999999999
1.1683
1.3288
0.7491
0.6421
0.5047
0.6703
5.5618
0.7993
0.3275
0.4323
0.5093
0.613
1.0879
0.5706
0.6586
0.6911
0.688
0.7863
0.2086
0.08779999999999999
0.09040000000000001
0.0875
0.0809
0.0927
0.09759999999999999
0.0412
0.0117
0.0
0.0085
0.0203
0.0217
0.0271
0.1015
1.5207000000000002
1.0518
0.7877000000000001
0.26990000000000003
0.3501
0.4236
0.2892
0.20379999999999998
0.4138
1.6985000000000001
0.27790000000000004
0.2103
0.2143
0.18719999999999998
0.2829
0.7113
1.8775
1.5224
1.2835
0.5952999999999999
0.0313
0.0
0.0
0.0
0.0
0.0
0.6679
0.5459
0.4212
1.111
0.6491
0.0036
0.0685
0.2358
0.2521
0.2404
0.2042
0.1882
0.1704
0.1328
0.549
0.1639
0.0523
0.0356
0.0283
0.033
0.030199999999999998
0.0296
0.036000000000000004
0.0467
0.12869999999999998
0.6478999999999999
0.6072
0.5394000000000001
0.4444
0.3301
0.6570999999999999
0.744
0.45230000000000004
0.36839999999999995
0.3457
0.347
0.4827
1.7721
0.8891
0.126
0.1138
0.10769999999999999
0.1164
0.1116
0.0905
0.1154
0.1404
0.6355
0.42910000000000004
0.3694
0.47250000000000003
0.5085
0.4849
0.41300000000000003
3.1222
0.17049999999999998
0.168
0.1647
0.1661
0.16720000000000002
0.16670000000000001
0.1461
0.14450000000000002
0.1781
0.1362
0.1251
0.123
0.12869999999999998
0.135
0.14539999999999997
0.1483
0.1711
0.1464
0.1381
0.1404
0.14400000000000002
0.1523
0.1732
0.1785
1.12
1.397
0.1008
0.0654
0.0285
0.4875
1.1007
0.0265
0.0747
0.0905
0.09359999999999999
0.08380000000000001
0.0779
0.0763
0.0738
0.1006
0.0916
0.5917
0.7408
0.24259999999999998
0.2098
0.1614
0.12459999999999999
1.951
6.586600000000001
7.0744
9.8411
6.8908000000000005
0.9304
0.9844999999999999
1.1683
1.3288
0.7491
0.6421
0.5047
0.6703
5.5618
0.7993
0.3275
0.4323
0.5093
0.613
1.0879
0.5706
0.6586
0.6911
0.688
0.7863
0.2086
0.08779999999999999
0.09040000000000001
0.0875
0.0809
0.0927
0.09759999999999999
0.0412
0.0117
0.0
0.0085
0.0203
0.0217
0.0271
0.1015
1.5207000000000002
1.0518
0.7877000000000001
0.26990000000000003
0.3501
0.4236
0.2892
0.20379999999999998
0.4138
1.6985000000000001
0.27790000000000004
0.2103
0.2143
0.18719999999999998
0.2829
0.7113
1.8775
1.5224
1.2835
0.5952999999999999
0.0313
0.0
0.0
0.0
0.0
0.0
0.6679
0.5459
0.4212
1.111
0.6491
0.0036
0.0685
0.2358
0.2521
0.2404
0.2042
0.1882
0.1704
0.1328
0.549
0.1639
0.0523
0.0356
0.0283
0.033
0.030199999999999998
0.0296
0.036000000000000004
0.0467
0.12869999999999998
0.6478999999999999
0.6072
0.5394000000000001
0.4444
0.3301
0.6570999999999999
0.744
0.45230000000000004
0.36839999999999995
0.3457
0.347
0.4827
1.7721
0.8891
0.126
0.1138
0.10769999999999999
0.1164
0.1116
0.0905
0.1154
0.1404
0.6355
0.42910000000000004
0.3694
0.47250000000000003
0.5085
0.4849
0.41300000000000003
3.1222
0.17049999999999998
0.168
0.1647
0.1661
0.16720000000000002
0.16670000000000001
0.1461
0.14450000000000002
0.1781
0.1362
0.1251
0.123
0.12869999999999998
0.135
0.14539999999999997
0.1483
0.1711
0.1464
0.1381
0.1404
0.14400000000000002
0.1523
0.1732
0.1785
1.12
1.397
0.1008
0.0654
0.0285
0.4875
1.1007
0.0265
0.0747
0.0905
0.09359999999999999
0.08380000000000001
0.0779
0.0763
0.0738
0.1006
0.0916
0.5917
0.7408
0.24259999999999998
0.2098
0.1614
0.12459999999999999
1.951
6.586600000000001
7.0744
9.8411
6.8908000000000005
0.9304
0.9844999999999999
1.1683
1.3288
0.7491
0.6421
0.5047
0.6703
5.5618
0.7993
0.3275
0.4323
0.5093
0.613
1.0879
0.5706
0.6586
0.6911
0.688
0.7863
0.2086
0.08779999999999999
0.09040000000000001
0.0875
0.0809
0.0927
0.09759999999999999
0.0412
0.0117
0.0
0.0085
0.0203
0.0217
0.0271
0.1015
1.5207000000000002
1.0518
0.7877000000000001
0.26990000000000003
0.3501
0.4236
0.2892
0.20379999999999998
0.4138
1.6985000000000001
0.27790000000000004
0.2103
0.2143
0.18719999999999998
0.2829
0.7113
1.8775
1.5224
1.2835
0.5952999999999999
0.0313
0.0
0.0
0.0
0.0
0.0
0.6679
0.5459
0.4212
1.111
0.6491
0.0036
0.0685
0.2358
0.2521
0.2404
0.2042
0.1882
0.1704
0.1328
0.549
0.1639
0.0523
0.0356
0.0283
0.033
0.030199999999999998
0.0296
0.036000000000000004
0.0467
0.12869999999999998
0.6478999999999999
0.6072
0.5394000000000001
0.4444
0.3301
0.6570999999999999
0.744
0.45230000000000004
0.36839999999999995
0.3457
0.347
0.4827
1.7721
0.8891
0.126
0.1138
0.10769999999999999
0.1164
0.1116
0.0905
0.1154
0.1404
0.6355
0.42910000000000004
0.3694
0.47250000000000003
0.5085
0.4849
0.41300000000000003
3.1222
0.17049999999999998
0.168
0.1647
0.1661
0.16720000000000002
0.16670000000000001
0.1461
0.14450000000000002
0.1781
0.1362
0.1251
0.123
0.12869999999999998
0.135
0.14539999999999997
0.1483
0.1711
0.1464
0.1381
0.1404
0.14400000000000002
0.1523
0.1732
0.1785
1.12
1.397
0.1008
0.0654
0.0285
0.4875
1.1007
0.0265
0.0747
0.0905
0.09359999999999999
0.08380000000000001
0.0779
0.0763
0.0738
0.1006
0.0916
0.5917
0.7408
0.24259999999999998
0.2098
0.1614
0.12459999999999999
1.951
6.586600000000001
7.0744
9.8411
6.8908000000000005
0.9304
0.9844999999999999
1.1683
1.3288
0.7491
0.6421
0.5047
0.6703
5.5618
0.7993
0.3275
0.4323
0.5093
0.613
1.0879
0.5706
0.6586
0.6911
0.688
0.7863
0.8514999999999999
0.36960000000000004
0.3735
0.3147
0.29269999999999996
0.2999
0.3232
0.49670000000000003
0.9729000000000001
0.9395
0.6286
0.3519
0.26980000000000004
0.2444
0.24970000000000003
0.9606
0.9838
0.45830000000000004
0.3401
0.3166
0.3106
0.28800000000000003
0.3536
1.4205
2.8925
4.2293
3.499
3.299
1.924
0.2565
0.4264
0.3973
0.3232
0.8888
2.4735
2.4583
1.1362999999999999
0.5656
0.3919
0.3238
0.3906
0.4719
0.7167
1.4237
2.9672
0.8300000000000001
0.22149999999999997
0.0934
0.40709999999999996
4.2809
4.0802
2.0681000000000003
0.4144
0.6265000000000001
2.2614
1.6469
1.5226000000000002
1.4340000000000002
1.4877
1.4715
1.5542
1.6185
1.9872
1.7195
2.4005
3.9488000000000003
2.758
2.4048
1.0402
0.34540000000000004
0.146
0.1137
0.44630000000000003
0.3965
0.3835
0.37339999999999995
0.3699
0.3943
0.4397
0.5871999999999999
0.7616
0.7819
0.8377
0.9348000000000001
0.6886
0.6342
0.6265000000000001
0.6540999999999999
0.7826
1.4719
1.4832999999999998
0.9559
0.9156
0.98
1.0875
2.0861
0.5115000000000001
0.4595
0.41659999999999997
0.4067
0.4066
0.4139
0.38980000000000004
0.3641
2.3287
1.0332
0.8407
1.1341999999999999
1.0598999999999998
1.4498
1.2032
0.6665000000000001
0.6144000000000001
0.6302
1.2994
1.0374999999999999
0.6708000000000001
0.7412
0.8336
0.7704
0.1674
0.15460000000000002
0.1491
0.1641
0.1578
0.1686
0.2727
0.7441
0.608
0.5662
1.721
1.0551
0.6809000000000001
0.6586000000000001
0.7213
0.8882000000000001
0.6159
0.6174
0.8726
0.8454
0.3839
0.3258
0.32020000000000004
0.26539999999999997
4.3422
2.8636999999999997
2.6090999999999998
2.3684000000000003
2.3743
2.5176
2.1345
1.621
1.3431000000000002
1.0591
1.0883
1.1322999999999999
3.4332000000000003
3.4909999999999997
2.5656999999999996
5.2925
4.9316
1.0093
0.8627
0.7202999999999999
0.7497
0.6977
0.8922
1.2832
0.8514999999999999
0.36960000000000004
0.3735
0.3147
0.29269999999999996
0.2999
0.3232
0.49670000000000003
0.9729000000000001
0.9395
0.6286
0.3519
0.26980000000000004
0.2444
0.24970000000000003
0.9606
0.9838
0.45830000000000004
0.3401
0.3166
0.3106
0.28800000000000003
0.3536
1.4205
2.8925
4.2293
3.499
3.299
1.924
0.2565
0.4264
0.3973
0.3232
0.8888
2.4735
2.4583
1.1362999999999999
0.5656
0.3919
0.3238
0.3906
0.4719
0.7167
1.4237
2.9672
0.8300000000000001
0.22149999999999997
0.0934
0.40709999999999996
4.2809
4.0802
2.0681000000000003
0.4144
0.6265000000000001
2.2614
1.6469
1.5226000000000002
1.4340000000000002
1.4877
1.4715
1.5542
1.6185
1.9872
1.7195
2.4005
3.9488000000000003
2.758
2.4048
1.0402
0.34540000000000004
0.146
0.1137
0.44630000000000003
0.3965
0.3835
0.37339999999999995
0.3699
0.3943
0.4397
0.5871999999999999
0.7616
0.7819
0.8377
0.9348000000000001
0.6886
0.6342
0.6265000000000001
0.6540999999999999
0.7826
1.4719
1.4832999999999998
0.9559
0.9156
0.98
1.0875
2.0861
0.5115000000000001
0.4595
0.41659999999999997
0.4067
0.4066
0.4139
0.38980000000000004
0.3641
2.3287
1.0332
0.8407
1.1341999999999999
1.0598999999999998
1.4498
1.2032
0.6665000000000001
0.6144000000000001
0.6302
1.2994
1.0374999999999999
0.6708000000000001
0.7412
0.8336
0.7704
0.1674
0.15460000000000002
0.1491
0.1641
0.1578
0.1686
0.2727
0.7441
0.608
0.5662
1.721
1.0551
0.6809000000000001
0.6586000000000001
0.7213
0.8882000000000001
0.6159
0.6174
0.8726
0.8454
0.3839
0.3258
0.32020000000000004
0.26539999999999997
4.3422
2.8636999999999997
2.6090999999999998
2.3684000000000003
2.3743
2.5176
2.1345
1.621
1.3431000000000002
1.0591
1.0883
1.1322999999999999
3.4332000000000003
3.4909999999999997
2.5656999999999996
5.2925
4.9316
1.0093
0.8627
0.7202999999999999
0.7497
0.6977
0.8922
1.2832
0.8514999999999999
0.36960000000000004
0.3735
0.3147
0.29269999999999996
0.2999
0.3232
0.49670000000000003
0.9729000000000001
0.9395
0.6286
0.3519
0.26980000000000004
0.2444
0.24970000000000003
0.9606
0.9838
0.45830000000000004
0.3401
0.3166
0.3106
0.28800000000000003
0.3536
1.4205
2.8925
4.2293
3.499
3.299
1.924
0.2565
0.4264
0.3973
0.3232
0.8888
2.4735
2.4583
1.1362999999999999
0.5656
0.3919
0.3238
0.3906
0.4719
0.7167
1.4237
2.9672
0.8300000000000001
0.22149999999999997
0.0934
0.40709999999999996
4.2809
4.0802
2.0681000000000003
0.4144
0.6265000000000001
2.2614
1.6469
1.5226000000000002
1.4340000000000002
1.4877
1.4715
1.5542
1.6185
1.9872
1.7195
2.4005
3.9488000000000003
2.758
2.4048
1.0402
0.34540000000000004
0.146
0.1137
0.44630000000000003
0.3965
0.3835
0.37339999999999995
0.3699
0.3943
0.4397
0.5871999999999999
0.7616
0.7819
0.8377
0.9348000000000001
0.6886
0.6342
0.6265000000000001
0.6540999999999999
0.7826
1.4719
1.4832999999999998
0.9559
0.9156
0.98
1.0875
2.0861
0.5115000000000001
0.4595
0.41659999999999997
0.4067
0.4066
0.4139
0.38980000000000004
0.3641
2.3287
1.0332
0.8407
1.1341999999999999
1.0598999999999998
1.4498
1.2032
0.6665000000000001
0.6144000000000001
0.6302
1.2994
1.0374999999999999
0.6708000000000001
0.7412
0.8336
0.7704
0.1674
0.15460000000000002
0.1491
0.1641
0.1578
0.1686
0.2727
0.7441
0.608
0.5662
1.721
1.0551
0.6809000000000001
0.6586000000000001
0.7213
0.8882000000000001
0.6159
0.6174
0.8726
0.8454
0.3839
0.3258
0.32020000000000004
0.26539999999999997
4.3422
2.8636999999999997
2.6090999999999998
2.3684000000000003
2.3743
2.5176
2.1345
1.621
1.3431000000000002
1.0591
1.0883
1.1322999999999999
3.4332000000000003
3.4909999999999997
2.5656999999999996
5.2925
4.9316
1.0093
0.8627
0.7202999999999999
0.7497
0.6977
0.8922
1.2832
0.8514999999999999
0.36960000000000004
0.3735
0.3147
0.29269999999999996
0.2999
0.3232
0.49670000000000003
0.9729000000000001
0.9395
0.6286
0.3519
0.26980000000000004
0.2444
0.24970000000000003
0.9606
0.9838
0.45830000000000004
0.3401
0.3166
0.3106
0.28800000000000003
0.3536
1.4205
2.8925
4.2293
3.499
3.299
1.924
0.2565
0.4264
0.3973
0.3232
0.8888
2.4735
2.4583
1.1362999999999999
0.5656
0.3919
0.3238
0.3906
0.4719
0.7167
1.4237
2.9672
0.8300000000000001
0.22149999999999997
0.0934
0.40709999999999996
4.2809
4.0802
2.0681000000000003
0.4144
0.6265000000000001
2.2614
1.6469
1.5226000000000002
1.4340000000000002
1.4877
1.4715
1.5542
1.6185
1.9872
1.7195
2.4005
3.9488000000000003
2.758
2.4048
1.0402
0.34540000000000004
0.146
0.1137
0.44630000000000003
0.3965
0.3835
0.37339999999999995
0.3699
0.3943
0.4397
0.5871999999999999
0.7616
0.7819
0.8377
0.9348000000000001
0.6886
0.6342
0.6265000000000001
0.6540999999999999
0.7826
1.4719
1.4832999999999998
0.9559
0.9156
0.98
1.0875
2.0861
0.5115000000000001
0.4595
0.41659999999999997
0.4067
0.4066
0.4139
0.38980000000000004
0.3641
2.3287
1.0332
0.8407
1.1341999999999999
1.0598999999999998
1.4498
1.2032
0.6665000000000001
0.6144000000000001
0.6302
1.2994
1.0374999999999999
0.6708000000000001
0.7412
0.8336
0.7704
0.1674
0.15460000000000002
0.1491
0.1641
0.1578
0.1686
0.2727
0.7441
0.608
0.5662
1.721
1.0551
0.6809000000000001
0.6586000000000001
0.7213
0.8882000000000001
0.6159
0.6174
0.8726
0.8454
0.3839
0.3258
0.32020000000000004
0.26539999999999997
4.3422
2.8636999999999997
2.6090999999999998
2.3684000000000003
2.3743
2.5176
2.1345
1.621
1.3431000000000002
1.0591
1.0883
1.1322999999999999
3.4332000000000003
3.4909999999999997
2.5656999999999996
5.2925
4.9316
1.0093
0.8627
0.7202999999999999
0.7497
0.6977
0.8922
1.2832
0.8514999999999999
0.36960000000000004
0.3735
0.3147
0.29269999999999996
0.2999
0.3232
0.49670000000000003
0.9729000000000001
0.9395
0.6286
0.3519
0.26980000000000004
0.2444
0.24970000000000003
0.9606
0.9838
0.45830000000000004
0.3401
0.3166
0.3106
0.28800000000000003
0.3536
1.4205
2.8925
4.2293
3.499
3.299
1.924
0.2565
0.4264
0.3973
0.3232
0.8888
2.4735
2.4583
1.1362999999999999
0.5656
0.3919
0.3238
0.3906
0.4719
0.7167
1.4237
2.9672
0.8300000000000001
0.22149999999999997
0.0934
0.40709999999999996
4.2809
4.0802
2.0681000000000003
0.4144
0.6265000000000001
2.2614
1.6469
1.5226000000000002
1.4340000000000002
1.4877
1.4715
1.5542
1.6185
1.9872
1.7195
2.4005
3.9488000000000003
2.758
2.4048
1.0402
0.34540000000000004
0.146
0.1137
0.1488
0.2279
0.2833
0.4618
0.1022
0.0803
0.0975
0.0687
0.0089
0.004
0.0276
0.0451
0.0566
0.052199999999999996
0.0312
0.0766
0.0461
1.299
0.1321
0.1985
0.1801
0.0974
0.047700000000000006
0.3063
3.4292999999999996
3.5383000000000004
12.741399999999999
7.9084
0.9191
0.7311
0.5246
0.36719999999999997
0.2795
0.20029999999999998
0.2089
0.2023
0.2422
0.2733
0.3019
0.3589
0.6689
2.3998
0.5277000000000001
0.5301
0.4982
0.40459999999999996
0.3573
0.2339
0.3117
0.2964
0.29090000000000005
0.2797
0.27790000000000004
0.26849999999999996
0.29869999999999997
0.7104
0.4169
0.4016
0.4031
0.4196
0.3588
0.3276
0.3301
0.45080000000000003
1.1742
0.8299
0.7469
0.7361
0.5939
0.48119999999999996
0.502
1.8149
1.3196
1.4699
1.0708
0.1739
0.2113
0.2393
0.5208
1.1652
0.2991
0.17659999999999998
0.1787
0.159
0.1698
0.1797
0.2091
0.2552
0.3346
0.477
0.6813
1.5640999999999998
0.6088
0.5681
0.5314000000000001
0.45089999999999997
0.2347
0.2603
0.2687
0.3318
0.6611
0.2678
1.4458000000000002
0.911
0.6474
0.6417999999999999
1.9123
0.6449
0.6947
0.7113
1.2064
1.085
0.6658999999999999
1.3176999999999999
1.3071000000000002
0.7757000000000001
0.4433
0.32599999999999996
0.2574
0.2265
0.3002
0.9381
3.3599
0.0732
0.2571
0.3353
0.9595
1.0514000000000001
0.0245
0.09290000000000001
0.07680000000000001
0.10969999999999999
0.0688
0.0781
0.0738
0.1726
0.2515
0.5734
1.0131
1.6460000000000001
6.2968
2.6364
1.0535999999999999
0.8374999999999999
1.5564
3.0496
2.9375
1.2094
0.0
0.0058
0.0
0.008
0.0
0.0
0.0
0.388
1.5318999999999998
0.3435
0.2589
0.8573999999999999
0.2982
0.3275
0.5375000000000001
1.2655
1.9016
1.4554
0.8249
3.3479
0.1488
0.2279
0.2833
0.4618
0.1022
0.0803
0.0975
0.0687
0.0089
0.004
0.0276
0.0451
0.0566
0.052199999999999996
0.0312
0.0766
0.0461
1.299
0.1321
0.1985
0.1801
0.0974
0.047700000000000006
0.3063
3.4292999999999996
3.5383000000000004
12.741399999999999
7.9084
0.9191
0.7311
0.5246
0.36719999999999997
0.2795
0.20029999999999998
0.2089
0.2023
0.2422
0.2733
0.3019
0.3589
0.6689
2.3998
0.5277000000000001
0.5301
0.4982
0.40459999999999996
0.3573
0.2339
0.3117
0.2964
0.29090000000000005
0.2797
0.27790000000000004
0.26849999999999996
0.29869999999999997
0.7104
0.4169
0.4016
0.4031
0.4196
0.3588
0.3276
0.3301
0.45080000000000003
1.1742
0.8299
0.7469
0.7361
0.5939
0.48119999999999996
0.502
1.8149
1.3196
1.4699
1.0708
0.1739
0.2113
0.2393
0.5208
1.1652
0.2991
0.17659999999999998
0.1787
0.159
0.1698
0.1797
0.2091
0.2552
0.3346
0.477
0.6813
1.5640999999999998
0.6088
0.5681
0.5314000000000001
0.45089999999999997
0.2347
0.2603
0.2687
0.3318
0.6611
0.2678
1.4458000000000002
0.911
0.6474
0.6417999999999999
1.9123
0.6449
0.6947
0.7113
1.2064
1.085
0.6658999999999999
1.3176999999999999
1.3071000000000002
0.7757000000000001
0.4433
0.32599999999999996
0.2574
0.2265
0.3002
0.9381
3.3599
0.0732
0.2571
0.3353
0.9595
1.0514000000000001
0.0245
0.09290000000000001
0.07680000000000001
0.10969999999999999
0.0688
0.0781
0.0738
0.1726
0.2515
0.5734
1.0131
1.6460000000000001
6.2968
2.6364
1.0535999999999999
0.8374999999999999
1.5564
3.0496
2.9375
1.2094
0.0
0.0058
0.0
0.008
0.0
0.0
0.0
0.388
1.5318999999999998
0.3435
0.2589
0.8573999999999999
0.2982
0.3275
0.5375000000000001
1.2655
1.9016
1.4554
0.8249
3.3479
0.1488
0.2279
0.2833
0.4618
0.1022
0.0803
0.0975
0.0687
0.0089
0.004
0.0276
0.0451
0.0566
0.052199999999999996
0.0312
0.0766
0.0461
1.299
0.1321
0.1985
0.1801
0.0974
0.047700000000000006
0.3063
3.4292999999999996
3.5383000000000004
12.741399999999999
7.9084
0.9191
0.7311
0.5246
0.36719999999999997
0.2795
0.20029999999999998
0.2089
0.2023
0.2422
0.2733
0.3019
0.3589
0.6689
2.3998
0.5277000000000001
0.5301
0.4982
0.40459999999999996
0.3573
0.2339
0.3117
0.2964
0.29090000000000005
0.2797
0.27790000000000004
0.26849999999999996
0.29869999999999997
0.7104
0.4169
0.4016
0.4031
0.4196
0.3588
0.3276
0.3301
0.45080000000000003
1.1742
0.8299
0.7469
0.7361
0.5939
0.48119999999999996
0.502
1.8149
1.3196
1.4699
1.0708
0.1739
0.2113
0.2393
0.5208
1.1652
0.2991
0.17659999999999998
0.1787
0.159
0.1698
0.1797
0.2091
0.2552
0.3346
0.477
0.6813
1.5640999999999998
0.6088
0.5681
0.5314000000000001
0.45089999999999997
0.2347
0.2603
0.2687
0.3318
0.6611
0.2678
1.4458000000000002
0.911
0.6474
0.6417999999999999
1.9123
0.6449
0.6947
0.7113
1.2064
1.085
0.6658999999999999
1.3176999999999999
1.3071000000000002
0.7757000000000001
0.4433
0.32599999999999996
0.2574
0.2265
0.3002
0.9381
3.3599
0.0732
0.2571
0.3353
0.9595
1.0514000000000001
0.0245
0.09290000000000001
0.07680000000000001
0.10969999999999999
0.0688
0.0781
0.0738
0.1726
0.2515
0.5734
1.0131
1.6460000000000001
6.2968
2.6364
1.0535999999999999
0.8374999999999999
1.5564
3.0496
2.9375
1.2094
0.0
0.0058
0.0
0.008
0.0
0.0
0.0
0.388
1.5318999999999998
0.3435
0.2589
0.8573999999999999
0.2982
0.3275
0.5375000000000001
1.2655
1.9016
1.4554
0.8249
3.3479
0.1488
0.2279
0.2833
0.4618
0.1022
0.0803
0.0975
0.0687
0.0089
0.004
0.0276
0.0451
0.0566
0.052199999999999996
0.0312
0.0766
0.0461
1.299
0.1321
0.1985
0.1801
0.0974
0.047700000000000006
0.3063
3.4292999999999996
3.5383000000000004
12.741399999999999
7.9084
0.9191
0.7311
0.5246
0.36719999999999997
0.2795
0.20029999999999998
0.2089
0.2023
0.2422
0.2733
0.3019
0.3589
0.6689
2.3998
0.5277000000000001
0.5301
0.4982
0.40459999999999996
0.3573
0.2339
0.3117
0.2964
0.29090000000000005
0.2797
0.27790000000000004
0.26849999999999996
0.29869999999999997
0.7104
0.4169
0.4016
0.4031
0.4196
0.3588
0.3276
0.3301
0.45080000000000003
1.1742
0.8299
0.7469
0.7361
0.5939
0.48119999999999996
0.502
1.8149
1.3196
1.4699
1.0708
0.1739
0.2113
0.2393
0.5208
1.1652
0.2991
0.17659999999999998
0.1787
0.159
0.1698
0.1797
0.2091
0.2552
0.3346
0.477
0.6813
1.5640999999999998
0.6088
0.5681
0.5314000000000001
0.45089999999999997
0.2347
0.2603
0.2687
0.3318
0.6611
0.2678
1.4458000000000002
0.911
0.6474
0.6417999999999999
1.9123
0.6449
0.6947
0.7113
1.2064
1.085
0.6658999999999999
1.3176999999999999
1.3071000000000002
0.7757000000000001
0.4433
0.32599999999999996
0.2574
0.2265
0.3002
0.9381
3.3599
0.0732
0.2571
0.3353
0.9595
1.0514000000000001
0.0245
0.09290000000000001
0.07680000000000001
0.10969999999999999
0.0688
0.0781
0.0738
0.1726
0.2515
0.5734
1.0131
1.6460000000000001
6.2968
2.6364
1.0535999999999999
0.8374999999999999
1.5564
3.0496
2.9375
1.2094
0.0
0.0058
0.0
0.008
0.0
0.0
0.0
0.388
1.5318999999999998
0.3435
0.2589
0.8573999999999999
0.2982
0.3275
0.5375000000000001
1.2655
1.9016
1.4554
0.8249
3.3479
0.1488
0.2279
0.2833
0.4618
0.1022
0.0803
0.0975
0.0687
0.0089
0.004
0.0276
0.0451
0.0566
0.052199999999999996
0.0312
0.0766
0.0461
1.299
0.1321
0.1985
0.1801
0.0974
0.047700000000000006
0.3063
3.4292999999999996
3.5383000000000004
12.741399999999999
7.9084
0.9191
0.7311
0.5246
0.36719999999999997
0.2795
0.20029999999999998
0.2089
0.2023
0.2422
0.2733
0.3019
0.3589
0.6689
2.3998
0.5277000000000001
0.5301
0.4982
0.40459999999999996
0.3573
0.2339
0.0896
0.052199999999999996
0.0446
0.060399999999999995
0.07239999999999999
0.0693
0.0804
0.036500000000000005
0.0932
0.499
1.0654000000000001
1.0162
0.028900000000000002
0.0148
0.0335
0.21849999999999997
0.4632
0.0669
0.1253
0.0206
0.153
0.3971
0.4366
0.2443
0.3275
0.2556
0.2328
0.2155
0.2268
0.2387
0.2248
0.21439999999999998
0.1799
0.1487
0.1476
0.15610000000000002
0.17559999999999998
0.9410000000000001
1.4548999999999999
0.5464
1.3012000000000001
1.4761000000000002
0.8300000000000001
0.5392999999999999
0.7283999999999999
1.0274
0.32430000000000003
0.3206
0.1062
0.1033
0.10250000000000001
0.1046
0.1069
0.1129
0.1184
0.1174
0.10550000000000001
0.1106
0.1027
0.10239999999999999
0.10300000000000001
0.11510000000000001
0.1336
0.1702
0.1563
0.105
0.09559999999999999
0.09090000000000001
0.0922
0.09809999999999999
0.1085
0.1128
0.7298
0.08940000000000001
0.1492
0.1102
0.1018
0.1012
0.09240000000000001
0.09570000000000001
0.1134
0.12090000000000001
0.133
0.1565
0.6057
0.14329999999999998
0.1474
0.1599
0.17870000000000003
0.5816
0.29900000000000004
0.1703
0.1726
0.1801
0.2278
1.9350999999999998
0.2031
0.2147
0.21889999999999998
0.2106
0.22060000000000002
0.3603
0.9413
1.0461
0.6041000000000001
0.4302
0.38070000000000004
0.3387
0.45920000000000005
1.3462
0.6968
0.5448
0.5686
1.4145
1.0022
1.6909
0.112
0.11939999999999999
0.15100000000000002
0.1631
0.0876
0.0844
0.0838
0.0862
0.0885
0.0943
0.09609999999999999
0.08499999999999999
0.0854
0.0825
0.0713
0.0634
0.06659999999999999
0.0728
0.0785
0.0869
0.0753
0.08510000000000001
0.0821
0.08249999999999999
0.07339999999999999
0.0736
0.0869
0.09659999999999999
4.3169
4.1944
3.2594
0.5109
0.4145
0.5549999999999999
0.7451
0.8763000000000001
0.9685
1.0842
1.2447
1.8558
1.6944
1.4163000000000001
1.29
1.302
1.7899
6.1494
3.6353
1.5299
1.2088999999999999
6.7409
7.6341
5.8917
0.0896
0.052199999999999996
0.0446
0.060399999999999995
0.07239999999999999
0.0693
0.0804
0.036500000000000005
0.0932
0.499
1.0654000000000001
1.0162
0.028900000000000002
0.0148
0.0335
0.21849999999999997
0.4632
0.0669
0.1253
0.0206
0.153
0.3971
0.4366
0.2443
0.3275
0.2556
0.2328
0.2155
0.2268
0.2387
0.2248
0.21439999999999998
0.1799
0.1487
0.1476
0.15610000000000002
0.17559999999999998
0.9410000000000001
1.4548999999999999
0.5464
1.3012000000000001
1.4761000000000002
0.8300000000000001
0.5392999999999999
0.7283999999999999
1.0274
0.32430000000000003
0.3206
0.1062
0.1033
0.10250000000000001
0.1046
0.1069
0.1129
0.1184
0.1174
0.10550000000000001
0.1106
0.1027
0.10239999999999999
0.10300000000000001
0.11510000000000001
0.1336
0.1702
0.1563
0.105
0.09559999999999999
0.09090000000000001
0.0922
0.09809999999999999
0.1085
0.1128
0.7298
0.08940000000000001
0.1492
0.1102
0.1018
0.1012
0.09240000000000001
0.09570000000000001
0.1134
0.12090000000000001
0.133
0.1565
0.6057
0.14329999999999998
0.1474
0.1599
0.17870000000000003
0.5816
0.29900000000000004
0.1703
0.1726
0.1801
0.2278
1.9350999999999998
0.2031
0.2147
0.21889999999999998
0.2106
0.22060000000000002
0.3603
0.9413
1.0461
0.6041000000000001
0.4302
0.38070000000000004
0.3387
0.45920000000000005
1.3462
0.6968
0.5448
0.5686
1.4145
1.0022
1.6909
0.112
0.11939999999999999
0.15100000000000002
0.1631
0.0876
0.0844
0.0838
0.0862
0.0885
0.0943
0.09609999999999999
0.08499999999999999
0.0854
0.0825
0.0713
0.0634
0.06659999999999999
0.0728
0.0785
0.0869
0.0753
0.08510000000000001
0.0821
0.08249999999999999
0.07339999999999999
0.0736
0.0869
0.09659999999999999
4.3169
4.1944
3.2594
0.5109
0.4145
0.5549999999999999
0.7451
0.8763000000000001
0.9685
1.0842
1.2447
1.8558
1.6944
1.4163000000000001
1.29
1.302
1.7899
6.1494
3.6353
1.5299
1.2088999999999999
6.7409
7.6341
5.8917
0.0896
0.052199999999999996
0.0446
0.060399999999999995
0.07239999999999999
0.0693
0.0804
0.036500000000000005
0.0932
0.499
1.0654000000000001
1.0162
0.028900000000000002
0.0148
0.0335
0.21849999999999997
0.4632
0.0669
0.1253
0.0206
0.153
0.3971
0.4366
0.2443
0.3275
0.2556
0.2328
0.2155
0.2268
0.2387
0.2248
0.21439999999999998
0.1799
0.1487
0.1476
0.15610000000000002
0.17559999999999998
0.9410000000000001
1.4548999999999999
0.5464
1.3012000000000001
1.4761000000000002
0.8300000000000001
0.5392999999999999
0.7283999999999999
1.0274
0.32430000000000003
0.3206
0.1062
0.1033
0.10250000000000001
0.1046
0.1069
0.1129
0.1184
0.1174
0.10550000000000001
0.1106
0.1027
0.10239999999999999
0.10300000000000001
0.11510000000000001
0.1336
0.1702
0.1563
0.105
0.09559999999999999
0.09090000000000001
0.0922
0.09809999999999999
0.1085
0.1128
0.7298
0.08940000000000001
0.1492
0.1102
0.1018
0.1012
0.09240000000000001
0.09570000000000001
0.1134
0.12090000000000001
0.133
0.1565
0.6057
0.14329999999999998
0.1474
0.1599
0.17870000000000003
0.5816
0.29900000000000004
0.1703
0.1726
0.1801
0.2278
1.9350999999999998
0.2031
0.2147
0.21889999999999998
0.2106
0.22060000000000002
0.3603
0.9413
1.0461
0.6041000000000001
0.4302
0.38070000000000004
0.3387
0.45920000000000005
1.3462
0.6968
0.5448
0.5686
1.4145
1.0022
1.6909
0.112
0.11939999999999999
0.15100000000000002
0.1631
0.0876
0.0844
0.0838
0.0862
0.0885
0.0943
0.09609999999999999
0.08499999999999999
0.0854
0.0825
0.0713
0.0634
0.06659999999999999
0.0728
0.0785
0.0869
0.0753
0.08510000000000001
0.0821
0.08249999999999999
0.07339999999999999
0.0736
0.0869
0.09659999999999999
4.3169
4.1944
3.2594
0.5109
0.4145
0.5549999999999999
0.7451
0.8763000000000001
0.9685
1.0842
1.2447
1.8558
1.6944
1.4163000000000001
1.29
1.302
1.7899
6.1494
3.6353
1.5299
1.2088999999999999
6.7409
7.6341
5.8917
0.0896
0.052199999999999996
0.0446
0.060399999999999995
0.07239999999999999
0.0693
0.0804
0.036500000000000005
0.0932
0.499
1.0654000000000001
1.0162
0.028900000000000002
0.0148
0.0335
0.21849999999999997
0.4632
0.0669
0.1253
0.0206
0.153
0.3971
0.4366
0.2443
0.3275
0.2556
0.2328
0.2155
0.2268
0.2387
0.2248
0.21439999999999998
0.1799
0.1487
0.1476
0.15610000000000002
0.17559999999999998
0.9410000000000001
1.4548999999999999
0.5464
1.3012000000000001
1.4761000000000002
0.8300000000000001
0.5392999999999999
0.7283999999999999
1.0274
0.32430000000000003
0.3206
0.1062
0.1033
0.10250000000000001
0.1046
0.1069
0.1129
0.1184
0.1174
0.10550000000000001
0.1106
0.1027
0.10239999999999999
0.10300000000000001
0.11510000000000001
0.1336
0.1702
0.1563
0.105
0.09559999999999999
0.09090000000000001
0.0922
0.09809999999999999
0.1085
0.1128
0.7298
0.08940000000000001
0.1492
0.1102
0.1018
0.1012
0.09240000000000001
0.09570000000000001
0.1134
0.12090000000000001
0.133
0.1565
0.6057
0.14329999999999998
0.1474
0.1599
0.17870000000000003
0.5816
0.29900000000000004
0.1703
0.1726
0.1801
0.2278
1.9350999999999998
0.2031
0.2147
0.21889999999999998
0.2106
0.22060000000000002
0.3603
0.9413
1.0461
0.6041000000000001
0.4302
0.38070000000000004
0.3387
0.45920000000000005
1.3462
0.6968
0.5448
0.5686
1.4145
1.0022
1.6909
0.112
0.11939999999999999
0.15100000000000002
0.1631
0.0876
0.0844
0.0838
0.0862
0.0885
0.0943
0.09609999999999999
0.08499999999999999
0.0854
0.0825
0.0713
0.0634
0.06659999999999999
0.0728
0.0785
0.0869
0.0753
0.08510000000000001
0.0821
0.08249999999999999
0.07339999999999999
0.0736
0.0869
0.09659999999999999
4.3169
4.1944
3.2594
0.5109
0.4145
0.5549999999999999
0.7451
0.8763000000000001
0.9685
1.0842
1.2447
1.8558
1.6944
1.4163000000000001
1.29
1.302
1.7899
6.1494
3.6353
1.5299
1.2088999999999999
6.7409
7.6341
5.8917
0.0896
0.052199999999999996
0.0446
0.060399999999999995
0.07239999999999999
0.0693
0.0804
0.036500000000000005
0.0932
0.499
1.0654000000000001
1.0162
0.028900000000000002
0.0148
0.0335
0.21849999999999997
0.4632
0.0669
0.1253
0.0206
0.153
0.3971
0.4366
0.2443
0.3275
0.2556
0.2328
0.2155
0.2268
0.2387
0.2248
0.21439999999999998
0.1799
0.1487
0.1476
0.15610000000000002
0.17559999999999998
0.9410000000000001
1.4548999999999999
0.5464
1.3012000000000001
1.4761000000000002
0.8300000000000001
0.5392999999999999
0.7283999999999999
1.0274
0.32430000000000003
0.3206
0.1062
0.1033
0.10250000000000001
0.1046
0.1069
0.1129
0.1184
0.1174
0.10550000000000001
0.1106
0.1027
0.10239999999999999
0.10300000000000001
0.11510000000000001
0.1336
0.1702
0.1563
0.105
0.09559999999999999
0.09090000000000001
0.0922
0.09809999999999999
0.1085
0.1128
