0.2265
0.1994
0.17509999999999998
0.1646
0.1385
0.0667
0.030199999999999998
0.4759
0.25139999999999996
0.16920000000000002
0.1011
0.0696
0.049300000000000004
0.035
0.0303
0.058899999999999994
0.0931
0.1452
0.17720000000000002
0.6881
0.8801
0.6603
0.8439
0.8051
7.1492
5.5266
5.0118
3.408
1.487
1.2189999999999999
1.3233
1.9944
2.5947
2.5909
2.1567999999999996
1.6902
1.3951
1.2986
1.5089000000000001
2.551
1.624
1.5049000000000001
1.0977000000000001
0.8112
0.742
0.7202
0.6622
5.0947000000000005
0.1545
0.1461
0.1481
0.1459
0.1566
0.179
0.2394
0.28969999999999996
0.32089999999999996
0.3074
0.2818
0.28500000000000003
0.32
0.4223
0.4278
0.4475
1.42
0.7212000000000001
1.0263
0.6223000000000001
0.47119999999999995
0.518
0.8064
0.4338
5.01
5.3269
5.7509999999999994
5.952999999999999
5.9595
5.8609
1.1488
1.2115
1.2038
0.9460999999999999
0.7392000000000001
0.624
0.6154
0.5864
0.6243
1.5758
1.002
0.9872
1.1853
1.6002
3.5585
4.3246
4.559699999999999
8.2745
0.3892
0.38370000000000004
0.36629999999999996
0.3607
0.3686
0.4375
0.5656
0.5317000000000001
0.5159
0.5155000000000001
0.5038
0.5036
0.5237
0.7677
0.94
0.7378
0.8377
2.7801
1.5870000000000002
1.4656
1.5356
1.1036000000000001
0.3952
0.3536
0.0
0.0001
0.0
0.0
0.0136
0.0628
0.1891
0.0191
0.0516
0.0546
0.0605
0.0255
0.032299999999999995
0.0364
0.0424
0.0271
0.005699999999999999
0.0
0.5523
1.0218
0.2449
0.29810000000000003
0.1522
0.6512
0.5535
0.532
0.5569999999999999
0.5665
0.5988
0.5535
0.6153
1.4712999999999998
0.23120000000000002
0.3508
0.3937
0.4075
0.4154
0.442
0.4563
0.4263
0.4012
0.3671
0.2086
0.4414
0.2234
0.24659999999999999
0.2316
0.2594
0.2265
0.1994
0.17509999999999998
0.1646
0.1385
0.0667
0.030199999999999998
0.4759
0.25139999999999996
0.16920000000000002
0.1011
0.0696
0.049300000000000004
0.035
0.0303
0.058899999999999994
0.0931
0.1452
0.17720000000000002
0.6881
0.8801
0.6603
0.8439
0.8051
7.1492
5.5266
5.0118
3.408
1.487
1.2189999999999999
1.3233
1.9944
2.5947
2.5909
2.1567999999999996
1.6902
1.3951
1.2986
1.5089000000000001
2.551
1.624
1.5049000000000001
1.0977000000000001
0.8112
0.742
0.7202
0.6622
5.0947000000000005
0.1545
0.1461
0.1481
0.1459
0.1566
0.179
0.2394
0.28969999999999996
0.32089999999999996
0.3074
0.2818
0.28500000000000003
0.32
0.4223
0.4278
0.4475
1.42
0.7212000000000001
1.0263
0.6223000000000001
0.47119999999999995
0.518
0.8064
0.4338
5.01
5.3269
5.7509999999999994
5.952999999999999
5.9595
5.8609
1.1488
1.2115
1.2038
0.9460999999999999
0.7392000000000001
0.624
0.6154
0.5864
0.6243
1.5758
1.002
0.9872
1.1853
1.6002
3.5585
4.3246
4.559699999999999
8.2745
0.3892
0.38370000000000004
0.36629999999999996
0.3607
0.3686
0.4375
0.5656
0.5317000000000001
0.5159
0.5155000000000001
0.5038
0.5036
0.5237
0.7677
0.94
0.7378
0.8377
2.7801
1.5870000000000002
1.4656
1.5356
1.1036000000000001
0.3952
0.3536
0.0
0.0001
0.0
0.0
0.0136
0.0628
0.1891
0.0191
0.0516
0.0546
0.0605
0.0255
0.032299999999999995
0.0364
0.0424
0.0271
0.005699999999999999
0.0
0.5523
1.0218
0.2449
0.29810000000000003
0.1522
0.6512
0.5535
0.532
0.5569999999999999
0.5665
0.5988
0.5535
0.6153
1.4712999999999998
0.23120000000000002
0.3508
0.3937
0.4075
0.4154
0.442
0.4563
0.4263
0.4012
0.3671
0.2086
0.4414
0.2234
0.24659999999999999
0.2316
0.2594
0.2265
0.1994
0.17509999999999998
0.1646
0.1385
0.0667
0.030199999999999998
0.4759
0.25139999999999996
0.16920000000000002
0.1011
0.0696
0.049300000000000004
0.035
0.0303
0.058899999999999994
0.0931
0.1452
0.17720000000000002
0.6881
0.8801
0.6603
0.8439
0.8051
7.1492
5.5266
5.0118
3.408
1.487
1.2189999999999999
1.3233
1.9944
2.5947
2.5909
2.1567999999999996
1.6902
1.3951
1.2986
1.5089000000000001
2.551
1.624
1.5049000000000001
1.0977000000000001
0.8112
0.742
0.7202
0.6622
5.0947000000000005
0.1545
0.1461
0.1481
0.1459
0.1566
0.179
0.2394
0.28969999999999996
0.32089999999999996
0.3074
0.2818
0.28500000000000003
0.32
0.4223
0.4278
0.4475
1.42
0.7212000000000001
1.0263
0.6223000000000001
0.47119999999999995
0.518
0.8064
0.4338
5.01
5.3269
5.7509999999999994
5.952999999999999
5.9595
5.8609
1.1488
1.2115
1.2038
0.9460999999999999
0.7392000000000001
0.624
0.6154
0.5864
0.6243
1.5758
1.002
0.9872
1.1853
1.6002
3.5585
4.3246
4.559699999999999
8.2745
0.3892
0.38370000000000004
0.36629999999999996
0.3607
0.3686
0.4375
0.5656
0.5317000000000001
0.5159
0.5155000000000001
0.5038
0.5036
0.5237
0.7677
0.94
0.7378
0.8377
2.7801
1.5870000000000002
1.4656
1.5356
1.1036000000000001
0.3952
0.3536
0.0
0.0001
0.0
0.0
0.0136
0.0628
0.1891
0.0191
0.0516
0.0546
0.0605
0.0255
0.032299999999999995
0.0364
0.0424
0.0271
0.005699999999999999
0.0
0.5523
1.0218
0.2449
0.29810000000000003
0.1522
0.6512
0.5535
0.532
0.5569999999999999
0.5665
0.5988
0.5535
0.6153
1.4712999999999998
0.23120000000000002
0.3508
0.3937
0.4075
0.4154
0.442
0.4563
0.4263
0.4012
0.3671
0.2086
0.4414
0.2234
0.24659999999999999
0.2316
0.2594
0.2265
0.1994
0.17509999999999998
0.1646
0.1385
0.0667
0.030199999999999998
0.4759
0.25139999999999996
0.16920000000000002
0.1011
0.0696
0.049300000000000004
0.035
0.0303
0.058899999999999994
0.0931
0.1452
0.17720000000000002
0.6881
0.8801
0.6603
0.8439
0.8051
7.1492
5.5266
5.0118
3.408
1.487
1.2189999999999999
1.3233
1.9944
2.5947
2.5909
2.1567999999999996
1.6902
1.3951
1.2986
1.5089000000000001
2.551
1.624
1.5049000000000001
1.0977000000000001
0.8112
0.742
0.7202
0.6622
5.0947000000000005
0.1545
0.1461
0.1481
0.1459
0.1566
0.179
0.2394
0.28969999999999996
0.32089999999999996
0.3074
0.2818
0.28500000000000003
0.32
0.4223
0.4278
0.4475
1.42
0.7212000000000001
1.0263
0.6223000000000001
0.47119999999999995
0.518
0.8064
0.4338
5.01
5.3269
5.7509999999999994
5.952999999999999
5.9595
5.8609
1.1488
1.2115
1.2038
0.9460999999999999
0.7392000000000001
0.624
0.6154
0.5864
0.6243
1.5758
1.002
0.9872
1.1853
1.6002
3.5585
4.3246
4.559699999999999
8.2745
0.3892
0.38370000000000004
0.36629999999999996
0.3607
0.3686
0.4375
0.5656
0.5317000000000001
0.5159
0.5155000000000001
0.5038
0.5036
0.5237
0.7677
0.94
0.7378
0.8377
2.7801
1.5870000000000002
1.4656
1.5356
1.1036000000000001
0.3952
0.3536
0.0
0.0001
0.0
0.0
0.0136
0.0628
0.1891
0.0191
0.0516
0.0546
0.0605
0.0255
0.032299999999999995
0.0364
0.0424
0.0271
0.005699999999999999
0.0
0.5523
1.0218
0.2449
0.29810000000000003
0.1522
0.6512
0.5535
0.532
0.5569999999999999
0.5665
0.5988
0.5535
0.6153
1.4712999999999998
0.23120000000000002
0.3508
0.3937
0.4075
0.4154
0.442
0.4563
0.4263
0.4012
0.3671
0.2086
0.4414
0.2234
0.24659999999999999
0.2316
0.2594
0.2265
0.1994
0.17509999999999998
0.1646
0.1385
0.0667
0.030199999999999998
0.4759
0.25139999999999996
0.16920000000000002
0.1011
0.0696
0.049300000000000004
0.035
0.0303
0.058899999999999994
0.0931
0.1452
0.17720000000000002
0.6881
0.8801
0.6603
0.8439
0.8051
7.1492
5.5266
5.0118
3.408
1.487
1.2189999999999999
1.3233
1.9944
2.5947
2.5909
2.1567999999999996
1.6902
1.3951
1.2986
1.5089000000000001
2.551
1.624
1.5049000000000001
1.0977000000000001
0.8112
0.742
0.7202
0.6622
5.0947000000000005
0.1545
0.1461
0.1481
0.1459
0.1566
0.179
0.2394
0.28969999999999996
0.32089999999999996
0.3074
0.2818
0.28500000000000003
0.32
0.4223
0.4278
0.4475
1.42
0.7212000000000001
1.0263
0.6223000000000001
0.47119999999999995
0.518
0.8064
0.4338
0.24209999999999998
0.2354
0.21689999999999998
0.2201
0.2119
0.1688
0.0829
0.7601
0.0564
0.0811
0.1502
0.1811
0.1949
0.1533
0.1476
0.1341
0.8393
0.4858
1.8586
0.5925
0.815
0.6144000000000001
0.323
0.2133
0.2082
0.19269999999999998
0.1948
0.1935
0.193
0.1971
0.24930000000000002
0.7227
0.4637
0.42310000000000003
0.4106
0.3569
0.2933
0.27349999999999997
0.2747
0.2777
0.2751
0.3487
1.0167
0.3625
0.9807999999999999
0.7525
1.6414
0.6486000000000001
0.1046
0.23670000000000002
0.1454
0.14550000000000002
0.8784
0.0402
0.8694999999999999
2.4072999999999998
1.6549
1.3021
3.7561
4.6025
3.3712
3.3424
2.7015000000000002
1.3309000000000002
0.979
1.2103
2.0545
0.5095999999999999
0.43200000000000005
0.35509999999999997
0.35309999999999997
0.3294
0.3262
0.31589999999999996
0.30200000000000005
0.3022
0.31010000000000004
0.3281
0.4328
0.5214
0.7084999999999999
0.9003000000000001
1.036
1.2003
0.6934
0.5883
0.5759
0.5913999999999999
0.9948000000000001
1.5139
2.2444
1.2767
1.4751
0.7712
0.42169999999999996
0.3266
1.7033
0.5622
0.49629999999999996
0.451
0.44789999999999996
0.4566
0.49670000000000003
0.5554
0.7357
0.9553
1.0535999999999999
0.7391
0.27849999999999997
0.24880000000000002
0.2551
0.31489999999999996
0.6383000000000001
0.5491
0.4084
0.39549999999999996
0.40669999999999995
0.5637
1.0543
0.8533999999999999
1.4509
0.3383
0.2954
0.2277
0.2264
0.2891
0.7435
0.7587999999999999
0.30510000000000004
0.2014
0.1903
0.1973
0.1961
0.194
0.2168
0.3114
1.8167
1.8482
1.6172
1.0350000000000001
0.7372
0.5504
0.3654
1.6677
0.3955
0.6273
0.6761
0.7753
0.7307
0.7143
0.7998000000000001
0.4928
0.5418000000000001
0.6605
0.7037
0.7709
0.8010999999999999
0.9458
1.4171
1.0612
1.013
1.3328
1.6446
1.0471
0.774
0.7413
0.6816
0.6079
0.24209999999999998
0.2354
0.21689999999999998
0.2201
0.2119
0.1688
0.0829
0.7601
0.0564
0.0811
0.1502
0.1811
0.1949
0.1533
0.1476
0.1341
0.8393
0.4858
1.8586
0.5925
0.815
0.6144000000000001
0.323
0.2133
0.2082
0.19269999999999998
0.1948
0.1935
0.193
0.1971
0.24930000000000002
0.7227
0.4637
0.42310000000000003
0.4106
0.3569
0.2933
0.27349999999999997
0.2747
0.2777
0.2751
0.3487
1.0167
0.3625
0.9807999999999999
0.7525
1.6414
0.6486000000000001
0.1046
0.23670000000000002
0.1454
0.14550000000000002
0.8784
0.0402
0.8694999999999999
2.4072999999999998
1.6549
1.3021
3.7561
4.6025
3.3712
3.3424
2.7015000000000002
1.3309000000000002
0.979
1.2103
2.0545
0.5095999999999999
0.43200000000000005
0.35509999999999997
0.35309999999999997
0.3294
0.3262
0.31589999999999996
0.30200000000000005
0.3022
0.31010000000000004
0.3281
0.4328
0.5214
0.7084999999999999
0.9003000000000001
1.036
1.2003
0.6934
0.5883
0.5759
0.5913999999999999
0.9948000000000001
1.5139
2.2444
1.2767
1.4751
0.7712
0.42169999999999996
0.3266
1.7033
0.5622
0.49629999999999996
0.451
0.44789999999999996
0.4566
0.49670000000000003
0.5554
0.7357
0.9553
1.0535999999999999
0.7391
0.27849999999999997
0.24880000000000002
0.2551
0.31489999999999996
0.6383000000000001
0.5491
0.4084
0.39549999999999996
0.40669999999999995
0.5637
1.0543
0.8533999999999999
1.4509
0.3383
0.2954
0.2277
0.2264
0.2891
0.7435
0.7587999999999999
0.30510000000000004
0.2014
0.1903
0.1973
0.1961
0.194
0.2168
0.3114
1.8167
1.8482
1.6172
1.0350000000000001
0.7372
0.5504
0.3654
1.6677
0.3955
0.6273
0.6761
0.7753
0.7307
0.7143
0.7998000000000001
0.4928
0.5418000000000001
0.6605
0.7037
0.7709
0.8010999999999999
0.9458
1.4171
1.0612
1.013
1.3328
1.6446
1.0471
0.774
0.7413
0.6816
0.6079
0.24209999999999998
0.2354
0.21689999999999998
0.2201
0.2119
0.1688
0.0829
0.7601
0.0564
0.0811
0.1502
0.1811
0.1949
0.1533
0.1476
0.1341
0.8393
0.4858
1.8586
0.5925
0.815
0.6144000000000001
0.323
0.2133
0.2082
0.19269999999999998
0.1948
0.1935
0.193
0.1971
0.24930000000000002
0.7227
0.4637
0.42310000000000003
0.4106
0.3569
0.2933
0.27349999999999997
0.2747
0.2777
0.2751
0.3487
1.0167
0.3625
0.9807999999999999
0.7525
1.6414
0.6486000000000001
0.1046
0.23670000000000002
0.1454
0.14550000000000002
0.8784
0.0402
0.8694999999999999
2.4072999999999998
1.6549
1.3021
3.7561
4.6025
3.3712
3.3424
2.7015000000000002
1.3309000000000002
0.979
1.2103
2.0545
0.5095999999999999
0.43200000000000005
0.35509999999999997
0.35309999999999997
0.3294
0.3262
0.31589999999999996
0.30200000000000005
0.3022
0.31010000000000004
0.3281
0.4328
0.5214
0.7084999999999999
0.9003000000000001
1.036
1.2003
0.6934
0.5883
0.5759
0.5913999999999999
0.9948000000000001
1.5139
2.2444
1.2767
1.4751
0.7712
0.42169999999999996
0.3266
1.7033
0.5622
0.49629999999999996
0.451
0.44789999999999996
0.4566
0.49670000000000003
0.5554
0.7357
0.9553
1.0535999999999999
0.7391
0.27849999999999997
0.24880000000000002
0.2551
0.31489999999999996
0.6383000000000001
0.5491
0.4084
0.39549999999999996
0.40669999999999995
0.5637
1.0543
0.8533999999999999
1.4509
0.3383
0.2954
0.2277
0.2264
0.2891
0.7435
0.7587999999999999
0.30510000000000004
0.2014
0.1903
0.1973
0.1961
0.194
0.2168
0.3114
1.8167
1.8482
1.6172
1.0350000000000001
0.7372
0.5504
0.3654
1.6677
0.3955
0.6273
0.6761
0.7753
0.7307
0.7143
0.7998000000000001
0.4928
0.5418000000000001
0.6605
0.7037
0.7709
0.8010999999999999
0.9458
1.4171
1.0612
1.013
1.3328
1.6446
1.0471
0.774
0.7413
0.6816
0.6079
0.24209999999999998
0.2354
0.21689999999999998
0.2201
0.2119
0.1688
0.0829
0.7601
0.0564
0.0811
0.1502
0.1811
0.1949
0.1533
0.1476
0.1341
0.8393
0.4858
1.8586
0.5925
0.815
0.6144000000000001
0.323
0.2133
0.2082
0.19269999999999998
0.1948
0.1935
0.193
0.1971
0.24930000000000002
0.7227
0.4637
0.42310000000000003
0.4106
0.3569
0.2933
0.27349999999999997
0.2747
0.2777
0.2751
0.3487
1.0167
0.3625
0.9807999999999999
0.7525
1.6414
0.6486000000000001
0.1046
0.23670000000000002
0.1454
0.14550000000000002
0.8784
0.0402
0.8694999999999999
2.4072999999999998
1.6549
1.3021
3.7561
4.6025
3.3712
3.3424
2.7015000000000002
1.3309000000000002
0.979
1.2103
2.0545
0.5095999999999999
0.43200000000000005
0.35509999999999997
0.35309999999999997
0.3294
0.3262
0.31589999999999996
0.30200000000000005
0.3022
0.31010000000000004
0.3281
0.4328
0.5214
0.7084999999999999
0.9003000000000001
1.036
1.2003
0.6934
0.5883
0.5759
0.5913999999999999
0.9948000000000001
1.5139
2.2444
1.2767
1.4751
0.7712
0.42169999999999996
0.3266
1.7033
0.5622
0.49629999999999996
0.451
0.44789999999999996
0.4566
0.49670000000000003
0.5554
0.7357
0.9553
1.0535999999999999
0.7391
0.27849999999999997
0.24880000000000002
0.2551
0.31489999999999996
0.6383000000000001
0.5491
0.4084
0.39549999999999996
0.40669999999999995
0.5637
1.0543
0.8533999999999999
1.4509
0.3383
0.2954
0.2277
0.2264
0.2891
0.7435
0.7587999999999999
0.30510000000000004
0.2014
0.1903
0.1973
0.1961
0.194
0.2168
0.3114
1.8167
1.8482
1.6172
1.0350000000000001
0.7372
0.5504
0.3654
1.6677
0.3955
0.6273
0.6761
0.7753
0.7307
0.7143
0.7998000000000001
0.4928
0.5418000000000001
0.6605
0.7037
0.7709
0.8010999999999999
0.9458
1.4171
1.0612
1.013
1.3328
1.6446
1.0471
0.774
0.7413
0.6816
0.6079
0.0083
0.0165
0.016800000000000002
0.026
0.022600000000000002
0.033100000000000004
0.0416
0.0109
1.4214
0.0
0.0
0.049
0.5583
0.3364
0.0727
0.036699999999999997
0.0301
1.2518
0.064
0.1696
0.2061
0.1839
0.10679999999999999
0.052199999999999996
0.5337
0.5681
5.504300000000001
6.165900000000001
2.9574
0.24409999999999998
0.5545
0.6985
0.9562999999999999
1.0445000000000002
1.0554999999999999
1.0309
1.0556
1.2357
3.9265
1.8227
1.1496
6.177
2.3946
0.2272
0.2162
0.15410000000000001
0.152
0.21860000000000002
10.697199999999999
12.7965
10.8455
0.8687
1.5561
1.3235000000000001
0.45790000000000003
0.0455
0.046
0.06319999999999999
0.0668
0.0217
0.0476
0.030899999999999997
0.0476
0.0714
0.0495
0.0
0.1652
3.5093
0.0
0.6854
1.4167999999999998
1.3083
0.6409
0.5729
0.5474
0.5258
0.5269999999999999
0.5215000000000001
0.5687
0.7781
0.7022999999999999
0.7017
0.7521
0.8672
0.7185999999999999
0.6806000000000001
0.6732
0.719
0.8366
1.0504
1.2737
1.5878
1.3793
1.0445
1.1508
2.9071
0.9458
0.7401
0.16699999999999998
0.1482
0.1773
0.1921
0.2395
0.2928
0.626
0.6086
0.45999999999999996
0.2472
0.20529999999999998
0.1906
0.2116
0.2212
0.27390000000000003
0.37929999999999997
1.2498
1.6231
0.3564
0.254
0.2462
0.4124
0.0073
0.004200000000000001
0.0185
0.0129
0.0104
0.0166
0.048299999999999996
0.1703
0.3075
0.28500000000000003
0.30069999999999997
0.3198
0.36450000000000005
0.5056
0.8871
0.1895
0.11779999999999999
0.1186
0.2131
0.188
0.060899999999999996
0.0
0.0
0.0
0.4226
0.4397
0.42279999999999995
0.4192
0.437
0.4809
0.3967
0.4029
0.2392
0.1743
0.13990000000000002
0.13019999999999998
0.12
0.0995
0.1023
0.06
0.0558
0.0464
0.6342
0.7050000000000001
0.6227
0.4799
0.3215
0.32799999999999996
0.0083
0.0165
0.016800000000000002
0.026
0.022600000000000002
0.033100000000000004
0.0416
0.0109
1.4214
0.0
0.0
0.049
0.5583
0.3364
0.0727
0.036699999999999997
0.0301
1.2518
0.064
0.1696
0.2061
0.1839
0.10679999999999999
0.052199999999999996
0.5337
0.5681
5.504300000000001
6.165900000000001
2.9574
0.24409999999999998
0.5545
0.6985
0.9562999999999999
1.0445000000000002
1.0554999999999999
1.0309
1.0556
1.2357
3.9265
1.8227
1.1496
6.177
2.3946
0.2272
0.2162
0.15410000000000001
0.152
0.21860000000000002
10.697199999999999
12.7965
10.8455
0.8687
1.5561
1.3235000000000001
0.45790000000000003
0.0455
0.046
0.06319999999999999
0.0668
0.0217
0.0476
0.030899999999999997
0.0476
0.0714
0.0495
0.0
0.1652
3.5093
0.0
0.6854
1.4167999999999998
1.3083
0.6409
0.5729
0.5474
0.5258
0.5269999999999999
0.5215000000000001
0.5687
0.7781
0.7022999999999999
0.7017
0.7521
0.8672
0.7185999999999999
0.6806000000000001
0.6732
0.719
0.8366
1.0504
1.2737
1.5878
1.3793
1.0445
1.1508
2.9071
0.9458
0.7401
0.16699999999999998
0.1482
0.1773
0.1921
0.2395
0.2928
0.626
0.6086
0.45999999999999996
0.2472
0.20529999999999998
0.1906
0.2116
0.2212
0.27390000000000003
0.37929999999999997
1.2498
1.6231
0.3564
0.254
0.2462
0.4124
0.0073
0.004200000000000001
0.0185
0.0129
0.0104
0.0166
0.048299999999999996
0.1703
0.3075
0.28500000000000003
0.30069999999999997
0.3198
0.36450000000000005
0.5056
0.8871
0.1895
0.11779999999999999
0.1186
0.2131
0.188
0.060899999999999996
0.0
0.0
0.0
0.4226
0.4397
0.42279999999999995
0.4192
0.437
0.4809
0.3967
0.4029
0.2392
0.1743
0.13990000000000002
0.13019999999999998
0.12
0.0995
0.1023
0.06
0.0558
0.0464
0.6342
0.7050000000000001
0.6227
0.4799
0.3215
0.32799999999999996
0.0083
0.0165
0.016800000000000002
0.026
0.022600000000000002
0.033100000000000004
0.0416
0.0109
1.4214
0.0
0.0
0.049
0.5583
0.3364
0.0727
0.036699999999999997
0.0301
1.2518
0.064
0.1696
0.2061
0.1839
0.10679999999999999
0.052199999999999996
0.5337
0.5681
5.504300000000001
6.165900000000001
2.9574
0.24409999999999998
0.5545
0.6985
0.9562999999999999
1.0445000000000002
1.0554999999999999
1.0309
1.0556
1.2357
3.9265
1.8227
1.1496
6.177
2.3946
0.2272
0.2162
0.15410000000000001
0.152
0.21860000000000002
10.697199999999999
12.7965
10.8455
0.8687
1.5561
1.3235000000000001
0.45790000000000003
0.0455
0.046
0.06319999999999999
0.0668
0.0217
0.0476
0.030899999999999997
0.0476
0.0714
0.0495
0.0
0.1652
3.5093
0.0
0.6854
1.4167999999999998
1.3083
0.6409
0.5729
0.5474
0.5258
0.5269999999999999
0.5215000000000001
0.5687
0.7781
0.7022999999999999
0.7017
0.7521
0.8672
0.7185999999999999
0.6806000000000001
0.6732
0.719
0.8366
1.0504
1.2737
1.5878
1.3793
1.0445
1.1508
2.9071
0.9458
0.7401
0.16699999999999998
0.1482
0.1773
0.1921
0.2395
0.2928
0.626
0.6086
0.45999999999999996
0.2472
0.20529999999999998
0.1906
0.2116
0.2212
0.27390000000000003
0.37929999999999997
1.2498
1.6231
0.3564
0.254
0.2462
0.4124
0.0073
0.004200000000000001
0.0185
0.0129
0.0104
0.0166
0.048299999999999996
0.1703
0.3075
0.28500000000000003
0.30069999999999997
0.3198
0.36450000000000005
0.5056
0.8871
0.1895
0.11779999999999999
0.1186
0.2131
0.188
0.060899999999999996
0.0
0.0
0.0
0.4226
0.4397
0.42279999999999995
0.4192
0.437
0.4809
0.3967
0.4029
0.2392
0.1743
0.13990000000000002
0.13019999999999998
0.12
0.0995
0.1023
0.06
0.0558
0.0464
0.6342
0.7050000000000001
0.6227
0.4799
0.3215
0.32799999999999996
0.0083
0.0165
0.016800000000000002
0.026
0.022600000000000002
0.033100000000000004
0.0416
0.0109
1.4214
0.0
0.0
0.049
0.5583
0.3364
0.0727
0.036699999999999997
0.0301
1.2518
0.064
0.1696
0.2061
0.1839
0.10679999999999999
0.052199999999999996
0.5337
0.5681
5.504300000000001
6.165900000000001
2.9574
0.24409999999999998
0.5545
0.6985
0.9562999999999999
1.0445000000000002
1.0554999999999999
1.0309
1.0556
1.2357
3.9265
1.8227
1.1496
6.177
2.3946
0.2272
0.2162
0.15410000000000001
0.152
0.21860000000000002
10.697199999999999
12.7965
10.8455
0.8687
1.5561
1.3235000000000001
0.45790000000000003
0.0455
0.046
0.06319999999999999
0.0668
0.0217
0.0476
0.030899999999999997
0.0476
0.0714
0.0495
0.0
0.1652
3.5093
0.0
0.6854
1.4167999999999998
1.3083
0.6409
0.5729
0.5474
0.5258
0.5269999999999999
0.5215000000000001
0.5687
0.7781
0.7022999999999999
0.7017
0.7521
0.8672
0.7185999999999999
0.6806000000000001
0.6732
0.719
0.8366
1.0504
1.2737
1.5878
1.3793
1.0445
1.1508
2.9071
0.9458
0.7401
0.16699999999999998
0.1482
0.1773
0.1921
0.2395
0.2928
0.626
0.6086
0.45999999999999996
0.2472
0.20529999999999998
0.1906
0.2116
0.2212
0.27390000000000003
0.37929999999999997
1.2498
1.6231
0.3564
0.254
0.2462
0.4124
0.0073
0.004200000000000001
0.0185
0.0129
0.0104
0.0166
0.048299999999999996
0.1703
0.3075
0.28500000000000003
0.30069999999999997
0.3198
0.36450000000000005
0.5056
0.8871
0.1895
0.11779999999999999
0.1186
0.2131
0.188
0.060899999999999996
0.0
0.0
0.0
0.4226
0.4397
0.42279999999999995
0.4192
0.437
0.4809
0.3967
0.4029
0.2392
0.1743
0.13990000000000002
0.13019999999999998
0.12
0.0995
0.1023
0.06
0.0558
0.0464
0.6342
0.7050000000000001
0.6227
0.4799
0.3215
0.32799999999999996
0.0083
0.0165
0.016800000000000002
0.026
0.022600000000000002
0.033100000000000004
0.0416
0.0109
1.4214
0.0
0.0
0.049
0.5583
0.3364
0.0727
0.036699999999999997
0.0301
1.2518
0.064
0.1696
0.2061
0.1839
0.10679999999999999
0.052199999999999996
0.5337
0.5681
5.504300000000001
6.165900000000001
2.9574
0.24409999999999998
0.5545
0.6985
0.9562999999999999
1.0445000000000002
1.0554999999999999
1.0309
1.0556
1.2357
3.9265
1.8227
1.1496
6.177
2.3946
0.2272
0.2162
0.15410000000000001
0.152
0.21860000000000002
10.697199999999999
12.7965
10.8455
0.8687
1.5561
1.3235000000000001
0.45790000000000003
0.0455
0.046
0.06319999999999999
0.0668
0.0217
0.0476
0.030899999999999997
0.0476
0.0714
0.0495
0.0
0.1652
3.5093
0.0
0.6854
1.4167999999999998
1.3083
0.8284
0.739
3.5655
3.1068
3.1250999999999998
3.0042999999999997
3.5284000000000004
1.4700000000000002
0.6141000000000001
0.3951
0.3684
0.3293
0.3735
0.4484
0.8775
1.9696000000000002
1.4292
2.5125
9.333300000000001
9.141300000000001
4.6240000000000006
1.7749
1.5895000000000001
1.3277999999999999
0.3558
0.3205
0.2953
0.2744
0.2474
0.21949999999999997
0.1939
0.1946
0.2217
0.2919
0.3449
0.5643
0.8121
0.5032
0.4104
0.4064
0.7432000000000001
1.2855999999999999
0.3127
0.32589999999999997
0.3725
0.43200000000000005
0.6173
0.544
2.755
0.7363999999999999
0.5956
0.5276
0.4718
0.4202
0.3433
0.5222
1.0093
0.7874
0.2505
0.1049
0.0935
0.09359999999999999
0.0876
0.0181
0.0106
0.034
0.1769
3.1899
1.8612000000000002
1.5691000000000002
1.1360999999999999
0.7729
0.5323
0.5428
0.5423
0.5445
0.5438000000000001
0.5732
0.6545
0.7047
0.7184
0.6864
0.6556
0.6416
0.6342
0.6214999999999999
0.6108
0.6086
0.6297999999999999
1.2473
0.878
1.1019
0.8428
0.3748
0.3409
0.314
0.30879999999999996
0.3811
0.7884
0.8013
0.5875
0.4252
0.5561
0.7106
0.8404
0.9651000000000001
0.9896
1.0366
0.9944999999999999
1.0067
1.2826
1.5186000000000002
0.8851
0.7574000000000001
0.7476
0.8029
0.806
0.7272
0.5376000000000001
0.38029999999999997
0.4881
0.4696
0.44630000000000003
0.45089999999999997
0.4544
0.49169999999999997
1.3431
1.3212000000000002
0.7894
0.6554
0.6955
0.7415
0.7702
0.8643000000000001
1.3846
1.2086999999999999
1.049
2.1007000000000002
2.6710000000000003
0.891
0.8357
0.8201
0.7487999999999999
0.5988
3.859
2.7424
0.48360000000000003
0.3884
0.3597
0.3805
0.4113
0.666
1.091
1.1389
0.9133
0.6265000000000001
0.5857
0.558
0.5677
0.6526000000000001
1.2366000000000001
1.8595
1.2368000000000001
1.0484
1.0387
1.1904
1.3694
1.082
0.8284
0.739
3.5655
3.1068
3.1250999999999998
3.0042999999999997
3.5284000000000004
1.4700000000000002
0.6141000000000001
0.3951
0.3684
0.3293
0.3735
0.4484
0.8775
1.9696000000000002
1.4292
2.5125
9.333300000000001
9.141300000000001
4.6240000000000006
1.7749
1.5895000000000001
1.3277999999999999
0.3558
0.3205
0.2953
0.2744
0.2474
0.21949999999999997
0.1939
0.1946
0.2217
0.2919
0.3449
0.5643
0.8121
0.5032
0.4104
0.4064
0.7432000000000001
1.2855999999999999
0.3127
0.32589999999999997
0.3725
0.43200000000000005
0.6173
0.544
2.755
0.7363999999999999
0.5956
0.5276
0.4718
0.4202
0.3433
0.5222
1.0093
0.7874
0.2505
0.1049
0.0935
0.09359999999999999
0.0876
0.0181
0.0106
0.034
0.1769
3.1899
1.8612000000000002
1.5691000000000002
1.1360999999999999
0.7729
0.5323
0.5428
0.5423
0.5445
0.5438000000000001
0.5732
0.6545
0.7047
0.7184
0.6864
0.6556
0.6416
0.6342
0.6214999999999999
0.6108
0.6086
0.6297999999999999
1.2473
0.878
1.1019
0.8428
0.3748
0.3409
0.314
0.30879999999999996
0.3811
0.7884
0.8013
0.5875
0.4252
0.5561
0.7106
0.8404
0.9651000000000001
0.9896
1.0366
0.9944999999999999
1.0067
1.2826
1.5186000000000002
0.8851
0.7574000000000001
0.7476
0.8029
0.806
0.7272
0.5376000000000001
0.38029999999999997
0.4881
0.4696
0.44630000000000003
0.45089999999999997
0.4544
0.49169999999999997
1.3431
1.3212000000000002
0.7894
0.6554
0.6955
0.7415
0.7702
0.8643000000000001
1.3846
1.2086999999999999
1.049
2.1007000000000002
2.6710000000000003
0.891
0.8357
0.8201
0.7487999999999999
0.5988
3.859
2.7424
0.48360000000000003
0.3884
0.3597
0.3805
0.4113
0.666
1.091
1.1389
0.9133
0.6265000000000001
0.5857
0.558
0.5677
0.6526000000000001
1.2366000000000001
1.8595
1.2368000000000001
1.0484
1.0387
1.1904
1.3694
1.082
0.8284
0.739
3.5655
3.1068
3.1250999999999998
3.0042999999999997
3.5284000000000004
1.4700000000000002
0.6141000000000001
0.3951
0.3684
0.3293
0.3735
0.4484
0.8775
1.9696000000000002
1.4292
2.5125
9.333300000000001
9.141300000000001
4.6240000000000006
1.7749
1.5895000000000001
1.3277999999999999
0.3558
0.3205
0.2953
0.2744
0.2474
0.21949999999999997
0.1939
0.1946
0.2217
0.2919
0.3449
0.5643
0.8121
0.5032
0.4104
0.4064
0.7432000000000001
1.2855999999999999
0.3127
0.32589999999999997
0.3725
0.43200000000000005
0.6173
0.544
2.755
0.7363999999999999
0.5956
0.5276
0.4718
0.4202
0.3433
0.5222
1.0093
0.7874
0.2505
0.1049
0.0935
0.09359999999999999
0.0876
0.0181
0.0106
0.034
0.1769
3.1899
1.8612000000000002
1.5691000000000002
1.1360999999999999
0.7729
0.5323
0.5428
0.5423
0.5445
0.5438000000000001
0.5732
0.6545
0.7047
0.7184
0.6864
0.6556
0.6416
0.6342
0.6214999999999999
0.6108
0.6086
0.6297999999999999
1.2473
0.878
1.1019
0.8428
0.3748
0.3409
0.314
0.30879999999999996
0.3811
0.7884
0.8013
0.5875
0.4252
0.5561
0.7106
0.8404
0.9651000000000001
0.9896
1.0366
0.9944999999999999
1.0067
1.2826
1.5186000000000002
0.8851
0.7574000000000001
0.7476
0.8029
0.806
0.7272
0.5376000000000001
0.38029999999999997
0.4881
0.4696
0.44630000000000003
0.45089999999999997
0.4544
0.49169999999999997
1.3431
1.3212000000000002
0.7894
0.6554
0.6955
0.7415
0.7702
0.8643000000000001
1.3846
1.2086999999999999
1.049
2.1007000000000002
2.6710000000000003
0.891
0.8357
0.8201
0.7487999999999999
0.5988
3.859
2.7424
0.48360000000000003
0.3884
0.3597
0.3805
0.4113
0.666
1.091
1.1389
0.9133
0.6265000000000001
0.5857
0.558
0.5677
0.6526000000000001
1.2366000000000001
1.8595
1.2368000000000001
1.0484
1.0387
1.1904
1.3694
1.082
0.8284
0.739
3.5655
3.1068
3.1250999999999998
3.0042999999999997
3.5284000000000004
1.4700000000000002
0.6141000000000001
0.3951
0.3684
0.3293
0.3735
0.4484
0.8775
1.9696000000000002
1.4292
2.5125
9.333300000000001
9.141300000000001
4.6240000000000006
1.7749
1.5895000000000001
1.3277999999999999
0.3558
0.3205
0.2953
0.2744
0.2474
0.21949999999999997
0.1939
0.1946
0.2217
0.2919
0.3449
0.5643
0.8121
0.5032
0.4104
0.4064
0.7432000000000001
1.2855999999999999
0.3127
0.32589999999999997
0.3725
0.43200000000000005
0.6173
0.544
2.755
0.7363999999999999
0.5956
0.5276
0.4718
0.4202
0.3433
0.5222
1.0093
0.7874
0.2505
0.1049
0.0935
0.09359999999999999
0.0876
0.0181
0.0106
0.034
0.1769
3.1899
1.8612000000000002
1.5691000000000002
1.1360999999999999
0.7729
0.5323
0.5428
0.5423
0.5445
0.5438000000000001
0.5732
0.6545
0.7047
0.7184
0.6864
0.6556
0.6416
0.6342
0.6214999999999999
0.6108
0.6086
0.6297999999999999
1.2473
0.878
1.1019
0.8428
0.3748
0.3409
0.314
0.30879999999999996
0.3811
0.7884
0.8013
0.5875
0.4252
0.5561
0.7106
0.8404
0.9651000000000001
0.9896
1.0366
0.9944999999999999
1.0067
1.2826
1.5186000000000002
0.8851
0.7574000000000001
0.7476
0.8029
0.806
0.7272
0.5376000000000001
0.38029999999999997
0.4881
0.4696
0.44630000000000003
0.45089999999999997
0.4544
0.49169999999999997
1.3431
1.3212000000000002
0.7894
0.6554
0.6955
0.7415
0.7702
0.8643000000000001
1.3846
1.2086999999999999
1.049
2.1007000000000002
2.6710000000000003
0.891
0.8357
0.8201
0.7487999999999999
0.5988
3.859
2.7424
0.48360000000000003
0.3884
0.3597
0.3805
0.4113
0.666
1.091
1.1389
0.9133
0.6265000000000001
0.5857
0.558
0.5677
0.6526000000000001
1.2366000000000001
1.8595
1.2368000000000001
1.0484
1.0387
1.1904
1.3694
1.082
0.8284
0.739
3.5655
3.1068
3.1250999999999998
3.0042999999999997
3.5284000000000004
1.4700000000000002
0.6141000000000001
0.3951
0.3684
0.3293
0.3735
0.4484
0.8775
1.9696000000000002
1.4292
2.5125
9.333300000000001
9.141300000000001
4.6240000000000006
1.7749
1.5895000000000001
1.3277999999999999
0.3558
0.3205
0.2953
0.2744
0.2474
0.21949999999999997
0.1939
0.1946
0.2217
0.2919
0.3449
0.5643
0.8121
0.5032
0.4104
0.4064
0.7432000000000001
1.2855999999999999
0.3127
0.32589999999999997
0.3725
0.43200000000000005
0.6173
0.544
0.38849999999999996
0.30779999999999996
0.26739999999999997
0.2456
0.22910000000000003
0.19790000000000002
0.18030000000000002
0.20179999999999998
0.1779
0.162
0.2218
0.9186000000000001
0.6678
0.4584
0.43320000000000003
0.4011
0.6603
0.9954000000000001
0.3922
0.44279999999999997
0.8098000000000001
0.7275
0.7874
1.2466
0.2283
0.21550000000000002
0.2126
0.2135
0.212
0.2349
0.3208
0.4697
0.8955
0.8682
0.5688
0.4496
0.45130000000000003
0.4254
0.43179999999999996
0.581
2.4362
0.9193
0.8284
0.7283
0.9171
1.0034
0.9682
1.4716
0.8703000000000001
1.4039000000000001
0.43610000000000004
0.2259
0.2652
0.3153
0.4004
0.2883
0.23020000000000002
0.1851
0.19090000000000001
0.2025
0.23520000000000002
0.2764
0.4581
0.6568
0.4918
0.6594
0.8456
1.6207
1.551
1.0535
1.3982
1.4811
0.2501
0.2986
0.3137
0.2812
0.296
0.2702
0.3687
0.0976
0.0048
0.0223
0.020900000000000002
0.028
0.0476
0.0435
0.0293
0.368
0.6154999999999999
0.0489
0.0557
0.062400000000000004
0.0658
0.049600000000000005
0.038099999999999995
0.0437
0.26180000000000003
0.2532
0.241
0.2445
0.24659999999999999
0.2751
0.3822
0.5892999999999999
0.9854
1.1678000000000002
0.9187
0.6219
0.5005
0.48140000000000005
0.5127
0.8351999999999999
1.5512000000000001
1.579
1.5997999999999999
0.8833
0.8496
0.5448999999999999
0.352
0.2742
0.2972
0.3044
0.2919
0.2691
0.2582
0.25329999999999997
0.3238
1.3300999999999998
0.5692
0.18830000000000002
0.0858
0.0592
0.059300000000000005
0.0469
0.056
0.07250000000000001
0.0938
0.1749
1.1818
0.6009
0.3201
0.2271
0.16670000000000001
0.2097
0.5423
0.4617
0.4688
0.4972
0.4439
0.45030000000000003
0.2227
0.0164
0.0348
0.0649
0.07619999999999999
0.1011
0.14350000000000002
0.0887
0.0636
0.030399999999999996
0.46549999999999997
0.034499999999999996
0.0948
0.13
0.1139
0.0797
0.0669
0.1386
0.38849999999999996
0.30779999999999996
0.26739999999999997
0.2456
0.22910000000000003
0.19790000000000002
0.18030000000000002
0.20179999999999998
0.1779
0.162
0.2218
0.9186000000000001
0.6678
0.4584
0.43320000000000003
0.4011
0.6603
0.9954000000000001
0.3922
0.44279999999999997
0.8098000000000001
0.7275
0.7874
1.2466
0.2283
0.21550000000000002
0.2126
0.2135
0.212
0.2349
0.3208
0.4697
0.8955
0.8682
0.5688
0.4496
0.45130000000000003
0.4254
0.43179999999999996
0.581
2.4362
0.9193
0.8284
0.7283
0.9171
1.0034
0.9682
1.4716
0.8703000000000001
1.4039000000000001
0.43610000000000004
0.2259
0.2652
0.3153
0.4004
0.2883
0.23020000000000002
0.1851
0.19090000000000001
0.2025
0.23520000000000002
0.2764
0.4581
0.6568
0.4918
0.6594
0.8456
1.6207
1.551
1.0535
1.3982
1.4811
0.2501
0.2986
0.3137
0.2812
0.296
0.2702
0.3687
0.0976
0.0048
0.0223
0.020900000000000002
0.028
0.0476
0.0435
0.0293
0.368
0.6154999999999999
0.0489
0.0557
0.062400000000000004
0.0658
0.049600000000000005
0.038099999999999995
0.0437
0.26180000000000003
0.2532
0.241
0.2445
0.24659999999999999
0.2751
0.3822
0.5892999999999999
0.9854
1.1678000000000002
0.9187
0.6219
0.5005
0.48140000000000005
0.5127
0.8351999999999999
1.5512000000000001
1.579
1.5997999999999999
0.8833
0.8496
0.5448999999999999
0.352
0.2742
0.2972
0.3044
0.2919
0.2691
0.2582
0.25329999999999997
0.3238
1.3300999999999998
0.5692
0.18830000000000002
0.0858
0.0592
0.059300000000000005
0.0469
0.056
0.07250000000000001
0.0938
0.1749
1.1818
0.6009
0.3201
0.2271
0.16670000000000001
0.2097
0.5423
0.4617
0.4688
0.4972
0.4439
0.45030000000000003
0.2227
0.0164
0.0348
0.0649
0.07619999999999999
0.1011
0.14350000000000002
0.0887
0.0636
0.030399999999999996
0.46549999999999997
0.034499999999999996
0.0948
0.13
0.1139
0.0797
0.0669
0.1386
0.38849999999999996
0.30779999999999996
0.26739999999999997
0.2456
0.22910000000000003
0.19790000000000002
0.18030000000000002
0.20179999999999998
0.1779
0.162
0.2218
0.9186000000000001
0.6678
0.4584
0.43320000000000003
0.4011
0.6603
0.9954000000000001
0.3922
0.44279999999999997
0.8098000000000001
0.7275
0.7874
1.2466
0.2283
0.21550000000000002
0.2126
0.2135
0.212
0.2349
0.3208
0.4697
0.8955
0.8682
0.5688
0.4496
0.45130000000000003
0.4254
0.43179999999999996
0.581
2.4362
0.9193
0.8284
0.7283
0.9171
1.0034
0.9682
1.4716
0.8703000000000001
1.4039000000000001
0.43610000000000004
0.2259
0.2652
0.3153
0.4004
0.2883
0.23020000000000002
0.1851
0.19090000000000001
0.2025
0.23520000000000002
0.2764
0.4581
0.6568
0.4918
0.6594
0.8456
1.6207
1.551
1.0535
1.3982
1.4811
0.2501
0.2986
0.3137
0.2812
0.296
0.2702
0.3687
0.0976
0.0048
0.0223
0.020900000000000002
0.028
0.0476
0.0435
0.0293
0.368
0.6154999999999999
0.0489
0.0557
0.062400000000000004
0.0658
0.049600000000000005
0.038099999999999995
0.0437
0.26180000000000003
0.2532
0.241
0.2445
0.24659999999999999
0.2751
0.3822
0.5892999999999999
0.9854
1.1678000000000002
0.9187
0.6219
0.5005
0.48140000000000005
0.5127
0.8351999999999999
1.5512000000000001
1.579
1.5997999999999999
0.8833
0.8496
0.5448999999999999
0.352
0.2742
0.2972
0.3044
0.2919
0.2691
0.2582
0.25329999999999997
0.3238
1.3300999999999998
0.5692
0.18830000000000002
0.0858
0.0592
0.059300000000000005
0.0469
0.056
0.07250000000000001
0.0938
0.1749
1.1818
0.6009
0.3201
0.2271
0.16670000000000001
0.2097
0.5423
0.4617
0.4688
0.4972
0.4439
0.45030000000000003
0.2227
0.0164
0.0348
0.0649
0.07619999999999999
0.1011
0.14350000000000002
0.0887
0.0636
0.030399999999999996
0.46549999999999997
0.034499999999999996
0.0948
0.13
0.1139
0.0797
0.0669
0.1386
0.38849999999999996
0.30779999999999996
0.26739999999999997
0.2456
0.22910000000000003
0.19790000000000002
0.18030000000000002
0.20179999999999998
0.1779
0.162
0.2218
0.9186000000000001
0.6678
0.4584
0.43320000000000003
0.4011
0.6603
0.9954000000000001
0.3922
0.44279999999999997
0.8098000000000001
0.7275
0.7874
1.2466
0.2283
0.21550000000000002
0.2126
0.2135
0.212
0.2349
0.3208
0.4697
0.8955
0.8682
0.5688
0.4496
0.45130000000000003
0.4254
0.43179999999999996
0.581
2.4362
0.9193
0.8284
0.7283
0.9171
1.0034
0.9682
1.4716
0.8703000000000001
1.4039000000000001
0.43610000000000004
0.2259
0.2652
0.3153
0.4004
0.2883
0.23020000000000002
0.1851
0.19090000000000001
0.2025
0.23520000000000002
0.2764
0.4581
0.6568
0.4918
0.6594
0.8456
1.6207
1.551
1.0535
1.3982
1.4811
0.2501
0.2986
0.3137
0.2812
0.296
0.2702
0.3687
0.0976
0.0048
0.0223
0.020900000000000002
0.028
0.0476
0.0435
0.0293
0.368
0.6154999999999999
0.0489
0.0557
0.062400000000000004
0.0658
0.049600000000000005
0.038099999999999995
0.0437
0.26180000000000003
0.2532
0.241
0.2445
0.24659999999999999
0.2751
0.3822
0.5892999999999999
0.9854
1.1678000000000002
0.9187
0.6219
0.5005
0.48140000000000005
0.5127
0.8351999999999999
1.5512000000000001
1.579
1.5997999999999999
0.8833
0.8496
0.5448999999999999
0.352
0.2742
0.2972
0.3044
0.2919
0.2691
0.2582
0.25329999999999997
0.3238
1.3300999999999998
0.5692
0.18830000000000002
0.0858
0.0592
0.059300000000000005
0.0469
0.056
0.07250000000000001
0.0938
0.1749
1.1818
0.6009
0.3201
0.2271
0.16670000000000001
0.2097
0.5423
0.4617
0.4688
0.4972
0.4439
0.45030000000000003
0.2227
0.0164
0.0348
0.0649
0.07619999999999999
0.1011
0.14350000000000002
0.0887
0.0636
0.030399999999999996
0.46549999999999997
0.034499999999999996
0.0948
0.13
0.1139
0.0797
0.0669
0.1386
0.38849999999999996
0.30779999999999996
0.26739999999999997
0.2456
0.22910000000000003
0.19790000000000002
0.18030000000000002
0.20179999999999998
0.1779
0.162
0.2218
0.9186000000000001
0.6678
0.4584
0.43320000000000003
0.4011
0.6603
0.9954000000000001
0.3922
0.44279999999999997
0.8098000000000001
0.7275
0.7874
1.2466
0.2283
0.21550000000000002
0.2126
0.2135
0.212
0.2349
0.3208
0.4697
0.8955
0.8682
0.5688
0.4496
0.45130000000000003
0.4254
0.43179999999999996
0.581
2.4362
0.9193
0.8284
0.7283
0.9171
1.0034
0.9682
1.4716
0.8703000000000001
1.4039000000000001
0.43610000000000004
0.2259
0.2652
0.3153
0.4004
0.2883
0.23020000000000002
0.1851
0.19090000000000001
0.2025
0.23520000000000002
0.2764
0.4581
0.6568
0.4918
0.6594
0.8456
1.6207
1.551
1.0535
1.3982
1.4811
0.0183
0.0314
0.0422
0.0411
0.0505
0.0819
0.1461
0.1129
0.13369999999999999
0.15660000000000002
0.1498
0.1461
0.23020000000000002
0.1888
0.1335
0.1153
0.3166
0.1745
0.033100000000000004
0.2414
0.7165
0.0
0.0
0.012
0.5267
0.5297
0.5046999999999999
0.492
0.49060000000000004
0.5066999999999999
0.8017000000000001
1.5733000000000001
0.42969999999999997
0.4056
0.3698
0.368
0.3581
0.3528
0.37429999999999997
0.3973
1.7045
0.607
0.7075
0.9125
0.9334
0.8408
0.8258000000000001
2.6265
0.4078
0.1407
0.119
0.0605
0.0736
0.1747
0.39959999999999996
0.0879
0.0638
0.0568
0.0492
0.0619
0.0714
0.073
0.0732
0.1876
0.0885
0.0891
0.0911
0.1512
0.3336
0.17020000000000002
0.0903
1.0091999999999999
0.1533
0.1483
0.1399
0.14200000000000002
0.14529999999999998
0.1588
0.1956
0.33740000000000003
0.8197
0.3382
0.2232
0.2365
0.2668
0.3385
0.4
0.3932
0.7699
1.5977000000000001
0.9140999999999999
0.35
0.3422
0.3425
0.2643
0.2084
1.6227
1.3448000000000002
0.8665
0.5133
0.4517
0.5637
1.4888000000000001
1.1678
0.15059999999999998
0.027999999999999997
0.0276
0.0364
0.0375
0.037599999999999995
0.0566
0.0332
1.5779
0.4089
0.4971
0.7088000000000001
0.7049000000000001
0.5523
0.4242
1.2725
0.28659999999999997
0.2849
0.2637
0.26639999999999997
0.248
0.2268
0.1603
1.3497999999999999
1.1446
0.5336
0.3157
0.2363
0.17820000000000003
0.1351
0.1291
0.1232
0.1635
0.5215
0.906
0.5226999999999999
0.49379999999999996
0.3851
0.2821
0.2815
0.8912
0.3791
0.39570000000000005
0.323
0.24080000000000001
0.12229999999999999
0.0645
0.0501
0.0786
0.0665
0.0695
0.1207
0.3625
0.0836
0.0631
0.6386
0.3569
0.0722
0.030100000000000002
0.0105
0.0267
0.039
0.1684
0.3039
0.0183
0.0314
0.0422
0.0411
0.0505
0.0819
0.1461
0.1129
0.13369999999999999
0.15660000000000002
0.1498
0.1461
0.23020000000000002
0.1888
0.1335
0.1153
0.3166
0.1745
0.033100000000000004
0.2414
0.7165
0.0
0.0
0.012
0.5267
0.5297
0.5046999999999999
0.492
0.49060000000000004
0.5066999999999999
0.8017000000000001
1.5733000000000001
0.42969999999999997
0.4056
0.3698
0.368
0.3581
0.3528
0.37429999999999997
0.3973
1.7045
0.607
0.7075
0.9125
0.9334
0.8408
0.8258000000000001
2.6265
0.4078
0.1407
0.119
0.0605
0.0736
0.1747
0.39959999999999996
0.0879
0.0638
0.0568
0.0492
0.0619
0.0714
0.073
0.0732
0.1876
0.0885
0.0891
0.0911
0.1512
0.3336
0.17020000000000002
0.0903
1.0091999999999999
0.1533
0.1483
0.1399
0.14200000000000002
0.14529999999999998
0.1588
0.1956
0.33740000000000003
0.8197
0.3382
0.2232
0.2365
0.2668
0.3385
0.4
0.3932
0.7699
1.5977000000000001
0.9140999999999999
0.35
0.3422
0.3425
0.2643
0.2084
1.6227
1.3448000000000002
0.8665
0.5133
0.4517
0.5637
1.4888000000000001
1.1678
0.15059999999999998
0.027999999999999997
0.0276
0.0364
0.0375
0.037599999999999995
0.0566
0.0332
1.5779
0.4089
0.4971
0.7088000000000001
0.7049000000000001
0.5523
0.4242
1.2725
0.28659999999999997
0.2849
0.2637
0.26639999999999997
0.248
0.2268
0.1603
1.3497999999999999
1.1446
0.5336
0.3157
0.2363
0.17820000000000003
0.1351
0.1291
0.1232
0.1635
0.5215
0.906
0.5226999999999999
0.49379999999999996
0.3851
0.2821
0.2815
0.8912
0.3791
0.39570000000000005
0.323
0.24080000000000001
0.12229999999999999
0.0645
0.0501
0.0786
0.0665
0.0695
0.1207
0.3625
0.0836
0.0631
0.6386
0.3569
0.0722
0.030100000000000002
0.0105
0.0267
0.039
0.1684
0.3039
0.0183
0.0314
0.0422
0.0411
0.0505
0.0819
0.1461
0.1129
0.13369999999999999
0.15660000000000002
0.1498
0.1461
0.23020000000000002
0.1888
0.1335
0.1153
0.3166
0.1745
0.033100000000000004
0.2414
0.7165
0.0
0.0
0.012
0.5267
0.5297
0.5046999999999999
0.492
0.49060000000000004
0.5066999999999999
0.8017000000000001
1.5733000000000001
0.42969999999999997
0.4056
0.3698
0.368
0.3581
0.3528
0.37429999999999997
0.3973
1.7045
0.607
0.7075
0.9125
0.9334
0.8408
0.8258000000000001
2.6265
0.4078
0.1407
0.119
0.0605
0.0736
0.1747
0.39959999999999996
0.0879
0.0638
0.0568
0.0492
0.0619
0.0714
0.073
0.0732
0.1876
0.0885
0.0891
0.0911
0.1512
0.3336
0.17020000000000002
0.0903
1.0091999999999999
0.1533
0.1483
0.1399
0.14200000000000002
0.14529999999999998
0.1588
0.1956
0.33740000000000003
0.8197
0.3382
0.2232
0.2365
0.2668
0.3385
0.4
0.3932
0.7699
1.5977000000000001
0.9140999999999999
0.35
0.3422
0.3425
0.2643
0.2084
1.6227
1.3448000000000002
0.8665
0.5133
0.4517
0.5637
1.4888000000000001
1.1678
0.15059999999999998
0.027999999999999997
0.0276
0.0364
0.0375
0.037599999999999995
0.0566
0.0332
1.5779
0.4089
0.4971
0.7088000000000001
0.7049000000000001
0.5523
0.4242
1.2725
0.28659999999999997
0.2849
0.2637
0.26639999999999997
0.248
0.2268
0.1603
1.3497999999999999
1.1446
0.5336
0.3157
0.2363
0.17820000000000003
0.1351
0.1291
0.1232
0.1635
0.5215
0.906
0.5226999999999999
0.49379999999999996
0.3851
0.2821
0.2815
0.8912
0.3791
0.39570000000000005
0.323
0.24080000000000001
0.12229999999999999
0.0645
0.0501
0.0786
0.0665
0.0695
0.1207
0.3625
0.0836
0.0631
0.6386
0.3569
0.0722
0.030100000000000002
0.0105
0.0267
0.039
0.1684
0.3039
0.0183
0.0314
0.0422
0.0411
0.0505
0.0819
0.1461
0.1129
0.13369999999999999
0.15660000000000002
0.1498
0.1461
0.23020000000000002
0.1888
0.1335
0.1153
0.3166
0.1745
0.033100000000000004
0.2414
0.7165
0.0
0.0
0.012
0.5267
0.5297
0.5046999999999999
0.492
0.49060000000000004
0.5066999999999999
0.8017000000000001
1.5733000000000001
0.42969999999999997
0.4056
0.3698
0.368
0.3581
0.3528
0.37429999999999997
0.3973
1.7045
0.607
0.7075
0.9125
0.9334
0.8408
0.8258000000000001
2.6265
0.4078
0.1407
0.119
0.0605
0.0736
0.1747
0.39959999999999996
0.0879
0.0638
0.0568
0.0492
0.0619
0.0714
0.073
0.0732
0.1876
0.0885
0.0891
0.0911
0.1512
0.3336
0.17020000000000002
0.0903
1.0091999999999999
0.1533
0.1483
0.1399
0.14200000000000002
0.14529999999999998
0.1588
0.1956
0.33740000000000003
0.8197
0.3382
0.2232
0.2365
0.2668
0.3385
0.4
0.3932
0.7699
1.5977000000000001
0.9140999999999999
0.35
0.3422
0.3425
0.2643
0.2084
1.6227
1.3448000000000002
0.8665
0.5133
0.4517
0.5637
1.4888000000000001
1.1678
0.15059999999999998
0.027999999999999997
0.0276
0.0364
0.0375
0.037599999999999995
0.0566
0.0332
1.5779
0.4089
0.4971
0.7088000000000001
0.7049000000000001
0.5523
0.4242
1.2725
0.28659999999999997
0.2849
0.2637
0.26639999999999997
0.248
0.2268
0.1603
1.3497999999999999
1.1446
0.5336
0.3157
0.2363
0.17820000000000003
0.1351
0.1291
0.1232
0.1635
0.5215
0.906
0.5226999999999999
0.49379999999999996
0.3851
0.2821
0.2815
0.8912
0.3791
0.39570000000000005
0.323
0.24080000000000001
0.12229999999999999
0.0645
0.0501
0.0786
0.0665
0.0695
0.1207
0.3625
0.0836
0.0631
0.6386
0.3569
0.0722
0.030100000000000002
0.0105
0.0267
0.039
0.1684
0.3039
0.0183
0.0314
0.0422
0.0411
0.0505
0.0819
0.1461
0.1129
0.13369999999999999
0.15660000000000002
0.1498
0.1461
0.23020000000000002
0.1888
0.1335
0.1153
0.3166
0.1745
0.033100000000000004
0.2414
0.7165
0.0
0.0
0.012
0.5267
0.5297
0.5046999999999999
0.492
0.49060000000000004
0.5066999999999999
0.8017000000000001
1.5733000000000001
0.42969999999999997
0.4056
0.3698
0.368
0.3581
0.3528
0.37429999999999997
0.3973
1.7045
0.607
0.7075
0.9125
0.9334
0.8408
0.8258000000000001
2.6265
0.0805
0.07780000000000001
0.08779999999999999
0.084
0.0866
0.1017
0.12010000000000001
0.2071
0.2508
1.2826
0.548
0.4135
0.4304
1.3471000000000002
0.966
0.32020000000000004
0.312
0.4013
0.4444
0.474
0.3724
0.1809
0.09340000000000001
0.08399999999999999
0.454
0.1736
0.177
0.1379
0.1331
0.13779999999999998
0.1918
0.2071
0.2474
0.2309
0.2397
0.295
0.6736
3.0836
1.1876
0.3636
0.3998
0.4677
2.289
0.7545
0.5885
4.1312999999999995
2.7904999999999998
6.030900000000001
0.7637
0.8153
0.9556
1.1145
1.0133
0.37670000000000003
0.3096
0.4768
0.5966
0.6657
0.7592
0.8528
0.8479
0.9089
0.7443
0.38280000000000003
0.3094
0.2903
0.30179999999999996
0.4031
0.4596
0.42969999999999997
0.3238
0.2537
0.7886
0.5631999999999999
0.4253
0.3437
0.2922
0.3076
0.4051
0.4154
0.1918
0.13829999999999998
0.1169
0.1194
0.1059
0.0973
0.1037
0.1523
0.6545000000000001
0.19330000000000003
0.1716
0.1738
0.17659999999999998
0.16649999999999998
0.1628
2.2933
8.614
6.975099999999999
7.483499999999999
2.3034
0.42510000000000003
0.5769
0.8541
0.8644000000000001
0.6768000000000001
0.6976
1.0325
1.9456000000000002
0.9830000000000001
0.368
0.2858
0.2583
0.353
0.6885
0.3187
0.3647
0.37329999999999997
0.3323
0.27140000000000003
3.068
4.7041
6.0366
4.952500000000001
1.9838
0.4433
0.8967
0.9178000000000001
0.0465
0.07819999999999999
0.1003
0.08149999999999999
0.0534
0.051199999999999996
0.0087
0.0213
0.050699999999999995
0.11080000000000001
0.12480000000000001
0.1495
0.3779
0.5391
2.152
4.607
3.8299
0.1436
0.1191
0.1419
0.14639999999999997
0.12919999999999998
0.1466
0.2693
0.19840000000000002
0.07239999999999999
0.023100000000000002
0.013000000000000001
0.0028
0.0019
0.0062
0.0349
0.3512
0.3087
0.06609999999999999
0.2597
1.1873
0.5824
0.0
0.0
0.0
0.0805
0.07780000000000001
0.08779999999999999
0.084
0.0866
0.1017
0.12010000000000001
0.2071
0.2508
1.2826
0.548
0.4135
0.4304
1.3471000000000002
0.966
0.32020000000000004
0.312
0.4013
0.4444
0.474
0.3724
0.1809
0.09340000000000001
0.08399999999999999
0.454
0.1736
0.177
0.1379
0.1331
0.13779999999999998
0.1918
0.2071
0.2474
0.2309
0.2397
0.295
0.6736
3.0836
1.1876
0.3636
0.3998
0.4677
2.289
0.7545
0.5885
4.1312999999999995
2.7904999999999998
6.030900000000001
0.7637
0.8153
0.9556
1.1145
1.0133
0.37670000000000003
0.3096
0.4768
0.5966
0.6657
0.7592
0.8528
0.8479
0.9089
0.7443
0.38280000000000003
0.3094
0.2903
0.30179999999999996
0.4031
0.4596
0.42969999999999997
0.3238
0.2537
0.7886
0.5631999999999999
0.4253
0.3437
0.2922
0.3076
0.4051
0.4154
0.1918
0.13829999999999998
0.1169
0.1194
0.1059
0.0973
0.1037
0.1523
0.6545000000000001
0.19330000000000003
0.1716
0.1738
0.17659999999999998
0.16649999999999998
0.1628
2.2933
8.614
6.975099999999999
7.483499999999999
2.3034
0.42510000000000003
0.5769
0.8541
0.8644000000000001
0.6768000000000001
0.6976
1.0325
1.9456000000000002
0.9830000000000001
0.368
0.2858
0.2583
0.353
0.6885
0.3187
0.3647
0.37329999999999997
0.3323
0.27140000000000003
3.068
4.7041
6.0366
4.952500000000001
1.9838
0.4433
0.8967
0.9178000000000001
0.0465
0.07819999999999999
0.1003
0.08149999999999999
0.0534
0.051199999999999996
0.0087
0.0213
0.050699999999999995
0.11080000000000001
0.12480000000000001
0.1495
0.3779
0.5391
2.152
4.607
3.8299
0.1436
0.1191
0.1419
0.14639999999999997
0.12919999999999998
0.1466
0.2693
0.19840000000000002
0.07239999999999999
0.023100000000000002
0.013000000000000001
0.0028
0.0019
0.0062
0.0349
0.3512
0.3087
0.06609999999999999
0.2597
1.1873
0.5824
0.0
0.0
0.0
0.0805
0.07780000000000001
0.08779999999999999
0.084
0.0866
0.1017
0.12010000000000001
0.2071
0.2508
1.2826
0.548
0.4135
0.4304
1.3471000000000002
0.966
0.32020000000000004
0.312
0.4013
0.4444
0.474
0.3724
0.1809
0.09340000000000001
0.08399999999999999
0.454
0.1736
0.177
0.1379
0.1331
0.13779999999999998
0.1918
0.2071
0.2474
0.2309
0.2397
0.295
0.6736
3.0836
1.1876
0.3636
0.3998
0.4677
2.289
0.7545
0.5885
4.1312999999999995
2.7904999999999998
6.030900000000001
0.7637
0.8153
0.9556
1.1145
1.0133
0.37670000000000003
0.3096
0.4768
0.5966
0.6657
0.7592
0.8528
0.8479
0.9089
0.7443
0.38280000000000003
0.3094
0.2903
0.30179999999999996
0.4031
0.4596
0.42969999999999997
0.3238
0.2537
0.7886
0.5631999999999999
0.4253
0.3437
0.2922
0.3076
0.4051
0.4154
0.1918
0.13829999999999998
0.1169
0.1194
0.1059
0.0973
0.1037
0.1523
0.6545000000000001
0.19330000000000003
0.1716
0.1738
0.17659999999999998
0.16649999999999998
0.1628
2.2933
8.614
6.975099999999999
7.483499999999999
2.3034
0.42510000000000003
0.5769
0.8541
0.8644000000000001
0.6768000000000001
0.6976
1.0325
1.9456000000000002
0.9830000000000001
0.368
0.2858
0.2583
0.353
0.6885
0.3187
0.3647
0.37329999999999997
0.3323
0.27140000000000003
3.068
4.7041
6.0366
4.952500000000001
1.9838
0.4433
0.8967
0.9178000000000001
0.0465
0.07819999999999999
0.1003
0.08149999999999999
0.0534
0.051199999999999996
0.0087
0.0213
0.050699999999999995
0.11080000000000001
0.12480000000000001
0.1495
0.3779
0.5391
2.152
4.607
3.8299
0.1436
0.1191
0.1419
0.14639999999999997
0.12919999999999998
0.1466
0.2693
0.19840000000000002
0.07239999999999999
0.023100000000000002
0.013000000000000001
0.0028
0.0019
0.0062
0.0349
0.3512
0.3087
0.06609999999999999
0.2597
1.1873
0.5824
0.0
0.0
0.0
0.0805
0.07780000000000001
0.08779999999999999
0.084
0.0866
0.1017
0.12010000000000001
0.2071
0.2508
1.2826
0.548
0.4135
0.4304
1.3471000000000002
0.966
0.32020000000000004
0.312
0.4013
0.4444
0.474
0.3724
0.1809
0.09340000000000001
0.08399999999999999
0.454
0.1736
0.177
0.1379
0.1331
0.13779999999999998
0.1918
0.2071
0.2474
0.2309
0.2397
0.295
0.6736
3.0836
1.1876
0.3636
0.3998
0.4677
2.289
0.7545
0.5885
4.1312999999999995
2.7904999999999998
6.030900000000001
0.7637
0.8153
0.9556
1.1145
1.0133
0.37670000000000003
0.3096
0.4768
0.5966
0.6657
0.7592
0.8528
0.8479
0.9089
0.7443
0.38280000000000003
0.3094
0.2903
0.30179999999999996
0.4031
0.4596
0.42969999999999997
0.3238
0.2537
0.7886
0.5631999999999999
0.4253
0.3437
0.2922
0.3076
0.4051
0.4154
0.1918
0.13829999999999998
0.1169
0.1194
0.1059
0.0973
0.1037
0.1523
0.6545000000000001
0.19330000000000003
0.1716
0.1738
0.17659999999999998
0.16649999999999998
0.1628
2.2933
8.614
6.975099999999999
7.483499999999999
2.3034
0.42510000000000003
0.5769
0.8541
0.8644000000000001
0.6768000000000001
0.6976
1.0325
1.9456000000000002
0.9830000000000001
0.368
0.2858
0.2583
0.353
0.6885
0.3187
0.3647
0.37329999999999997
0.3323
0.27140000000000003
3.068
4.7041
6.0366
4.952500000000001
1.9838
0.4433
0.8967
0.9178000000000001
0.0465
0.07819999999999999
0.1003
0.08149999999999999
0.0534
0.051199999999999996
0.0087
0.0213
0.050699999999999995
0.11080000000000001
0.12480000000000001
0.1495
0.3779
0.5391
2.152
4.607
3.8299
0.1436
0.1191
0.1419
0.14639999999999997
0.12919999999999998
0.1466
0.2693
0.19840000000000002
0.07239999999999999
0.023100000000000002
0.013000000000000001
0.0028
0.0019
0.0062
0.0349
0.3512
0.3087
0.06609999999999999
0.2597
1.1873
0.5824
0.0
0.0
0.0
0.0805
0.07780000000000001
0.08779999999999999
0.084
0.0866
0.1017
0.12010000000000001
0.2071
0.2508
1.2826
0.548
0.4135
0.4304
1.3471000000000002
0.966
0.32020000000000004
0.312
0.4013
0.4444
0.474
0.3724
0.1809
0.09340000000000001
0.08399999999999999
0.454
0.1736
0.177
0.1379
0.1331
0.13779999999999998
0.1918
0.2071
0.2474
0.2309
0.2397
0.295
0.6736
3.0836
1.1876
0.3636
0.3998
0.4677
2.289
0.7545
0.5885
4.1312999999999995
2.7904999999999998
6.030900000000001
0.7637
0.8153
0.9556
1.1145
1.0133
0.37670000000000003
0.3096
0.4768
0.5966
0.6657
0.7592
0.8528
0.8479
0.9089
0.7443
0.38280000000000003
0.3094
0.2903
0.30179999999999996
0.4031
0.4596
0.42969999999999997
0.3238
0.2537
0.36119999999999997
0.3734
0.34650000000000003
0.3375
0.3498
0.37070000000000003
0.4115
0.3524
0.2782
0.2449
0.2495
0.38870000000000005
0.3558
0.3117
0.36729999999999996
0.4313
1.6762000000000001
1.5979
0.6074999999999999
0.48160000000000003
0.5169
0.5392
0.4873
0.4546
0.1216
0.1203
0.11549999999999999
0.1081
0.1069
0.0969
0.0837
0.08560000000000001
0.0583
0.0733
0.09620000000000001
0.3412
0.3674
0.31820000000000004
0.3748
0.2021
0.2388
0.6325000000000001
0.4951
0.7862
0.9077
0.5029
0.1324
0.1246
6.3688
5.6774
2.9348
0.9109
0.7093
0.8079000000000001
0.9741
1.0159
0.9886
0.9994999999999999
0.9667
0.982
0.9484
0.8756999999999999
0.8251
0.8877
1.9217
1.5416
1.3784999999999998
1.6444
2.609
2.7561999999999998
1.4074
7.6861
0.0147
0.0
0.0
0.0
0.0
0.0549
0.1101
0.13
0.1242
0.0002
0.1144
0.7017
2.0719
8.9682
3.0289
0.2554
0.0687
0.0
2.8286
0.7542
5.130699999999999
0.7118
0.0
0.0
2.1867
0.6126
0.4442
0.38970000000000005
0.411
0.4219
0.47609999999999997
0.6383
0.9593
1.2261000000000002
1.3992
1.823
2.3112
2.3198
2.2699
2.4242
1.9218
1.9344000000000001
2.3139
2.6255
2.4653
2.5206
2.4548
6.3241
7.6864
4.0745000000000005
8.9825
0.7472
0.765
0.3247
0.12179999999999999
0.0844
0.0118
0.0096
0.0221
0.0522
0.0036
0.0
0.0
0.0
0.0002
1.5141
0.8723
0.3533
0.3053
0.4067
0.39180000000000004
0.5246999999999999
0.3276
0.2839
0.2611
0.2475
0.24609999999999999
0.25370000000000004
0.2487
0.2761
0.2781
0.3101
0.3182
0.3042
0.3015
0.3004
0.33599999999999997
0.7191
0.4788
0.538
1.0265
1.8765
1.1905000000000001
1.1331
1.0854
1.6653000000000002
0.36119999999999997
0.3734
0.34650000000000003
0.3375
0.3498
0.37070000000000003
0.4115
0.3524
0.2782
0.2449
0.2495
0.38870000000000005
0.3558
0.3117
0.36729999999999996
0.4313
1.6762000000000001
1.5979
0.6074999999999999
0.48160000000000003
0.5169
0.5392
0.4873
0.4546
0.1216
0.1203
0.11549999999999999
0.1081
0.1069
0.0969
0.0837
0.08560000000000001
0.0583
0.0733
0.09620000000000001
0.3412
0.3674
0.31820000000000004
0.3748
0.2021
0.2388
0.6325000000000001
0.4951
0.7862
0.9077
0.5029
0.1324
0.1246
6.3688
5.6774
2.9348
0.9109
0.7093
0.8079000000000001
0.9741
1.0159
0.9886
0.9994999999999999
0.9667
0.982
0.9484
0.8756999999999999
0.8251
0.8877
1.9217
1.5416
1.3784999999999998
1.6444
2.609
2.7561999999999998
1.4074
7.6861
0.0147
0.0
0.0
0.0
0.0
0.0549
0.1101
0.13
0.1242
0.0002
0.1144
0.7017
2.0719
8.9682
3.0289
0.2554
0.0687
0.0
2.8286
0.7542
5.130699999999999
0.7118
0.0
0.0
2.1867
0.6126
0.4442
0.38970000000000005
0.411
0.4219
0.47609999999999997
0.6383
0.9593
1.2261000000000002
1.3992
1.823
2.3112
2.3198
2.2699
2.4242
1.9218
1.9344000000000001
2.3139
2.6255
2.4653
2.5206
2.4548
6.3241
7.6864
4.0745000000000005
8.9825
0.7472
0.765
0.3247
0.12179999999999999
0.0844
0.0118
0.0096
0.0221
0.0522
0.0036
0.0
0.0
0.0
0.0002
1.5141
0.8723
0.3533
0.3053
0.4067
0.39180000000000004
0.5246999999999999
0.3276
0.2839
0.2611
0.2475
0.24609999999999999
0.25370000000000004
0.2487
0.2761
0.2781
0.3101
0.3182
0.3042
0.3015
0.3004
0.33599999999999997
0.7191
0.4788
0.538
1.0265
1.8765
1.1905000000000001
1.1331
1.0854
1.6653000000000002
0.36119999999999997
0.3734
0.34650000000000003
0.3375
0.3498
0.37070000000000003
0.4115
0.3524
0.2782
0.2449
0.2495
0.38870000000000005
0.3558
0.3117
0.36729999999999996
0.4313
1.6762000000000001
1.5979
0.6074999999999999
0.48160000000000003
0.5169
0.5392
0.4873
0.4546
0.1216
0.1203
0.11549999999999999
0.1081
0.1069
0.0969
0.0837
0.08560000000000001
0.0583
0.0733
0.09620000000000001
0.3412
0.3674
0.31820000000000004
0.3748
0.2021
0.2388
0.6325000000000001
0.4951
0.7862
0.9077
0.5029
0.1324
0.1246
6.3688
5.6774
2.9348
0.9109
0.7093
0.8079000000000001
0.9741
1.0159
0.9886
0.9994999999999999
0.9667
0.982
0.9484
0.8756999999999999
0.8251
0.8877
1.9217
1.5416
1.3784999999999998
1.6444
2.609
2.7561999999999998
1.4074
7.6861
0.0147
0.0
0.0
0.0
0.0
0.0549
0.1101
0.13
0.1242
0.0002
0.1144
0.7017
2.0719
8.9682
3.0289
0.2554
0.0687
0.0
2.8286
0.7542
5.130699999999999
0.7118
0.0
0.0
2.1867
0.6126
0.4442
0.38970000000000005
0.411
0.4219
0.47609999999999997
0.6383
0.9593
1.2261000000000002
1.3992
1.823
2.3112
2.3198
2.2699
2.4242
1.9218
1.9344000000000001
2.3139
2.6255
2.4653
2.5206
2.4548
6.3241
7.6864
4.0745000000000005
8.9825
0.7472
0.765
0.3247
0.12179999999999999
0.0844
0.0118
0.0096
0.0221
0.0522
0.0036
0.0
0.0
0.0
0.0002
1.5141
0.8723
0.3533
0.3053
0.4067
0.39180000000000004
0.5246999999999999
0.3276
0.2839
0.2611
0.2475
0.24609999999999999
0.25370000000000004
0.2487
0.2761
0.2781
0.3101
0.3182
0.3042
0.3015
0.3004
0.33599999999999997
0.7191
0.4788
0.538
1.0265
1.8765
1.1905000000000001
1.1331
1.0854
1.6653000000000002
0.36119999999999997
0.3734
0.34650000000000003
0.3375
0.3498
0.37070000000000003
0.4115
0.3524
0.2782
0.2449
0.2495
0.38870000000000005
0.3558
0.3117
0.36729999999999996
0.4313
1.6762000000000001
1.5979
0.6074999999999999
0.48160000000000003
0.5169
0.5392
0.4873
0.4546
0.1216
0.1203
0.11549999999999999
0.1081
0.1069
0.0969
0.0837
0.08560000000000001
0.0583
0.0733
0.09620000000000001
0.3412
0.3674
0.31820000000000004
0.3748
0.2021
0.2388
0.6325000000000001
0.4951
0.7862
0.9077
0.5029
0.1324
0.1246
6.3688
5.6774
2.9348
0.9109
0.7093
0.8079000000000001
0.9741
1.0159
0.9886
0.9994999999999999
0.9667
0.982
0.9484
0.8756999999999999
0.8251
0.8877
1.9217
1.5416
1.3784999999999998
1.6444
2.609
2.7561999999999998
1.4074
7.6861
0.0147
0.0
0.0
0.0
0.0
0.0549
0.1101
0.13
0.1242
0.0002
0.1144
0.7017
2.0719
8.9682
3.0289
0.2554
0.0687
0.0
2.8286
0.7542
5.130699999999999
0.7118
0.0
0.0
2.1867
0.6126
0.4442
0.38970000000000005
0.411
0.4219
0.47609999999999997
0.6383
0.9593
1.2261000000000002
1.3992
1.823
2.3112
2.3198
2.2699
2.4242
1.9218
1.9344000000000001
2.3139
2.6255
2.4653
2.5206
2.4548
6.3241
7.6864
4.0745000000000005
8.9825
0.7472
0.765
0.3247
0.12179999999999999
0.0844
0.0118
0.0096
0.0221
0.0522
0.0036
0.0
0.0
0.0
0.0002
1.5141
0.8723
0.3533
0.3053
0.4067
0.39180000000000004
0.5246999999999999
0.3276
0.2839
0.2611
0.2475
0.24609999999999999
0.25370000000000004
0.2487
0.2761
0.2781
0.3101
0.3182
0.3042
0.3015
0.3004
0.33599999999999997
0.7191
0.4788
0.538
1.0265
1.8765
1.1905000000000001
1.1331
1.0854
1.6653000000000002
0.36119999999999997
0.3734
0.34650000000000003
0.3375
0.3498
0.37070000000000003
0.4115
0.3524
0.2782
0.2449
0.2495
0.38870000000000005
0.3558
0.3117
0.36729999999999996
0.4313
1.6762000000000001
1.5979
0.6074999999999999
0.48160000000000003
0.5169
0.5392
0.4873
0.4546
0.1216
0.1203
0.11549999999999999
0.1081
0.1069
0.0969
0.0837
0.08560000000000001
0.0583
0.0733
0.09620000000000001
0.3412
0.3674
0.31820000000000004
0.3748
0.2021
0.2388
0.6325000000000001
0.4951
0.7862
0.9077
0.5029
0.1324
0.1246
6.3688
5.6774
2.9348
0.9109
0.7093
0.8079000000000001
0.9741
1.0159
0.9886
0.9994999999999999
0.9667
0.982
0.9484
0.8756999999999999
0.8251
0.8877
1.9217
1.5416
1.3784999999999998
1.6444
2.609
2.7561999999999998
1.4074
7.6861
0.30920000000000003
0.291
0.2797
0.28200000000000003
0.2898
0.30889999999999995
0.32099999999999995
0.31420000000000003
0.3644
0.3802
0.389
0.9679
0.4606
0.3675
0.3399
0.3307
0.3693
0.44079999999999997
1.055
0.9982
0.853
0.8377
0.9531000000000001
1.9885000000000002
0.8951
0.6965
0.48460000000000003
0.4194
0.43979999999999997
0.5927
0.6109
0.3768
0.189
0.09889999999999999
0.11649999999999999
0.10439999999999999
0.126
0.8813
1.1602999999999999
0.6702
0.9592999999999999
0.9505
1.2057
1.5956000000000001
1.1547
0.6868000000000001
0.5602
1.0312000000000001
1.3923
0.0065
0.0353
0.0528
0.0577
0.1409
0.0902
0.0
0.0
0.2915
1.3227
0.1057
0.1427
0.2079
0.5176000000000001
0.08529999999999999
0.0932
0.092
0.14679999999999999
0.1878
0.2667
1.254
0.3539
4.5441
0.26439999999999997
0.4048
0.5095
0.5589999999999999
0.506
0.5177
0.5007
0.3536
0.261
0.2354
0.24509999999999998
0.2333
0.2303
0.8761
1.0047
1.1487
0.3711
0.312
0.3876
0.5347
0.5655
0.4075
0.29869999999999997
0.25439999999999996
1.4456
1.0174
0.1784
0.14450000000000002
0.1578
0.15639999999999998
0.1638
0.174
0.20700000000000002
0.2311
0.2573
0.3598
0.43320000000000003
0.3346
0.31679999999999997
0.28700000000000003
0.33309999999999995
0.7115
0.4157
0.4769
0.5694
0.5529
0.3895
0.2849
2.3153
0.1371
0.06359999999999999
0.0191
0.1132
0.17370000000000002
0.0626
0.0148
0.0381
0.0
0.0761
0.1431
0.0
0.0
2.5685
0.0
0.0
0.0
0.0
2.1328
2.238
2.9458
1.4561
1.3096999999999999
0.3756
0.35250000000000004
0.3407
0.3296
0.32630000000000003
0.371
0.7106
1.1117
0.7624
0.5059
0.37560000000000004
0.3416
0.3331
0.32289999999999996
0.3335
0.38160000000000005
0.4661
0.5479
1.4214
0.5746
0.5196
0.3903
0.28959999999999997
0.3342
0.30920000000000003
0.291
0.2797
0.28200000000000003
0.2898
0.30889999999999995
0.32099999999999995
0.31420000000000003
0.3644
0.3802
0.389
0.9679
0.4606
0.3675
0.3399
0.3307
0.3693
0.44079999999999997
1.055
0.9982
0.853
0.8377
0.9531000000000001
1.9885000000000002
0.8951
0.6965
0.48460000000000003
0.4194
0.43979999999999997
0.5927
0.6109
0.3768
0.189
0.09889999999999999
0.11649999999999999
0.10439999999999999
0.126
0.8813
1.1602999999999999
0.6702
0.9592999999999999
0.9505
1.2057
1.5956000000000001
1.1547
0.6868000000000001
0.5602
1.0312000000000001
1.3923
0.0065
0.0353
0.0528
0.0577
0.1409
0.0902
0.0
0.0
0.2915
1.3227
0.1057
0.1427
0.2079
0.5176000000000001
0.08529999999999999
0.0932
0.092
0.14679999999999999
0.1878
0.2667
1.254
0.3539
4.5441
0.26439999999999997
0.4048
0.5095
0.5589999999999999
0.506
0.5177
0.5007
0.3536
0.261
0.2354
0.24509999999999998
0.2333
0.2303
0.8761
1.0047
1.1487
0.3711
0.312
0.3876
0.5347
0.5655
0.4075
0.29869999999999997
0.25439999999999996
1.4456
1.0174
0.1784
0.14450000000000002
0.1578
0.15639999999999998
0.1638
0.174
0.20700000000000002
0.2311
0.2573
0.3598
0.43320000000000003
0.3346
0.31679999999999997
0.28700000000000003
0.33309999999999995
0.7115
0.4157
0.4769
0.5694
0.5529
0.3895
0.2849
2.3153
0.1371
0.06359999999999999
0.0191
0.1132
0.17370000000000002
0.0626
0.0148
0.0381
0.0
0.0761
0.1431
0.0
0.0
2.5685
0.0
0.0
0.0
0.0
2.1328
2.238
2.9458
1.4561
1.3096999999999999
0.3756
0.35250000000000004
0.3407
0.3296
0.32630000000000003
0.371
0.7106
1.1117
0.7624
0.5059
0.37560000000000004
0.3416
0.3331
0.32289999999999996
0.3335
0.38160000000000005
0.4661
0.5479
1.4214
0.5746
0.5196
0.3903
0.28959999999999997
0.3342
0.30920000000000003
0.291
0.2797
0.28200000000000003
0.2898
0.30889999999999995
0.32099999999999995
0.31420000000000003
0.3644
0.3802
0.389
0.9679
0.4606
0.3675
0.3399
0.3307
0.3693
0.44079999999999997
1.055
0.9982
0.853
0.8377
0.9531000000000001
1.9885000000000002
0.8951
0.6965
0.48460000000000003
0.4194
0.43979999999999997
0.5927
0.6109
0.3768
0.189
0.09889999999999999
0.11649999999999999
0.10439999999999999
0.126
0.8813
1.1602999999999999
0.6702
0.9592999999999999
0.9505
1.2057
1.5956000000000001
1.1547
0.6868000000000001
0.5602
1.0312000000000001
1.3923
0.0065
0.0353
0.0528
0.0577
0.1409
0.0902
0.0
0.0
0.2915
1.3227
0.1057
0.1427
0.2079
0.5176000000000001
0.08529999999999999
0.0932
0.092
0.14679999999999999
0.1878
0.2667
1.254
0.3539
4.5441
0.26439999999999997
0.4048
0.5095
0.5589999999999999
0.506
0.5177
0.5007
0.3536
0.261
0.2354
0.24509999999999998
0.2333
0.2303
0.8761
1.0047
1.1487
0.3711
0.312
0.3876
0.5347
0.5655
0.4075
0.29869999999999997
0.25439999999999996
1.4456
1.0174
0.1784
0.14450000000000002
0.1578
0.15639999999999998
0.1638
0.174
0.20700000000000002
0.2311
0.2573
0.3598
0.43320000000000003
0.3346
0.31679999999999997
0.28700000000000003
0.33309999999999995
0.7115
0.4157
0.4769
0.5694
0.5529
0.3895
0.2849
2.3153
0.1371
0.06359999999999999
0.0191
0.1132
0.17370000000000002
0.0626
0.0148
0.0381
0.0
0.0761
0.1431
0.0
0.0
2.5685
0.0
0.0
0.0
0.0
2.1328
2.238
2.9458
1.4561
1.3096999999999999
0.3756
0.35250000000000004
0.3407
0.3296
0.32630000000000003
0.371
0.7106
1.1117
0.7624
0.5059
0.37560000000000004
0.3416
0.3331
0.32289999999999996
0.3335
0.38160000000000005
0.4661
0.5479
1.4214
0.5746
0.5196
0.3903
0.28959999999999997
0.3342
0.30920000000000003
0.291
0.2797
0.28200000000000003
0.2898
0.30889999999999995
0.32099999999999995
0.31420000000000003
0.3644
0.3802
0.389
0.9679
0.4606
0.3675
0.3399
0.3307
0.3693
0.44079999999999997
1.055
0.9982
0.853
0.8377
0.9531000000000001
1.9885000000000002
0.8951
0.6965
0.48460000000000003
0.4194
0.43979999999999997
0.5927
0.6109
0.3768
0.189
0.09889999999999999
0.11649999999999999
0.10439999999999999
0.126
0.8813
1.1602999999999999
0.6702
0.9592999999999999
0.9505
1.2057
1.5956000000000001
1.1547
0.6868000000000001
0.5602
1.0312000000000001
1.3923
0.0065
0.0353
0.0528
0.0577
0.1409
0.0902
0.0
0.0
0.2915
1.3227
0.1057
0.1427
0.2079
0.5176000000000001
0.08529999999999999
0.0932
0.092
0.14679999999999999
0.1878
0.2667
1.254
0.3539
4.5441
0.26439999999999997
0.4048
0.5095
0.5589999999999999
0.506
0.5177
0.5007
0.3536
0.261
0.2354
0.24509999999999998
0.2333
0.2303
0.8761
1.0047
1.1487
0.3711
0.312
0.3876
0.5347
0.5655
0.4075
0.29869999999999997
0.25439999999999996
1.4456
1.0174
0.1784
0.14450000000000002
0.1578
0.15639999999999998
0.1638
0.174
0.20700000000000002
0.2311
0.2573
0.3598
0.43320000000000003
0.3346
0.31679999999999997
0.28700000000000003
0.33309999999999995
0.7115
0.4157
0.4769
0.5694
0.5529
0.3895
0.2849
2.3153
0.1371
0.06359999999999999
0.0191
0.1132
0.17370000000000002
0.0626
0.0148
0.0381
0.0
0.0761
0.1431
0.0
0.0
2.5685
0.0
0.0
0.0
0.0
2.1328
2.238
2.9458
1.4561
1.3096999999999999
0.3756
0.35250000000000004
0.3407
0.3296
0.32630000000000003
0.371
0.7106
1.1117
0.7624
0.5059
0.37560000000000004
0.3416
0.3331
0.32289999999999996
0.3335
0.38160000000000005
0.4661
0.5479
1.4214
0.5746
0.5196
0.3903
0.28959999999999997
0.3342
0.30920000000000003
0.291
0.2797
0.28200000000000003
0.2898
0.30889999999999995
0.32099999999999995
0.31420000000000003
0.3644
0.3802
0.389
0.9679
0.4606
0.3675
0.3399
0.3307
0.3693
0.44079999999999997
1.055
0.9982
0.853
0.8377
0.9531000000000001
1.9885000000000002
0.8951
0.6965
0.48460000000000003
0.4194
0.43979999999999997
0.5927
0.6109
0.3768
0.189
0.09889999999999999
0.11649999999999999
0.10439999999999999
0.126
0.8813
1.1602999999999999
0.6702
0.9592999999999999
0.9505
1.2057
1.5956000000000001
1.1547
0.6868000000000001
0.5602
1.0312000000000001
0.4495
0.3941
0.8795
0.1945
0.2239
0.223
0.3563
0.7812
0.5049
0.48760000000000003
0.5821000000000001
0.766
1.3241
1.5337999999999998
1.7452999999999999
0.3957
0.319
0.2802
0.2777
0.1023
0.0065
0.0
0.0
0.0
1.9454000000000002
2.2899000000000003
2.3489
2.5209
2.6630000000000003
2.1189
0.8911
0.7543
0.5569999999999999
0.2986
0.1505
0.1378
0.1054
0.1011
0.0807
0.0628
0.0678
0.0
0.4003
3.7917
0.1782
0.811
4.2432
7.9922
0.6631
0.662
0.6375
0.5856
0.5872999999999999
0.7879
1.2671999999999999
0.8763
0.1182
0.1464
0.1729
0.1889
0.2022
0.2145
0.232
0.2864
0.9533
1.2149
1.0714000000000001
1.0349
1.2879999999999998
1.0303
0.5437
0.47819999999999996
0.6796
0.7704
0.8158000000000001
0.7392
0.2276
0.2521
0.35209999999999997
0.11030000000000001
0.07899999999999999
0.0822
0.0842
0.0803
0.0837
0.08829999999999999
0.1043
0.24719999999999998
0.20879999999999999
0.2195
0.2774
0.3698
1.1532
0.7565
0.3686
0.7854000000000001
0.8089999999999999
0.9414
1.0135
1.0800999999999998
1.1117
1.1461000000000001
3.6380999999999997
1.4281000000000001
1.8119
2.0654000000000003
2.1096000000000004
1.6894
1.0557
0.8436
0.7774
0.8767
2.1608
3.8687
3.3739999999999997
2.0934
1.7304
1.5567
1.5939999999999999
1.7288000000000001
0.30920000000000003
0.35660000000000003
0.3503
0.3175
0.299
1.2157
1.5701999999999998
2.2052
2.0552
1.6894
0.9112
0.9571000000000001
0.9745
1.5659999999999998
2.9168000000000003
0.9158
0.6587000000000001
0.6156999999999999
1.0723
0.7037
0.1031
0.0693
0.0313
0.0103
1.5953
0.3428
0.3085
0.281
0.2797
0.316
0.314
0.36060000000000003
0.4574
0.5697
0.9108
1.2388
0.6047
0.5354
0.5411
0.6029
0.5898
1.0182
1.6284
0.575
0.5602
0.7087
1.2479
1.9819999999999998
0.4495
0.3941
0.8795
0.1945
0.2239
0.223
0.3563
0.7812
0.5049
0.48760000000000003
0.5821000000000001
0.766
1.3241
1.5337999999999998
1.7452999999999999
0.3957
0.319
0.2802
0.2777
0.1023
0.0065
0.0
0.0
0.0
1.9454000000000002
2.2899000000000003
2.3489
2.5209
2.6630000000000003
2.1189
0.8911
0.7543
0.5569999999999999
0.2986
0.1505
0.1378
0.1054
0.1011
0.0807
0.0628
0.0678
0.0
0.4003
3.7917
0.1782
0.811
4.2432
7.9922
0.6631
0.662
0.6375
0.5856
0.5872999999999999
0.7879
1.2671999999999999
0.8763
0.1182
0.1464
0.1729
0.1889
0.2022
0.2145
0.232
0.2864
0.9533
1.2149
1.0714000000000001
1.0349
1.2879999999999998
1.0303
0.5437
0.47819999999999996
0.6796
0.7704
0.8158000000000001
0.7392
0.2276
0.2521
0.35209999999999997
0.11030000000000001
0.07899999999999999
0.0822
0.0842
0.0803
0.0837
0.08829999999999999
0.1043
0.24719999999999998
0.20879999999999999
0.2195
0.2774
0.3698
1.1532
0.7565
0.3686
0.7854000000000001
0.8089999999999999
0.9414
1.0135
1.0800999999999998
1.1117
1.1461000000000001
3.6380999999999997
1.4281000000000001
1.8119
2.0654000000000003
2.1096000000000004
1.6894
1.0557
0.8436
0.7774
0.8767
2.1608
3.8687
3.3739999999999997
2.0934
1.7304
1.5567
1.5939999999999999
1.7288000000000001
0.30920000000000003
0.35660000000000003
0.3503
0.3175
0.299
1.2157
1.5701999999999998
2.2052
2.0552
1.6894
0.9112
0.9571000000000001
0.9745
1.5659999999999998
2.9168000000000003
0.9158
0.6587000000000001
0.6156999999999999
1.0723
0.7037
0.1031
0.0693
0.0313
0.0103
1.5953
0.3428
0.3085
0.281
0.2797
0.316
0.314
0.36060000000000003
0.4574
0.5697
0.9108
1.2388
0.6047
0.5354
0.5411
0.6029
0.5898
1.0182
1.6284
0.575
0.5602
0.7087
1.2479
1.9819999999999998
0.4495
0.3941
0.8795
0.1945
0.2239
0.223
0.3563
0.7812
0.5049
0.48760000000000003
0.5821000000000001
0.766
1.3241
1.5337999999999998
1.7452999999999999
0.3957
0.319
0.2802
0.2777
0.1023
0.0065
0.0
0.0
0.0
1.9454000000000002
2.2899000000000003
2.3489
2.5209
2.6630000000000003
2.1189
0.8911
0.7543
0.5569999999999999
0.2986
0.1505
0.1378
0.1054
0.1011
0.0807
0.0628
0.0678
0.0
0.4003
3.7917
0.1782
0.811
4.2432
7.9922
0.6631
0.662
0.6375
0.5856
0.5872999999999999
0.7879
1.2671999999999999
0.8763
0.1182
0.1464
0.1729
0.1889
0.2022
0.2145
0.232
0.2864
0.9533
1.2149
1.0714000000000001
1.0349
1.2879999999999998
1.0303
0.5437
0.47819999999999996
0.6796
0.7704
0.8158000000000001
0.7392
0.2276
0.2521
0.35209999999999997
0.11030000000000001
0.07899999999999999
0.0822
0.0842
0.0803
0.0837
0.08829999999999999
0.1043
0.24719999999999998
0.20879999999999999
0.2195
0.2774
0.3698
1.1532
0.7565
0.3686
0.7854000000000001
0.8089999999999999
0.9414
1.0135
1.0800999999999998
1.1117
1.1461000000000001
3.6380999999999997
1.4281000000000001
1.8119
2.0654000000000003
2.1096000000000004
1.6894
1.0557
0.8436
0.7774
0.8767
2.1608
3.8687
3.3739999999999997
2.0934
1.7304
1.5567
1.5939999999999999
1.7288000000000001
0.30920000000000003
0.35660000000000003
0.3503
0.3175
0.299
1.2157
1.5701999999999998
2.2052
2.0552
1.6894
0.9112
0.9571000000000001
0.9745
1.5659999999999998
2.9168000000000003
0.9158
0.6587000000000001
0.6156999999999999
1.0723
0.7037
0.1031
0.0693
0.0313
0.0103
1.5953
0.3428
0.3085
0.281
0.2797
0.316
0.314
0.36060000000000003
0.4574
0.5697
0.9108
1.2388
0.6047
0.5354
0.5411
0.6029
0.5898
1.0182
1.6284
0.575
0.5602
0.7087
1.2479
1.9819999999999998
0.4495
0.3941
0.8795
0.1945
0.2239
0.223
0.3563
0.7812
0.5049
0.48760000000000003
0.5821000000000001
0.766
1.3241
1.5337999999999998
1.7452999999999999
0.3957
0.319
0.2802
0.2777
0.1023
0.0065
0.0
0.0
0.0
1.9454000000000002
2.2899000000000003
2.3489
2.5209
2.6630000000000003
2.1189
0.8911
0.7543
0.5569999999999999
0.2986
0.1505
0.1378
0.1054
0.1011
0.0807
0.0628
0.0678
0.0
0.4003
3.7917
0.1782
0.811
4.2432
7.9922
0.6631
0.662
0.6375
0.5856
0.5872999999999999
0.7879
1.2671999999999999
0.8763
0.1182
0.1464
0.1729
0.1889
0.2022
0.2145
0.232
0.2864
0.9533
1.2149
1.0714000000000001
1.0349
1.2879999999999998
1.0303
0.5437
0.47819999999999996
0.6796
0.7704
0.8158000000000001
0.7392
0.2276
0.2521
0.35209999999999997
0.11030000000000001
0.07899999999999999
0.0822
0.0842
0.0803
0.0837
0.08829999999999999
0.1043
0.24719999999999998
0.20879999999999999
0.2195
0.2774
0.3698
1.1532
0.7565
0.3686
0.7854000000000001
0.8089999999999999
0.9414
1.0135
1.0800999999999998
1.1117
1.1461000000000001
3.6380999999999997
1.4281000000000001
1.8119
2.0654000000000003
2.1096000000000004
1.6894
1.0557
0.8436
0.7774
0.8767
2.1608
3.8687
3.3739999999999997
2.0934
1.7304
1.5567
1.5939999999999999
1.7288000000000001
0.30920000000000003
0.35660000000000003
0.3503
0.3175
0.299
1.2157
1.5701999999999998
2.2052
2.0552
1.6894
0.9112
0.9571000000000001
0.9745
1.5659999999999998
2.9168000000000003
0.9158
0.6587000000000001
0.6156999999999999
1.0723
0.7037
0.1031
0.0693
0.0313
0.0103
1.5953
0.3428
0.3085
0.281
0.2797
0.316
0.314
0.36060000000000003
0.4574
0.5697
0.9108
1.2388
0.6047
0.5354
0.5411
0.6029
0.5898
1.0182
1.6284
0.575
0.5602
0.7087
1.2479
1.9819999999999998
0.4495
0.3941
0.8795
0.1945
0.2239
0.223
0.3563
0.7812
0.5049
0.48760000000000003
0.5821000000000001
0.766
1.3241
1.5337999999999998
1.7452999999999999
0.3957
0.319
0.2802
0.2777
0.1023
0.0065
0.0
0.0
0.0
1.9454000000000002
2.2899000000000003
2.3489
2.5209
2.6630000000000003
2.1189
0.8911
0.7543
0.5569999999999999
0.2986
0.1505
0.1378
0.1054
0.1011
0.0807
0.0628
0.0678
0.0
0.4003
3.7917
0.1782
0.811
4.2432
7.9922
0.6631
0.662
0.6375
0.5856
0.5872999999999999
0.7879
1.2671999999999999
0.8763
0.1182
0.1464
0.1729
0.1889
0.2022
0.2145
0.232
0.2864
0.9533
1.2149
1.0714000000000001
1.0349
1.2879999999999998
1.0303
0.5437
0.47819999999999996
0.5151
0.2384
0.09390000000000001
0.0427
0.8891
0.1344
1.5309
0.2559
0.1631
0.0946
1.3824
0.9577
0.1073
0.1859
0.202
0.2219
0.1397
0.09029999999999999
0.0555
0.48660000000000003
0.0
0.0
0.0
0.0
1.6865999999999999
1.5643
0.36
0.31520000000000004
0.3483
0.47859999999999997
1.2218
0.4897
0.3312
0.28590000000000004
0.2853
0.2909
0.29579999999999995
0.30720000000000003
0.3628
0.4165
0.5458000000000001
0.7146
0.8149
0.8569
0.7356
0.6454
0.5381
2.4828
2.3353
3.0933
4.3672
4.6138
4.7141
4.7992
3.4962
2.3303000000000003
2.2211999999999996
1.8805
2.0682
2.7899000000000003
3.1239
3.498
4.0694
2.6081
1.8612000000000002
5.497
4.9892
2.0267
0.5708
0.5310999999999999
0.3547
0.2437
0.1093
0.1871
0.1699
0.1833
0.514
0.2959
0.42910000000000004
0.5224
0.3742
0.311
2.1707
0.5006
0.5126
0.7792
0.8916999999999999
0.9917
1.1498
1.2652
0.8029
0.2712
0.189
0.1114
0.0882
0.0947
4.7715
4.5383
2.4512
0.5686
0.305
0.158
0.6099
1.2855
0.1051
0.0
0.0201
0.0611
0.0591
0.0802
0.0769
0.08310000000000001
0.17830000000000001
0.4223
0.5478000000000001
1.2057
2.5268
7.594100000000001
8.139199999999999
5.6716
0.18969999999999998
0.1943
0.15300000000000002
0.1946
0.6024
0.0716
0.11750000000000001
0.10890000000000001
0.0639
0.0514
1.3127
0.1271
0.5616
0.3882
0.3642
0.654
0.1416
0.1512
0.0592
0.0619
0.047799999999999995
0.0406
0.0334
0.0358
0.0197
0.022
0.025
0.0248
0.0343
0.0847
0.203
0.0176
0.0087
0.0033
0.0046
0.0101
0.040400000000000005
0.0509
0.0681
0.1234
0.12719999999999998
0.1714
1.4703
0.4437
0.0161
0.0285
0.060700000000000004
0.058499999999999996
0.5151
0.2384
0.09390000000000001
0.0427
0.8891
0.1344
1.5309
0.2559
0.1631
0.0946
1.3824
0.9577
0.1073
0.1859
0.202
0.2219
0.1397
0.09029999999999999
0.0555
0.48660000000000003
0.0
0.0
0.0
0.0
1.6865999999999999
1.5643
0.36
0.31520000000000004
0.3483
0.47859999999999997
1.2218
0.4897
0.3312
0.28590000000000004
0.2853
0.2909
0.29579999999999995
0.30720000000000003
0.3628
0.4165
0.5458000000000001
0.7146
0.8149
0.8569
0.7356
0.6454
0.5381
2.4828
2.3353
3.0933
4.3672
4.6138
4.7141
4.7992
3.4962
2.3303000000000003
2.2211999999999996
1.8805
2.0682
2.7899000000000003
3.1239
3.498
4.0694
2.6081
1.8612000000000002
5.497
4.9892
2.0267
0.5708
0.5310999999999999
0.3547
0.2437
0.1093
0.1871
0.1699
0.1833
0.514
0.2959
0.42910000000000004
0.5224
0.3742
0.311
2.1707
0.5006
0.5126
0.7792
0.8916999999999999
0.9917
1.1498
1.2652
0.8029
0.2712
0.189
0.1114
0.0882
0.0947
4.7715
4.5383
2.4512
0.5686
0.305
0.158
0.6099
1.2855
0.1051
0.0
0.0201
0.0611
0.0591
0.0802
0.0769
0.08310000000000001
0.17830000000000001
0.4223
0.5478000000000001
1.2057
2.5268
7.594100000000001
8.139199999999999
5.6716
0.18969999999999998
0.1943
0.15300000000000002
0.1946
0.6024
0.0716
0.11750000000000001
0.10890000000000001
0.0639
0.0514
1.3127
0.1271
0.5616
0.3882
0.3642
0.654
0.1416
0.1512
0.0592
0.0619
0.047799999999999995
0.0406
0.0334
0.0358
0.0197
0.022
0.025
0.0248
0.0343
0.0847
0.203
0.0176
0.0087
0.0033
0.0046
0.0101
0.040400000000000005
0.0509
0.0681
0.1234
0.12719999999999998
0.1714
1.4703
0.4437
0.0161
0.0285
0.060700000000000004
0.058499999999999996
0.5151
0.2384
0.09390000000000001
0.0427
0.8891
0.1344
1.5309
0.2559
0.1631
0.0946
1.3824
0.9577
0.1073
0.1859
0.202
0.2219
0.1397
0.09029999999999999
0.0555
0.48660000000000003
0.0
0.0
0.0
0.0
1.6865999999999999
1.5643
0.36
0.31520000000000004
0.3483
0.47859999999999997
1.2218
0.4897
0.3312
0.28590000000000004
0.2853
0.2909
0.29579999999999995
0.30720000000000003
0.3628
0.4165
0.5458000000000001
0.7146
0.8149
0.8569
0.7356
0.6454
0.5381
2.4828
2.3353
3.0933
4.3672
4.6138
4.7141
4.7992
3.4962
2.3303000000000003
2.2211999999999996
1.8805
2.0682
2.7899000000000003
3.1239
3.498
4.0694
2.6081
1.8612000000000002
5.497
4.9892
2.0267
0.5708
0.5310999999999999
0.3547
0.2437
0.1093
0.1871
0.1699
0.1833
0.514
0.2959
0.42910000000000004
0.5224
0.3742
0.311
2.1707
0.5006
0.5126
0.7792
0.8916999999999999
0.9917
1.1498
1.2652
0.8029
0.2712
0.189
0.1114
0.0882
0.0947
4.7715
4.5383
2.4512
0.5686
0.305
0.158
0.6099
1.2855
0.1051
0.0
0.0201
0.0611
0.0591
0.0802
0.0769
0.08310000000000001
0.17830000000000001
0.4223
0.5478000000000001
1.2057
2.5268
7.594100000000001
8.139199999999999
5.6716
0.18969999999999998
0.1943
0.15300000000000002
0.1946
0.6024
0.0716
0.11750000000000001
0.10890000000000001
0.0639
0.0514
1.3127
0.1271
0.5616
0.3882
0.3642
0.654
0.1416
0.1512
0.0592
0.0619
0.047799999999999995
0.0406
0.0334
0.0358
0.0197
0.022
0.025
0.0248
0.0343
0.0847
0.203
0.0176
0.0087
0.0033
0.0046
0.0101
0.040400000000000005
0.0509
0.0681
0.1234
0.12719999999999998
0.1714
1.4703
0.4437
0.0161
0.0285
0.060700000000000004
0.058499999999999996
0.5151
0.2384
0.09390000000000001
0.0427
0.8891
0.1344
1.5309
0.2559
0.1631
0.0946
1.3824
0.9577
0.1073
0.1859
0.202
0.2219
0.1397
0.09029999999999999
0.0555
0.48660000000000003
0.0
0.0
0.0
0.0
1.6865999999999999
1.5643
0.36
0.31520000000000004
0.3483
0.47859999999999997
1.2218
0.4897
0.3312
0.28590000000000004
0.2853
0.2909
0.29579999999999995
0.30720000000000003
0.3628
0.4165
0.5458000000000001
0.7146
0.8149
0.8569
0.7356
0.6454
0.5381
2.4828
2.3353
3.0933
4.3672
4.6138
4.7141
4.7992
3.4962
2.3303000000000003
2.2211999999999996
1.8805
2.0682
2.7899000000000003
3.1239
3.498
4.0694
2.6081
1.8612000000000002
5.497
4.9892
2.0267
0.5708
0.5310999999999999
0.3547
0.2437
0.1093
0.1871
0.1699
0.1833
0.514
0.2959
0.42910000000000004
0.5224
0.3742
0.311
2.1707
0.5006
0.5126
0.7792
0.8916999999999999
0.9917
1.1498
1.2652
0.8029
0.2712
0.189
0.1114
0.0882
0.0947
4.7715
4.5383
2.4512
0.5686
0.305
0.158
0.6099
1.2855
0.1051
0.0
0.0201
0.0611
0.0591
0.0802
0.0769
0.08310000000000001
0.17830000000000001
0.4223
0.5478000000000001
1.2057
2.5268
7.594100000000001
8.139199999999999
5.6716
0.18969999999999998
0.1943
0.15300000000000002
0.1946
0.6024
0.0716
0.11750000000000001
0.10890000000000001
0.0639
0.0514
1.3127
0.1271
0.5616
0.3882
0.3642
0.654
0.1416
0.1512
0.0592
0.0619
0.047799999999999995
0.0406
0.0334
0.0358
0.0197
0.022
0.025
0.0248
0.0343
0.0847
0.203
0.0176
0.0087
0.0033
0.0046
0.0101
0.040400000000000005
0.0509
0.0681
0.1234
0.12719999999999998
0.1714
1.4703
0.4437
0.0161
0.0285
0.060700000000000004
0.058499999999999996
0.5151
0.2384
0.09390000000000001
0.0427
0.8891
0.1344
1.5309
0.2559
0.1631
0.0946
1.3824
0.9577
0.1073
0.1859
0.202
0.2219
0.1397
0.09029999999999999
0.0555
0.48660000000000003
0.0
0.0
0.0
0.0
1.6865999999999999
1.5643
0.36
0.31520000000000004
0.3483
0.47859999999999997
1.2218
0.4897
0.3312
0.28590000000000004
0.2853
0.2909
0.29579999999999995
0.30720000000000003
0.3628
0.4165
0.5458000000000001
0.7146
0.8149
0.8569
0.7356
0.6454
0.5381
2.4828
2.315
2.385
2.3571
2.1854
2.0064
1.9018
2.2334
5.4448
7.4353
6.4565
6.261699999999999
6.7783
1.1893
0.6706000000000001
0.6002000000000001
0.5975999999999999
0.6957
0.6561
0.7931
0.7809
0.7679
0.6199
0.5834
1.8071000000000002
0.4478
0.5586
0.6037
0.4544
0.3617
0.2724
0.2158
0.8041
0.3315
0.3365
0.4232
0.8383
0.6217
0.4847
0.5813
0.6345000000000001
0.9878
1.0808
1.1147
0.9167000000000001
0.9769
0.844
0.7304999999999999
0.5801000000000001
0.5368999999999999
0.5534
0.5313
0.53
0.5218
0.5567
0.6373
0.9072
0.8406
0.5744
0.5914999999999999
0.6868
1.1022
0.8327
0.8077
1.3239999999999998
0.4236
0.37929999999999997
0.45389999999999997
0.6211
0.8515999999999999
0.6232
0.4277
0.4225
0.1945
0.1935
0.1897
0.19
0.1894
0.19390000000000002
0.1986
0.20090000000000002
0.20700000000000002
0.2006
0.1888
0.1874
0.1911
0.1976
0.2159
0.23979999999999999
0.2049
0.1845
0.18880000000000002
0.2092
0.21600000000000003
0.2026
0.2023
0.201
2.2470999999999997
8.6297
12.8586
11.5351
6.4940999999999995
2.6564
4.3633
1.6115
1.7923
1.6354
1.7307000000000001
1.7263000000000002
1.8254000000000001
2.1654
5.0554
2.2666
4.7354
2.109
0.7923
0.7464
0.6637
0.5669
0.4404
0.172
0.4196
0.38680000000000003
0.3829
0.39590000000000003
0.4022
0.7619
1.9647000000000001
1.1905999999999999
1.1061
0.6851
0.37129999999999996
0.2933
0.2636
0.29500000000000004
0.3286
0.4283
0.471
0.6268
0.6537999999999999
0.7998000000000001
1.2445
1.5745
1.8729
0.7864
0.42379999999999995
0.38649999999999995
0.3772
0.373
0.3673
0.3788
0.45089999999999997
0.5735
0.6013
0.5928
0.5693
0.5456
0.5306
0.573
1.5123000000000002
0.8888
0.6695
2.4021
0.7636000000000001
0.7824
1.183
1.4819
2.1603000000000003
0.6323000000000001
2.315
2.385
2.3571
2.1854
2.0064
1.9018
2.2334
5.4448
7.4353
6.4565
6.261699999999999
6.7783
1.1893
0.6706000000000001
0.6002000000000001
0.5975999999999999
0.6957
0.6561
0.7931
0.7809
0.7679
0.6199
0.5834
1.8071000000000002
0.4478
0.5586
0.6037
0.4544
0.3617
0.2724
0.2158
0.8041
0.3315
0.3365
0.4232
0.8383
0.6217
0.4847
0.5813
0.6345000000000001
0.9878
1.0808
1.1147
0.9167000000000001
0.9769
0.844
0.7304999999999999
0.5801000000000001
0.5368999999999999
0.5534
0.5313
0.53
0.5218
0.5567
0.6373
0.9072
0.8406
0.5744
0.5914999999999999
0.6868
1.1022
0.8327
0.8077
1.3239999999999998
0.4236
0.37929999999999997
0.45389999999999997
0.6211
0.8515999999999999
0.6232
0.4277
0.4225
0.1945
0.1935
0.1897
0.19
0.1894
0.19390000000000002
0.1986
0.20090000000000002
0.20700000000000002
0.2006
0.1888
0.1874
0.1911
0.1976
0.2159
0.23979999999999999
0.2049
0.1845
0.18880000000000002
0.2092
0.21600000000000003
0.2026
0.2023
0.201
2.2470999999999997
8.6297
12.8586
11.5351
6.4940999999999995
2.6564
4.3633
1.6115
1.7923
1.6354
1.7307000000000001
1.7263000000000002
1.8254000000000001
2.1654
5.0554
2.2666
4.7354
2.109
0.7923
0.7464
0.6637
0.5669
0.4404
0.172
0.4196
0.38680000000000003
0.3829
0.39590000000000003
0.4022
0.7619
1.9647000000000001
1.1905999999999999
1.1061
0.6851
0.37129999999999996
0.2933
0.2636
0.29500000000000004
0.3286
0.4283
0.471
0.6268
0.6537999999999999
0.7998000000000001
1.2445
1.5745
1.8729
0.7864
0.42379999999999995
0.38649999999999995
0.3772
0.373
0.3673
0.3788
0.45089999999999997
0.5735
0.6013
0.5928
0.5693
0.5456
0.5306
0.573
1.5123000000000002
0.8888
0.6695
2.4021
0.7636000000000001
0.7824
1.183
1.4819
2.1603000000000003
0.6323000000000001
2.315
2.385
2.3571
2.1854
2.0064
1.9018
2.2334
5.4448
7.4353
6.4565
6.261699999999999
6.7783
1.1893
0.6706000000000001
0.6002000000000001
0.5975999999999999
0.6957
0.6561
0.7931
0.7809
0.7679
0.6199
0.5834
1.8071000000000002
0.4478
0.5586
0.6037
0.4544
0.3617
0.2724
0.2158
0.8041
0.3315
0.3365
0.4232
0.8383
0.6217
0.4847
0.5813
0.6345000000000001
0.9878
1.0808
1.1147
0.9167000000000001
0.9769
0.844
0.7304999999999999
0.5801000000000001
0.5368999999999999
0.5534
0.5313
0.53
0.5218
0.5567
0.6373
0.9072
0.8406
0.5744
0.5914999999999999
0.6868
1.1022
0.8327
0.8077
1.3239999999999998
0.4236
0.37929999999999997
0.45389999999999997
0.6211
0.8515999999999999
0.6232
0.4277
0.4225
0.1945
0.1935
0.1897
0.19
0.1894
0.19390000000000002
0.1986
0.20090000000000002
0.20700000000000002
0.2006
0.1888
0.1874
0.1911
0.1976
0.2159
0.23979999999999999
0.2049
0.1845
0.18880000000000002
0.2092
0.21600000000000003
0.2026
0.2023
0.201
2.2470999999999997
8.6297
12.8586
11.5351
6.4940999999999995
2.6564
4.3633
1.6115
1.7923
1.6354
1.7307000000000001
1.7263000000000002
1.8254000000000001
2.1654
5.0554
2.2666
4.7354
2.109
0.7923
0.7464
0.6637
0.5669
0.4404
0.172
0.4196
0.38680000000000003
0.3829
0.39590000000000003
0.4022
0.7619
1.9647000000000001
1.1905999999999999
1.1061
0.6851
0.37129999999999996
0.2933
0.2636
0.29500000000000004
0.3286
0.4283
0.471
0.6268
0.6537999999999999
0.7998000000000001
1.2445
1.5745
1.8729
0.7864
0.42379999999999995
0.38649999999999995
0.3772
0.373
0.3673
0.3788
0.45089999999999997
0.5735
0.6013
0.5928
0.5693
0.5456
0.5306
0.573
1.5123000000000002
0.8888
0.6695
2.4021
0.7636000000000001
0.7824
1.183
1.4819
2.1603000000000003
0.6323000000000001
2.315
2.385
2.3571
2.1854
2.0064
1.9018
2.2334
5.4448
7.4353
6.4565
6.261699999999999
6.7783
1.1893
0.6706000000000001
0.6002000000000001
0.5975999999999999
0.6957
0.6561
0.7931
0.7809
0.7679
0.6199
0.5834
1.8071000000000002
0.4478
0.5586
0.6037
0.4544
0.3617
0.2724
0.2158
0.8041
0.3315
0.3365
0.4232
0.8383
0.6217
0.4847
0.5813
0.6345000000000001
0.9878
1.0808
1.1147
0.9167000000000001
0.9769
0.844
0.7304999999999999
0.5801000000000001
0.5368999999999999
0.5534
0.5313
0.53
0.5218
0.5567
0.6373
0.9072
0.8406
0.5744
0.5914999999999999
0.6868
1.1022
0.8327
0.8077
1.3239999999999998
0.4236
0.37929999999999997
0.45389999999999997
0.6211
0.8515999999999999
0.6232
0.4277
0.4225
0.1945
0.1935
0.1897
0.19
0.1894
0.19390000000000002
0.1986
0.20090000000000002
0.20700000000000002
0.2006
0.1888
0.1874
0.1911
0.1976
0.2159
0.23979999999999999
0.2049
0.1845
0.18880000000000002
0.2092
0.21600000000000003
0.2026
0.2023
0.201
2.2470999999999997
8.6297
12.8586
11.5351
6.4940999999999995
2.6564
4.3633
1.6115
1.7923
1.6354
1.7307000000000001
1.7263000000000002
1.8254000000000001
2.1654
5.0554
2.2666
4.7354
2.109
0.7923
0.7464
0.6637
0.5669
0.4404
0.172
0.4196
0.38680000000000003
0.3829
0.39590000000000003
0.4022
0.7619
1.9647000000000001
1.1905999999999999
1.1061
0.6851
0.37129999999999996
0.2933
0.2636
0.29500000000000004
0.3286
0.4283
0.471
0.6268
0.6537999999999999
0.7998000000000001
1.2445
1.5745
1.8729
0.7864
0.42379999999999995
0.38649999999999995
0.3772
0.373
0.3673
0.3788
0.45089999999999997
0.5735
0.6013
0.5928
0.5693
0.5456
0.5306
0.573
1.5123000000000002
0.8888
0.6695
2.4021
0.7636000000000001
0.7824
1.183
1.4819
2.1603000000000003
0.6323000000000001
2.315
2.385
2.3571
2.1854
2.0064
1.9018
2.2334
5.4448
7.4353
6.4565
6.261699999999999
6.7783
1.1893
0.6706000000000001
0.6002000000000001
0.5975999999999999
0.6957
0.6561
0.7931
0.7809
0.7679
0.6199
0.5834
1.8071000000000002
0.4478
0.5586
0.6037
0.4544
0.3617
0.2724
0.2158
0.8041
0.3315
0.3365
0.4232
0.8383
0.6217
0.4847
0.5813
0.6345000000000001
0.9878
1.0808
1.1147
0.9167000000000001
0.9769
0.844
0.7304999999999999
0.5801000000000001
0.5368999999999999
0.5534
0.5313
0.53
0.5218
0.5567
0.6373
0.9072
0.8406
0.5744
0.5914999999999999
0.6868
1.1022
0.8327
0.8077
1.3239999999999998
0.4236
0.37929999999999997
0.45389999999999997
0.6211
0.8515999999999999
0.6232
0.4277
0.4225
