9.8255
10.1709
10.345099999999999
7.5692
0.37270000000000003
0.7856
0.1949
0.052000000000000005
0.0115
0.0026
0.0139
0.0056
0.0158
0.0225
1.8573
0.3143
0.3654
0.44510000000000005
0.7249
1.4216
2.109
0.5472
0.084
0.1472
0.4839
0.5109
0.3529
0.4397
0.3542
0.6793
1.2777
0.7583000000000001
0.1983
0.0633
0.27640000000000003
1.77
0.3119
0.5398000000000001
0.8176
0.5215000000000001
1.1904
0.324
0.2603
0.2086
0.0885
0.0462
0.049699999999999994
0.0
0.189
0.226
0.21050000000000002
0.2115
0.2185
0.2384
0.3176
0.5105
0.44889999999999997
3.1911
0.3564
0.396
0.4667
0.5262
1.2313
0.9247000000000001
0.35960000000000003
0.3496
0.46409999999999996
1.0102
0.5025
0.0343
0.0765
0.0674
1.48
1.7023000000000001
0.4148
0.1408
0.0588
0.0335
0.0587
0.0669
0.0789
0.08979999999999999
0.08940000000000001
0.0815
0.1089
0.8142
0.509
0.154
0.10500000000000001
0.3891
0.2831
0.0335
0.0266
0.051199999999999996
0.059899999999999995
0.0668
0.6021
0.5697
0.5587
0.5423
0.5296000000000001
0.5392
0.5792999999999999
0.6768
1.3634
1.3090000000000002
1.4542
1.5652
1.1665
1.2808
1.1697
0.825
1.7675999999999998
0.5864
0.5907
0.5674
0.5646
0.7311
1.1518000000000002
0.8744000000000001
2.4112
3.0392
3.3859000000000004
1.9474
0.0682
0.0645
0.1069
0.1225
0.0523
0.028399999999999998
0.0443
0.0174
0.0338
0.0221
0.025799999999999997
0.0154
0.0
1.9407
4.586399999999999
2.7693000000000003
3.2723
3.7186
3.4943999999999997
7.235900000000001
0.1636
0.172
0.1694
0.1548
0.16999999999999998
0.1893
0.2992
0.4971
0.4586
2.2077
0.7051000000000001
0.5012
0.5622
0.7538
1.4522
1.1875
0.7393000000000001
3.0296000000000003
2.7081999999999997
0.9901
0.2771
0.18409999999999999
0.13269999999999998
0.129
9.8255
10.1709
10.345099999999999
7.5692
0.37270000000000003
0.7856
0.1949
0.052000000000000005
0.0115
0.0026
0.0139
0.0056
0.0158
0.0225
1.8573
0.3143
0.3654
0.44510000000000005
0.7249
1.4216
2.109
0.5472
0.084
0.1472
0.4839
0.5109
0.3529
0.4397
0.3542
0.6793
1.2777
0.7583000000000001
0.1983
0.0633
0.27640000000000003
1.77
0.3119
0.5398000000000001
0.8176
0.5215000000000001
1.1904
0.324
0.2603
0.2086
0.0885
0.0462
0.049699999999999994
0.0
0.189
0.226
0.21050000000000002
0.2115
0.2185
0.2384
0.3176
0.5105
0.44889999999999997
3.1911
0.3564
0.396
0.4667
0.5262
1.2313
0.9247000000000001
0.35960000000000003
0.3496
0.46409999999999996
1.0102
0.5025
0.0343
0.0765
0.0674
1.48
1.7023000000000001
0.4148
0.1408
0.0588
0.0335
0.0587
0.0669
0.0789
0.08979999999999999
0.08940000000000001
0.0815
0.1089
0.8142
0.509
0.154
0.10500000000000001
0.3891
0.2831
0.0335
0.0266
0.051199999999999996
0.059899999999999995
0.0668
0.6021
0.5697
0.5587
0.5423
0.5296000000000001
0.5392
0.5792999999999999
0.6768
1.3634
1.3090000000000002
1.4542
1.5652
1.1665
1.2808
1.1697
0.825
1.7675999999999998
0.5864
0.5907
0.5674
0.5646
0.7311
1.1518000000000002
0.8744000000000001
2.4112
3.0392
3.3859000000000004
1.9474
0.0682
0.0645
0.1069
0.1225
0.0523
0.028399999999999998
0.0443
0.0174
0.0338
0.0221
0.025799999999999997
0.0154
0.0
1.9407
4.586399999999999
2.7693000000000003
3.2723
3.7186
3.4943999999999997
7.235900000000001
0.1636
0.172
0.1694
0.1548
0.16999999999999998
0.1893
0.2992
0.4971
0.4586
2.2077
0.7051000000000001
0.5012
0.5622
0.7538
1.4522
1.1875
0.7393000000000001
3.0296000000000003
2.7081999999999997
0.9901
0.2771
0.18409999999999999
0.13269999999999998
0.129
9.8255
10.1709
10.345099999999999
7.5692
0.37270000000000003
0.7856
0.1949
0.052000000000000005
0.0115
0.0026
0.0139
0.0056
0.0158
0.0225
1.8573
0.3143
0.3654
0.44510000000000005
0.7249
1.4216
2.109
0.5472
0.084
0.1472
0.4839
0.5109
0.3529
0.4397
0.3542
0.6793
1.2777
0.7583000000000001
0.1983
0.0633
0.27640000000000003
1.77
0.3119
0.5398000000000001
0.8176
0.5215000000000001
1.1904
0.324
0.2603
0.2086
0.0885
0.0462
0.049699999999999994
0.0
0.189
0.226
0.21050000000000002
0.2115
0.2185
0.2384
0.3176
0.5105
0.44889999999999997
3.1911
0.3564
0.396
0.4667
0.5262
1.2313
0.9247000000000001
0.35960000000000003
0.3496
0.46409999999999996
1.0102
0.5025
0.0343
0.0765
0.0674
1.48
1.7023000000000001
0.4148
0.1408
0.0588
0.0335
0.0587
0.0669
0.0789
0.08979999999999999
0.08940000000000001
0.0815
0.1089
0.8142
0.509
0.154
0.10500000000000001
0.3891
0.2831
0.0335
0.0266
0.051199999999999996
0.059899999999999995
0.0668
0.6021
0.5697
0.5587
0.5423
0.5296000000000001
0.5392
0.5792999999999999
0.6768
1.3634
1.3090000000000002
1.4542
1.5652
1.1665
1.2808
1.1697
0.825
1.7675999999999998
0.5864
0.5907
0.5674
0.5646
0.7311
1.1518000000000002
0.8744000000000001
2.4112
3.0392
3.3859000000000004
1.9474
0.0682
0.0645
0.1069
0.1225
0.0523
0.028399999999999998
0.0443
0.0174
0.0338
0.0221
0.025799999999999997
0.0154
0.0
1.9407
4.586399999999999
2.7693000000000003
3.2723
3.7186
3.4943999999999997
7.235900000000001
0.1636
0.172
0.1694
0.1548
0.16999999999999998
0.1893
0.2992
0.4971
0.4586
2.2077
0.7051000000000001
0.5012
0.5622
0.7538
1.4522
1.1875
0.7393000000000001
3.0296000000000003
2.7081999999999997
0.9901
0.2771
0.18409999999999999
0.13269999999999998
0.129
9.8255
10.1709
10.345099999999999
7.5692
0.37270000000000003
0.7856
0.1949
0.052000000000000005
0.0115
0.0026
0.0139
0.0056
0.0158
0.0225
1.8573
0.3143
0.3654
0.44510000000000005
0.7249
1.4216
2.109
0.5472
0.084
0.1472
0.4839
0.5109
0.3529
0.4397
0.3542
0.6793
1.2777
0.7583000000000001
0.1983
0.0633
0.27640000000000003
1.77
0.3119
0.5398000000000001
0.8176
0.5215000000000001
1.1904
0.324
0.2603
0.2086
0.0885
0.0462
0.049699999999999994
0.0
0.189
0.226
0.21050000000000002
0.2115
0.2185
0.2384
0.3176
0.5105
0.44889999999999997
3.1911
0.3564
0.396
0.4667
0.5262
1.2313
0.9247000000000001
0.35960000000000003
0.3496
0.46409999999999996
1.0102
0.5025
0.0343
0.0765
0.0674
1.48
1.7023000000000001
0.4148
0.1408
0.0588
0.0335
0.0587
0.0669
0.0789
0.08979999999999999
0.08940000000000001
0.0815
0.1089
0.8142
0.509
0.154
0.10500000000000001
0.3891
0.2831
0.0335
0.0266
0.051199999999999996
0.059899999999999995
0.0668
0.6021
0.5697
0.5587
0.5423
0.5296000000000001
0.5392
0.5792999999999999
0.6768
1.3634
1.3090000000000002
1.4542
1.5652
1.1665
1.2808
1.1697
0.825
1.7675999999999998
0.5864
0.5907
0.5674
0.5646
0.7311
1.1518000000000002
0.8744000000000001
2.4112
3.0392
3.3859000000000004
1.9474
0.0682
0.0645
0.1069
0.1225
0.0523
0.028399999999999998
0.0443
0.0174
0.0338
0.0221
0.025799999999999997
0.0154
0.0
1.9407
4.586399999999999
2.7693000000000003
3.2723
3.7186
3.4943999999999997
7.235900000000001
0.1636
0.172
0.1694
0.1548
0.16999999999999998
0.1893
0.2992
0.4971
0.4586
2.2077
0.7051000000000001
0.5012
0.5622
0.7538
1.4522
1.1875
0.7393000000000001
3.0296000000000003
2.7081999999999997
0.9901
0.2771
0.18409999999999999
0.13269999999999998
0.129
9.8255
10.1709
10.345099999999999
7.5692
0.37270000000000003
0.7856
0.1949
0.052000000000000005
0.0115
0.0026
0.0139
0.0056
0.0158
0.0225
1.8573
0.3143
0.3654
0.44510000000000005
0.7249
1.4216
2.109
0.5472
0.084
0.1472
0.4839
0.5109
0.3529
0.4397
0.3542
0.6793
1.2777
0.7583000000000001
0.1983
0.0633
0.27640000000000003
1.77
0.3119
0.5398000000000001
0.8176
0.5215000000000001
1.1904
0.324
0.2603
0.2086
0.0885
0.0462
0.049699999999999994
0.0
0.189
0.226
0.21050000000000002
0.2115
0.2185
0.2384
0.3176
0.5105
0.44889999999999997
3.1911
0.3564
0.396
0.4667
0.5262
1.2313
0.9247000000000001
0.35960000000000003
0.3496
0.46409999999999996
1.0102
0.5025
0.0343
0.0765
0.0674
4.0478
1.694
0.3823
0.1656
0.1121
0.1307
0.249
0.2627
0.26890000000000003
0.2547
0.2623
0.265
0.4413
1.9683000000000002
0.7526
0.25739999999999996
0.1945
0.21039999999999998
0.863
0.1087
0.078
0.0847
0.0639
0.5002
0.34909999999999997
0.33640000000000003
0.3188
0.30579999999999996
0.3008
0.315
0.3867
0.5343
1.5932
0.9723999999999999
1.2618
1.6459
0.655
0.5262
0.5521
0.5819
2.2737
1.0682
0.706
0.6374
0.641
0.6435
0.6461
0.5094000000000001
2.3053
3.4701
3.7885
0.0839
0.0085
0.4775
1.9618
1.7275
0.4556
0.3248
0.3687
0.2465
0.1726
0.0634
0.0
0.0
0.0
0.0
0.0
2.4421999999999997
0.9887
2.8838
2.9797000000000002
1.0918
0.0741
0.0691
0.0688
0.0691
0.0733
0.0889
0.1978
0.1373
0.0221
0.0215
0.0266
0.0435
0.0511
0.0514
0.0749
0.1076
0.8015
0.6816
0.3287
0.46840000000000004
0.3311
0.311
0.4424
0.2106
3.7439
2.5362
0.1089
0.13390000000000002
0.17020000000000002
0.24
0.362
0.489
0.49850000000000005
0.5226
0.5173
0.6011
0.9015
0.571
0.3874
0.3307
0.3083
0.29490000000000005
0.2299
0.2692
0.1438
0.1908
2.3102
1.2835999999999999
0.02
0.018000000000000002
0.0214
0.023
0.0101
0.019299999999999998
0.2769
0.9216
1.1219999999999999
0.8796999999999999
0.5854999999999999
0.4003
0.5395
0.7437
1.0892
1.3424
1.9525
2.3998999999999997
2.2549
3.5945
5.071999999999999
4.841200000000001
5.1906
3.9577999999999998
0.3492
0.5748
0.6339
0.7259
0.6413
0.522
0.5332
0.621
0.976
0.7622
0.4073
0.26880000000000004
0.2535
0.2477
0.26580000000000004
0.3336
0.42569999999999997
0.5668
1.6163999999999998
1.278
0.6347
0.6034
0.5554
0.4803
4.0478
1.694
0.3823
0.1656
0.1121
0.1307
0.249
0.2627
0.26890000000000003
0.2547
0.2623
0.265
0.4413
1.9683000000000002
0.7526
0.25739999999999996
0.1945
0.21039999999999998
0.863
0.1087
0.078
0.0847
0.0639
0.5002
0.34909999999999997
0.33640000000000003
0.3188
0.30579999999999996
0.3008
0.315
0.3867
0.5343
1.5932
0.9723999999999999
1.2618
1.6459
0.655
0.5262
0.5521
0.5819
2.2737
1.0682
0.706
0.6374
0.641
0.6435
0.6461
0.5094000000000001
2.3053
3.4701
3.7885
0.0839
0.0085
0.4775
1.9618
1.7275
0.4556
0.3248
0.3687
0.2465
0.1726
0.0634
0.0
0.0
0.0
0.0
0.0
2.4421999999999997
0.9887
2.8838
2.9797000000000002
1.0918
0.0741
0.0691
0.0688
0.0691
0.0733
0.0889
0.1978
0.1373
0.0221
0.0215
0.0266
0.0435
0.0511
0.0514
0.0749
0.1076
0.8015
0.6816
0.3287
0.46840000000000004
0.3311
0.311
0.4424
0.2106
3.7439
2.5362
0.1089
0.13390000000000002
0.17020000000000002
0.24
0.362
0.489
0.49850000000000005
0.5226
0.5173
0.6011
0.9015
0.571
0.3874
0.3307
0.3083
0.29490000000000005
0.2299
0.2692
0.1438
0.1908
2.3102
1.2835999999999999
0.02
0.018000000000000002
0.0214
0.023
0.0101
0.019299999999999998
0.2769
0.9216
1.1219999999999999
0.8796999999999999
0.5854999999999999
0.4003
0.5395
0.7437
1.0892
1.3424
1.9525
2.3998999999999997
2.2549
3.5945
5.071999999999999
4.841200000000001
5.1906
3.9577999999999998
0.3492
0.5748
0.6339
0.7259
0.6413
0.522
0.5332
0.621
0.976
0.7622
0.4073
0.26880000000000004
0.2535
0.2477
0.26580000000000004
0.3336
0.42569999999999997
0.5668
1.6163999999999998
1.278
0.6347
0.6034
0.5554
0.4803
4.0478
1.694
0.3823
0.1656
0.1121
0.1307
0.249
0.2627
0.26890000000000003
0.2547
0.2623
0.265
0.4413
1.9683000000000002
0.7526
0.25739999999999996
0.1945
0.21039999999999998
0.863
0.1087
0.078
0.0847
0.0639
0.5002
0.34909999999999997
0.33640000000000003
0.3188
0.30579999999999996
0.3008
0.315
0.3867
0.5343
1.5932
0.9723999999999999
1.2618
1.6459
0.655
0.5262
0.5521
0.5819
2.2737
1.0682
0.706
0.6374
0.641
0.6435
0.6461
0.5094000000000001
2.3053
3.4701
3.7885
0.0839
0.0085
0.4775
1.9618
1.7275
0.4556
0.3248
0.3687
0.2465
0.1726
0.0634
0.0
0.0
0.0
0.0
0.0
2.4421999999999997
0.9887
2.8838
2.9797000000000002
1.0918
0.0741
0.0691
0.0688
0.0691
0.0733
0.0889
0.1978
0.1373
0.0221
0.0215
0.0266
0.0435
0.0511
0.0514
0.0749
0.1076
0.8015
0.6816
0.3287
0.46840000000000004
0.3311
0.311
0.4424
0.2106
3.7439
2.5362
0.1089
0.13390000000000002
0.17020000000000002
0.24
0.362
0.489
0.49850000000000005
0.5226
0.5173
0.6011
0.9015
0.571
0.3874
0.3307
0.3083
0.29490000000000005
0.2299
0.2692
0.1438
0.1908
2.3102
1.2835999999999999
0.02
0.018000000000000002
0.0214
0.023
0.0101
0.019299999999999998
0.2769
0.9216
1.1219999999999999
0.8796999999999999
0.5854999999999999
0.4003
0.5395
0.7437
1.0892
1.3424
1.9525
2.3998999999999997
2.2549
3.5945
5.071999999999999
4.841200000000001
5.1906
3.9577999999999998
0.3492
0.5748
0.6339
0.7259
0.6413
0.522
0.5332
0.621
0.976
0.7622
0.4073
0.26880000000000004
0.2535
0.2477
0.26580000000000004
0.3336
0.42569999999999997
0.5668
1.6163999999999998
1.278
0.6347
0.6034
0.5554
0.4803
4.0478
1.694
0.3823
0.1656
0.1121
0.1307
0.249
0.2627
0.26890000000000003
0.2547
0.2623
0.265
0.4413
1.9683000000000002
0.7526
0.25739999999999996
0.1945
0.21039999999999998
0.863
0.1087
0.078
0.0847
0.0639
0.5002
0.34909999999999997
0.33640000000000003
0.3188
0.30579999999999996
0.3008
0.315
0.3867
0.5343
1.5932
0.9723999999999999
1.2618
1.6459
0.655
0.5262
0.5521
0.5819
2.2737
1.0682
0.706
0.6374
0.641
0.6435
0.6461
0.5094000000000001
2.3053
3.4701
3.7885
0.0839
0.0085
0.4775
1.9618
1.7275
0.4556
0.3248
0.3687
0.2465
0.1726
0.0634
0.0
0.0
0.0
0.0
0.0
2.4421999999999997
0.9887
2.8838
2.9797000000000002
1.0918
0.0741
0.0691
0.0688
0.0691
0.0733
0.0889
0.1978
0.1373
0.0221
0.0215
0.0266
0.0435
0.0511
0.0514
0.0749
0.1076
0.8015
0.6816
0.3287
0.46840000000000004
0.3311
0.311
0.4424
0.2106
3.7439
2.5362
0.1089
0.13390000000000002
0.17020000000000002
0.24
0.362
0.489
0.49850000000000005
0.5226
0.5173
0.6011
0.9015
0.571
0.3874
0.3307
0.3083
0.29490000000000005
0.2299
0.2692
0.1438
0.1908
2.3102
1.2835999999999999
0.02
0.018000000000000002
0.0214
0.023
0.0101
0.019299999999999998
0.2769
0.9216
1.1219999999999999
0.8796999999999999
0.5854999999999999
0.4003
0.5395
0.7437
1.0892
1.3424
1.9525
2.3998999999999997
2.2549
3.5945
5.071999999999999
4.841200000000001
5.1906
3.9577999999999998
0.3492
0.5748
0.6339
0.7259
0.6413
0.522
0.5332
0.621
0.976
0.7622
0.4073
0.26880000000000004
0.2535
0.2477
0.26580000000000004
0.3336
0.42569999999999997
0.5668
1.6163999999999998
1.278
0.6347
0.6034
0.5554
0.4803
0.086
0.0662
0.0648
0.0655
0.0658
0.0746
0.0984
0.2228
0.3039
0.3184
0.32999999999999996
0.3492
0.4313
0.7548999999999999
0.8160000000000001
0.8619
1.2161
1.1907
0.7123999999999999
0.4515
0.4662
0.485
0.5471
0.8277000000000001
1.8155
0.2606
0.2384
0.23470000000000002
0.21889999999999998
0.2452
0.254
0.304
0.3398
0.37729999999999997
0.4331
0.482
0.45289999999999997
0.4441
0.4642
0.5222
0.5803
1.4062000000000001
1.0436
0.7459
0.7495
0.7941
0.815
1.9078
0.6002
5.129300000000001
4.6647
2.2575000000000003
1.0224
0.26130000000000003
0.0416
0.0036
0.0411
0.07819999999999999
0.0564
0.078
0.0819
0.0923
0.0839
0.0696
0.1133
0.1068
0.11080000000000001
0.1288
0.1041
0.0746
0.0885
0.046
0.2218
0.1948
0.184
0.1786
0.1886
0.20729999999999998
0.2589
0.2328
0.5127
0.4255
0.5783
1.2905
0.4023
0.28959999999999997
0.33640000000000003
0.8332
0.9424
0.1892
1.248
0.1588
0.2599
0.3218
0.3578
0.3098
0.0903
0.0558
0.059
0.051000000000000004
0.0574
0.0471
0.1177
0.2676
1.6891
0.34419999999999995
0.3456
0.28969999999999996
0.2044
0.0973
1.6837
0.7242
0.9585
0.253
0.241
0.3327
0.1017
0.0
0.0
0.0189
2.7616
2.8531
2.9840999999999998
3.0951
3.1409
2.9847
1.9863
1.1571
1.9777
2.7058
2.8354
1.9903
0.798
0.43069999999999997
0.495
0.7586999999999999
1.8191
1.9278
2.474
3.9056
4.261900000000001
3.3728
1.391
2.4989999999999997
1.6204
0.7941
0.2546
0.2216
0.2519
0.3739
0.4871
0.261
0.255
0.24409999999999998
0.25780000000000003
0.2492
0.2642
0.2643
0.6371
0.49360000000000004
0.32589999999999997
0.384
0.4416
1.1712
1.0411000000000001
0.7432000000000001
0.5771
2.9649
0.086
0.0662
0.0648
0.0655
0.0658
0.0746
0.0984
0.2228
0.3039
0.3184
0.32999999999999996
0.3492
0.4313
0.7548999999999999
0.8160000000000001
0.8619
1.2161
1.1907
0.7123999999999999
0.4515
0.4662
0.485
0.5471
0.8277000000000001
1.8155
0.2606
0.2384
0.23470000000000002
0.21889999999999998
0.2452
0.254
0.304
0.3398
0.37729999999999997
0.4331
0.482
0.45289999999999997
0.4441
0.4642
0.5222
0.5803
1.4062000000000001
1.0436
0.7459
0.7495
0.7941
0.815
1.9078
0.6002
5.129300000000001
4.6647
2.2575000000000003
1.0224
0.26130000000000003
0.0416
0.0036
0.0411
0.07819999999999999
0.0564
0.078
0.0819
0.0923
0.0839
0.0696
0.1133
0.1068
0.11080000000000001
0.1288
0.1041
0.0746
0.0885
0.046
0.2218
0.1948
0.184
0.1786
0.1886
0.20729999999999998
0.2589
0.2328
0.5127
0.4255
0.5783
1.2905
0.4023
0.28959999999999997
0.33640000000000003
0.8332
0.9424
0.1892
1.248
0.1588
0.2599
0.3218
0.3578
0.3098
0.0903
0.0558
0.059
0.051000000000000004
0.0574
0.0471
0.1177
0.2676
1.6891
0.34419999999999995
0.3456
0.28969999999999996
0.2044
0.0973
1.6837
0.7242
0.9585
0.253
0.241
0.3327
0.1017
0.0
0.0
0.0189
2.7616
2.8531
2.9840999999999998
3.0951
3.1409
2.9847
1.9863
1.1571
1.9777
2.7058
2.8354
1.9903
0.798
0.43069999999999997
0.495
0.7586999999999999
1.8191
1.9278
2.474
3.9056
4.261900000000001
3.3728
1.391
2.4989999999999997
1.6204
0.7941
0.2546
0.2216
0.2519
0.3739
0.4871
0.261
0.255
0.24409999999999998
0.25780000000000003
0.2492
0.2642
0.2643
0.6371
0.49360000000000004
0.32589999999999997
0.384
0.4416
1.1712
1.0411000000000001
0.7432000000000001
0.5771
2.9649
0.086
0.0662
0.0648
0.0655
0.0658
0.0746
0.0984
0.2228
0.3039
0.3184
0.32999999999999996
0.3492
0.4313
0.7548999999999999
0.8160000000000001
0.8619
1.2161
1.1907
0.7123999999999999
0.4515
0.4662
0.485
0.5471
0.8277000000000001
1.8155
0.2606
0.2384
0.23470000000000002
0.21889999999999998
0.2452
0.254
0.304
0.3398
0.37729999999999997
0.4331
0.482
0.45289999999999997
0.4441
0.4642
0.5222
0.5803
1.4062000000000001
1.0436
0.7459
0.7495
0.7941
0.815
1.9078
0.6002
5.129300000000001
4.6647
2.2575000000000003
1.0224
0.26130000000000003
0.0416
0.0036
0.0411
0.07819999999999999
0.0564
0.078
0.0819
0.0923
0.0839
0.0696
0.1133
0.1068
0.11080000000000001
0.1288
0.1041
0.0746
0.0885
0.046
0.2218
0.1948
0.184
0.1786
0.1886
0.20729999999999998
0.2589
0.2328
0.5127
0.4255
0.5783
1.2905
0.4023
0.28959999999999997
0.33640000000000003
0.8332
0.9424
0.1892
1.248
0.1588
0.2599
0.3218
0.3578
0.3098
0.0903
0.0558
0.059
0.051000000000000004
0.0574
0.0471
0.1177
0.2676
1.6891
0.34419999999999995
0.3456
0.28969999999999996
0.2044
0.0973
1.6837
0.7242
0.9585
0.253
0.241
0.3327
0.1017
0.0
0.0
0.0189
2.7616
2.8531
2.9840999999999998
3.0951
3.1409
2.9847
1.9863
1.1571
1.9777
2.7058
2.8354
1.9903
0.798
0.43069999999999997
0.495
0.7586999999999999
1.8191
1.9278
2.474
3.9056
4.261900000000001
3.3728
1.391
2.4989999999999997
1.6204
0.7941
0.2546
0.2216
0.2519
0.3739
0.4871
0.261
0.255
0.24409999999999998
0.25780000000000003
0.2492
0.2642
0.2643
0.6371
0.49360000000000004
0.32589999999999997
0.384
0.4416
1.1712
1.0411000000000001
0.7432000000000001
0.5771
2.9649
0.086
0.0662
0.0648
0.0655
0.0658
0.0746
0.0984
0.2228
0.3039
0.3184
0.32999999999999996
0.3492
0.4313
0.7548999999999999
0.8160000000000001
0.8619
1.2161
1.1907
0.7123999999999999
0.4515
0.4662
0.485
0.5471
0.8277000000000001
1.8155
0.2606
0.2384
0.23470000000000002
0.21889999999999998
0.2452
0.254
0.304
0.3398
0.37729999999999997
0.4331
0.482
0.45289999999999997
0.4441
0.4642
0.5222
0.5803
1.4062000000000001
1.0436
0.7459
0.7495
0.7941
0.815
1.9078
0.6002
5.129300000000001
4.6647
2.2575000000000003
1.0224
0.26130000000000003
0.0416
0.0036
0.0411
0.07819999999999999
0.0564
0.078
0.0819
0.0923
0.0839
0.0696
0.1133
0.1068
0.11080000000000001
0.1288
0.1041
0.0746
0.0885
0.046
0.2218
0.1948
0.184
0.1786
0.1886
0.20729999999999998
0.2589
0.2328
0.5127
0.4255
0.5783
1.2905
0.4023
0.28959999999999997
0.33640000000000003
0.8332
0.9424
0.1892
1.248
0.1588
0.2599
0.3218
0.3578
0.3098
0.0903
0.0558
0.059
0.051000000000000004
0.0574
0.0471
0.1177
0.2676
1.6891
0.34419999999999995
0.3456
0.28969999999999996
0.2044
0.0973
1.6837
0.7242
0.9585
0.253
0.241
0.3327
0.1017
0.0
0.0
0.0189
2.7616
2.8531
2.9840999999999998
3.0951
3.1409
2.9847
1.9863
1.1571
1.9777
2.7058
2.8354
1.9903
0.798
0.43069999999999997
0.495
0.7586999999999999
1.8191
1.9278
2.474
3.9056
4.261900000000001
3.3728
1.391
2.4989999999999997
1.6204
0.7941
0.2546
0.2216
0.2519
0.3739
0.4871
0.261
0.255
0.24409999999999998
0.25780000000000003
0.2492
0.2642
0.2643
0.6371
0.49360000000000004
0.32589999999999997
0.384
0.4416
1.1712
1.0411000000000001
0.7432000000000001
0.5771
2.9649
0.086
0.0662
0.0648
0.0655
0.0658
0.0746
0.0984
0.2228
0.3039
0.3184
0.32999999999999996
0.3492
0.4313
0.7548999999999999
0.8160000000000001
0.8619
1.2161
1.1907
0.7123999999999999
0.4515
0.4662
0.485
0.5471
0.8277000000000001
1.8155
0.2606
0.2384
0.23470000000000002
0.21889999999999998
0.2452
0.254
0.304
0.3398
0.37729999999999997
0.4331
0.482
0.45289999999999997
0.4441
0.4642
0.5222
0.5803
1.4062000000000001
1.0436
0.7459
0.7495
0.7941
0.815
1.9078
0.6002
5.129300000000001
4.6647
2.2575000000000003
1.0224
0.26130000000000003
0.0416
0.0036
0.0411
0.07819999999999999
0.0564
0.078
0.0819
0.0923
0.0839
0.0696
0.1133
0.1068
0.11080000000000001
0.1288
0.1041
0.0746
0.0885
0.046
0.1427
0.1652
0.1603
0.1675
0.1773
0.19169999999999998
0.28300000000000003
0.3216
1.7331
2.4871000000000003
0.5803
0.6713
0.8587
1.3308
1.4092
0.7827
0.44279999999999997
0.8960999999999999
1.4272
0.8658
0.14250000000000002
0.1392
0.1362
0.1185
0.1532
0.1583
0.1466
0.14379999999999998
0.14350000000000002
0.1446
0.1391
0.12279999999999999
0.0821
0.0689
0.1111
0.1854
0.7499
1.2582
0.9570000000000001
1.3216999999999999
0.48619999999999997
0.2111
0.1989
0.2302
0.21439999999999998
0.2009
0.26289999999999997
2.6207000000000003
0.39849999999999997
0.38749999999999996
0.37229999999999996
0.34140000000000004
0.2884
0.3553
0.4921
0.7086
1.0085
1.214
1.4719
1.3685
1.1175
4.8794
1.3016
0.6006
0.5805
0.26949999999999996
0.3611
0.4074
0.4362
0.43479999999999996
2.3716999999999997
4.257099999999999
0.7446999999999999
0.78
0.7689
0.7469
0.6741
0.6419
0.8168
3.0197
0.6763
0.2913
0.23399999999999999
0.2002
0.19440000000000002
0.14800000000000002
0.1407
0.85
0.48960000000000004
0.4349
0.5701
0.7211000000000001
0.5839
0.3446
0.2783
0.2903
1.9962
1.8099
0.1605
0.1144
0.0902
0.1084
0.1147
0.18030000000000002
0.18569999999999998
0.41309999999999997
1.031
1.053
0.3191
0.2258
0.2164
0.8789
1.3940000000000001
0.8619000000000001
0.5064
0.4613
0.4339
0.6819
1.5028000000000001
1.2934
0.9057
0.8942
0.8749
0.8422000000000001
0.8272999999999999
0.8267
0.8383
0.8563000000000001
0.8689
0.8847
0.8679
0.8229
0.8193
0.7978000000000001
0.9057
1.0553
0.8293999999999999
0.7917
1.4473
1.5190000000000001
1.0567
1.0203
0.9366000000000001
1.4604
0.39990000000000003
0.4102
0.3819
0.3726
0.36429999999999996
0.352
0.3262
0.9985999999999999
1.5597
0.4032
0.3994
0.392
0.31379999999999997
0.26890000000000003
0.26949999999999996
0.2776
0.3292
1.1505
1.7308
1.8018999999999998
0.604
0.39890000000000003
0.3262
0.32589999999999997
0.1427
0.1652
0.1603
0.1675
0.1773
0.19169999999999998
0.28300000000000003
0.3216
1.7331
2.4871000000000003
0.5803
0.6713
0.8587
1.3308
1.4092
0.7827
0.44279999999999997
0.8960999999999999
1.4272
0.8658
0.14250000000000002
0.1392
0.1362
0.1185
0.1532
0.1583
0.1466
0.14379999999999998
0.14350000000000002
0.1446
0.1391
0.12279999999999999
0.0821
0.0689
0.1111
0.1854
0.7499
1.2582
0.9570000000000001
1.3216999999999999
0.48619999999999997
0.2111
0.1989
0.2302
0.21439999999999998
0.2009
0.26289999999999997
2.6207000000000003
0.39849999999999997
0.38749999999999996
0.37229999999999996
0.34140000000000004
0.2884
0.3553
0.4921
0.7086
1.0085
1.214
1.4719
1.3685
1.1175
4.8794
1.3016
0.6006
0.5805
0.26949999999999996
0.3611
0.4074
0.4362
0.43479999999999996
2.3716999999999997
4.257099999999999
0.7446999999999999
0.78
0.7689
0.7469
0.6741
0.6419
0.8168
3.0197
0.6763
0.2913
0.23399999999999999
0.2002
0.19440000000000002
0.14800000000000002
0.1407
0.85
0.48960000000000004
0.4349
0.5701
0.7211000000000001
0.5839
0.3446
0.2783
0.2903
1.9962
1.8099
0.1605
0.1144
0.0902
0.1084
0.1147
0.18030000000000002
0.18569999999999998
0.41309999999999997
1.031
1.053
0.3191
0.2258
0.2164
0.8789
1.3940000000000001
0.8619000000000001
0.5064
0.4613
0.4339
0.6819
1.5028000000000001
1.2934
0.9057
0.8942
0.8749
0.8422000000000001
0.8272999999999999
0.8267
0.8383
0.8563000000000001
0.8689
0.8847
0.8679
0.8229
0.8193
0.7978000000000001
0.9057
1.0553
0.8293999999999999
0.7917
1.4473
1.5190000000000001
1.0567
1.0203
0.9366000000000001
1.4604
0.39990000000000003
0.4102
0.3819
0.3726
0.36429999999999996
0.352
0.3262
0.9985999999999999
1.5597
0.4032
0.3994
0.392
0.31379999999999997
0.26890000000000003
0.26949999999999996
0.2776
0.3292
1.1505
1.7308
1.8018999999999998
0.604
0.39890000000000003
0.3262
0.32589999999999997
0.1427
0.1652
0.1603
0.1675
0.1773
0.19169999999999998
0.28300000000000003
0.3216
1.7331
2.4871000000000003
0.5803
0.6713
0.8587
1.3308
1.4092
0.7827
0.44279999999999997
0.8960999999999999
1.4272
0.8658
0.14250000000000002
0.1392
0.1362
0.1185
0.1532
0.1583
0.1466
0.14379999999999998
0.14350000000000002
0.1446
0.1391
0.12279999999999999
0.0821
0.0689
0.1111
0.1854
0.7499
1.2582
0.9570000000000001
1.3216999999999999
0.48619999999999997
0.2111
0.1989
0.2302
0.21439999999999998
0.2009
0.26289999999999997
2.6207000000000003
0.39849999999999997
0.38749999999999996
0.37229999999999996
0.34140000000000004
0.2884
0.3553
0.4921
0.7086
1.0085
1.214
1.4719
1.3685
1.1175
4.8794
1.3016
0.6006
0.5805
0.26949999999999996
0.3611
0.4074
0.4362
0.43479999999999996
2.3716999999999997
4.257099999999999
0.7446999999999999
0.78
0.7689
0.7469
0.6741
0.6419
0.8168
3.0197
0.6763
0.2913
0.23399999999999999
0.2002
0.19440000000000002
0.14800000000000002
0.1407
0.85
0.48960000000000004
0.4349
0.5701
0.7211000000000001
0.5839
0.3446
0.2783
0.2903
1.9962
1.8099
0.1605
0.1144
0.0902
0.1084
0.1147
0.18030000000000002
0.18569999999999998
0.41309999999999997
1.031
1.053
0.3191
0.2258
0.2164
0.8789
1.3940000000000001
0.8619000000000001
0.5064
0.4613
0.4339
0.6819
1.5028000000000001
1.2934
0.9057
0.8942
0.8749
0.8422000000000001
0.8272999999999999
0.8267
0.8383
0.8563000000000001
0.8689
0.8847
0.8679
0.8229
0.8193
0.7978000000000001
0.9057
1.0553
0.8293999999999999
0.7917
1.4473
1.5190000000000001
1.0567
1.0203
0.9366000000000001
1.4604
0.39990000000000003
0.4102
0.3819
0.3726
0.36429999999999996
0.352
0.3262
0.9985999999999999
1.5597
0.4032
0.3994
0.392
0.31379999999999997
0.26890000000000003
0.26949999999999996
0.2776
0.3292
1.1505
1.7308
1.8018999999999998
0.604
0.39890000000000003
0.3262
0.32589999999999997
0.1427
0.1652
0.1603
0.1675
0.1773
0.19169999999999998
0.28300000000000003
0.3216
1.7331
2.4871000000000003
0.5803
0.6713
0.8587
1.3308
1.4092
0.7827
0.44279999999999997
0.8960999999999999
1.4272
0.8658
0.14250000000000002
0.1392
0.1362
0.1185
0.1532
0.1583
0.1466
0.14379999999999998
0.14350000000000002
0.1446
0.1391
0.12279999999999999
0.0821
0.0689
0.1111
0.1854
0.7499
1.2582
0.9570000000000001
1.3216999999999999
0.48619999999999997
0.2111
0.1989
0.2302
0.21439999999999998
0.2009
0.26289999999999997
2.6207000000000003
0.39849999999999997
0.38749999999999996
0.37229999999999996
0.34140000000000004
0.2884
0.3553
0.4921
0.7086
1.0085
1.214
1.4719
1.3685
1.1175
4.8794
1.3016
0.6006
0.5805
0.26949999999999996
0.3611
0.4074
0.4362
0.43479999999999996
2.3716999999999997
4.257099999999999
0.7446999999999999
0.78
0.7689
0.7469
0.6741
0.6419
0.8168
3.0197
0.6763
0.2913
0.23399999999999999
0.2002
0.19440000000000002
0.14800000000000002
0.1407
0.85
0.48960000000000004
0.4349
0.5701
0.7211000000000001
0.5839
0.3446
0.2783
0.2903
1.9962
1.8099
0.1605
0.1144
0.0902
0.1084
0.1147
0.18030000000000002
0.18569999999999998
0.41309999999999997
1.031
1.053
0.3191
0.2258
0.2164
0.8789
1.3940000000000001
0.8619000000000001
0.5064
0.4613
0.4339
0.6819
1.5028000000000001
1.2934
0.9057
0.8942
0.8749
0.8422000000000001
0.8272999999999999
0.8267
0.8383
0.8563000000000001
0.8689
0.8847
0.8679
0.8229
0.8193
0.7978000000000001
0.9057
1.0553
0.8293999999999999
0.7917
1.4473
1.5190000000000001
1.0567
1.0203
0.9366000000000001
1.4604
0.39990000000000003
0.4102
0.3819
0.3726
0.36429999999999996
0.352
0.3262
0.9985999999999999
1.5597
0.4032
0.3994
0.392
0.31379999999999997
0.26890000000000003
0.26949999999999996
0.2776
0.3292
1.1505
1.7308
1.8018999999999998
0.604
0.39890000000000003
0.3262
0.32589999999999997
0.1427
0.1652
0.1603
0.1675
0.1773
0.19169999999999998
0.28300000000000003
0.3216
1.7331
2.4871000000000003
0.5803
0.6713
0.8587
1.3308
1.4092
0.7827
0.44279999999999997
0.8960999999999999
1.4272
0.8658
0.14250000000000002
0.1392
0.1362
0.1185
0.1532
0.1583
0.1466
0.14379999999999998
0.14350000000000002
0.1446
0.1391
0.12279999999999999
0.0821
0.0689
0.1111
0.1854
0.7499
1.2582
0.9570000000000001
1.3216999999999999
0.48619999999999997
0.2111
0.1989
0.2302
0.21439999999999998
0.2009
0.26289999999999997
2.6207000000000003
0.1735
0.2011
0.19840000000000002
0.2017
0.192
0.4638
0.3402
0.1343
0.4426
0.0069
0.044
0.06920000000000001
0.0694
0.07189999999999999
0.1082
0.0113
0.0
0.0
0.0
0.0226
0.1243
0.0544
0.009
0.0
0.08080000000000001
0.07919999999999999
0.0828
0.0784
0.0784
0.08
0.1089
0.29000000000000004
0.42410000000000003
0.4288
0.3778
0.39139999999999997
0.368
1.5398
0.3176
0.26990000000000003
0.2917
1.2226
0.325
1.456
0.6814
0.6932
0.3129
0.11080000000000001
0.0
0.0
0.0
0.0
0.0
0.0
0.133
0.40190000000000003
3.9908
0.7146
0.30469999999999997
1.346
2.1253
6.6534
8.6371
0.4689
2.1739
3.7103
0.7706
0.1363
0.0
0.0
0.0
0.0
2.1908000000000003
4.7136
8.1094
7.4190000000000005
1.9936
0.0658
1.9566
0.3036
0.34299999999999997
0.3762
0.3908
0.42269999999999996
0.4415
0.4234
0.619
0.6955
0.42200000000000004
0.4312
0.5187999999999999
0.48750000000000004
0.4119
0.39790000000000003
0.3478
0.2824
1.3136
0.8419
0.34809999999999997
0.30569999999999997
0.3127
0.3217
0.3771
0.39380000000000004
0.42600000000000005
0.4363
0.4312
0.4213
0.43479999999999996
0.4381
0.4679
1.0267
0.4515
0.42469999999999997
0.4508
0.4536
0.7164
1.1343
1.0602
0.7558
1.1576
2.0938
0.9412
1.1135
0.9335
0.9521999999999999
0.40359999999999996
0.11760000000000001
0.1005
0.08860000000000001
0.0892
0.0676
0.0534
0.0534
0.044700000000000004
0.0464
0.0395
0.0466
0.0434
0.1216
0.29810000000000003
0.185
0.0997
0.0581
0.5590999999999999
0.6501
0.4098
0.34209999999999996
0.4949
0.5544
0.5232
0.6700999999999999
0.371
0.2215
0.1115
1.2727
0.974
0.1888
0.07
0.0127
0.0924
0.32739999999999997
0.055400000000000005
0.07930000000000001
0.0942
0.0955
0.301
0.32989999999999997
0.1735
0.2011
0.19840000000000002
0.2017
0.192
0.4638
0.3402
0.1343
0.4426
0.0069
0.044
0.06920000000000001
0.0694
0.07189999999999999
0.1082
0.0113
0.0
0.0
0.0
0.0226
0.1243
0.0544
0.009
0.0
0.08080000000000001
0.07919999999999999
0.0828
0.0784
0.0784
0.08
0.1089
0.29000000000000004
0.42410000000000003
0.4288
0.3778
0.39139999999999997
0.368
1.5398
0.3176
0.26990000000000003
0.2917
1.2226
0.325
1.456
0.6814
0.6932
0.3129
0.11080000000000001
0.0
0.0
0.0
0.0
0.0
0.0
0.133
0.40190000000000003
3.9908
0.7146
0.30469999999999997
1.346
2.1253
6.6534
8.6371
0.4689
2.1739
3.7103
0.7706
0.1363
0.0
0.0
0.0
0.0
2.1908000000000003
4.7136
8.1094
7.4190000000000005
1.9936
0.0658
1.9566
0.3036
0.34299999999999997
0.3762
0.3908
0.42269999999999996
0.4415
0.4234
0.619
0.6955
0.42200000000000004
0.4312
0.5187999999999999
0.48750000000000004
0.4119
0.39790000000000003
0.3478
0.2824
1.3136
0.8419
0.34809999999999997
0.30569999999999997
0.3127
0.3217
0.3771
0.39380000000000004
0.42600000000000005
0.4363
0.4312
0.4213
0.43479999999999996
0.4381
0.4679
1.0267
0.4515
0.42469999999999997
0.4508
0.4536
0.7164
1.1343
1.0602
0.7558
1.1576
2.0938
0.9412
1.1135
0.9335
0.9521999999999999
0.40359999999999996
0.11760000000000001
0.1005
0.08860000000000001
0.0892
0.0676
0.0534
0.0534
0.044700000000000004
0.0464
0.0395
0.0466
0.0434
0.1216
0.29810000000000003
0.185
0.0997
0.0581
0.5590999999999999
0.6501
0.4098
0.34209999999999996
0.4949
0.5544
0.5232
0.6700999999999999
0.371
0.2215
0.1115
1.2727
0.974
0.1888
0.07
0.0127
0.0924
0.32739999999999997
0.055400000000000005
0.07930000000000001
0.0942
0.0955
0.301
0.32989999999999997
0.1735
0.2011
0.19840000000000002
0.2017
0.192
0.4638
0.3402
0.1343
0.4426
0.0069
0.044
0.06920000000000001
0.0694
0.07189999999999999
0.1082
0.0113
0.0
0.0
0.0
0.0226
0.1243
0.0544
0.009
0.0
0.08080000000000001
0.07919999999999999
0.0828
0.0784
0.0784
0.08
0.1089
0.29000000000000004
0.42410000000000003
0.4288
0.3778
0.39139999999999997
0.368
1.5398
0.3176
0.26990000000000003
0.2917
1.2226
0.325
1.456
0.6814
0.6932
0.3129
0.11080000000000001
0.0
0.0
0.0
0.0
0.0
0.0
0.133
0.40190000000000003
3.9908
0.7146
0.30469999999999997
1.346
2.1253
6.6534
8.6371
0.4689
2.1739
3.7103
0.7706
0.1363
0.0
0.0
0.0
0.0
2.1908000000000003
4.7136
8.1094
7.4190000000000005
1.9936
0.0658
1.9566
0.3036
0.34299999999999997
0.3762
0.3908
0.42269999999999996
0.4415
0.4234
0.619
0.6955
0.42200000000000004
0.4312
0.5187999999999999
0.48750000000000004
0.4119
0.39790000000000003
0.3478
0.2824
1.3136
0.8419
0.34809999999999997
0.30569999999999997
0.3127
0.3217
0.3771
0.39380000000000004
0.42600000000000005
0.4363
0.4312
0.4213
0.43479999999999996
0.4381
0.4679
1.0267
0.4515
0.42469999999999997
0.4508
0.4536
0.7164
1.1343
1.0602
0.7558
1.1576
2.0938
0.9412
1.1135
0.9335
0.9521999999999999
0.40359999999999996
0.11760000000000001
0.1005
0.08860000000000001
0.0892
0.0676
0.0534
0.0534
0.044700000000000004
0.0464
0.0395
0.0466
0.0434
0.1216
0.29810000000000003
0.185
0.0997
0.0581
0.5590999999999999
0.6501
0.4098
0.34209999999999996
0.4949
0.5544
0.5232
0.6700999999999999
0.371
0.2215
0.1115
1.2727
0.974
0.1888
0.07
0.0127
0.0924
0.32739999999999997
0.055400000000000005
0.07930000000000001
0.0942
0.0955
0.301
0.32989999999999997
0.1735
0.2011
0.19840000000000002
0.2017
0.192
0.4638
0.3402
0.1343
0.4426
0.0069
0.044
0.06920000000000001
0.0694
0.07189999999999999
0.1082
0.0113
0.0
0.0
0.0
0.0226
0.1243
0.0544
0.009
0.0
0.08080000000000001
0.07919999999999999
0.0828
0.0784
0.0784
0.08
0.1089
0.29000000000000004
0.42410000000000003
0.4288
0.3778
0.39139999999999997
0.368
1.5398
0.3176
0.26990000000000003
0.2917
1.2226
0.325
1.456
0.6814
0.6932
0.3129
0.11080000000000001
0.0
0.0
0.0
0.0
0.0
0.0
0.133
0.40190000000000003
3.9908
0.7146
0.30469999999999997
1.346
2.1253
6.6534
8.6371
0.4689
2.1739
3.7103
0.7706
0.1363
0.0
0.0
0.0
0.0
2.1908000000000003
4.7136
8.1094
7.4190000000000005
1.9936
0.0658
1.9566
0.3036
0.34299999999999997
0.3762
0.3908
0.42269999999999996
0.4415
0.4234
0.619
0.6955
0.42200000000000004
0.4312
0.5187999999999999
0.48750000000000004
0.4119
0.39790000000000003
0.3478
0.2824
1.3136
0.8419
0.34809999999999997
0.30569999999999997
0.3127
0.3217
0.3771
0.39380000000000004
0.42600000000000005
0.4363
0.4312
0.4213
0.43479999999999996
0.4381
0.4679
1.0267
0.4515
0.42469999999999997
0.4508
0.4536
0.7164
1.1343
1.0602
0.7558
1.1576
2.0938
0.9412
1.1135
0.9335
0.9521999999999999
0.40359999999999996
0.11760000000000001
0.1005
0.08860000000000001
0.0892
0.0676
0.0534
0.0534
0.044700000000000004
0.0464
0.0395
0.0466
0.0434
0.1216
0.29810000000000003
0.185
0.0997
0.0581
0.5590999999999999
0.6501
0.4098
0.34209999999999996
0.4949
0.5544
0.5232
0.6700999999999999
0.371
0.2215
0.1115
1.2727
0.974
0.1888
0.07
0.0127
0.0924
0.32739999999999997
0.055400000000000005
0.07930000000000001
0.0942
0.0955
0.301
0.32989999999999997
0.1735
0.2011
0.19840000000000002
0.2017
0.192
0.4638
0.3402
0.1343
0.4426
0.0069
0.044
0.06920000000000001
0.0694
0.07189999999999999
0.1082
0.0113
0.0
0.0
0.0
0.0226
0.1243
0.0544
0.009
0.0
0.08080000000000001
0.07919999999999999
0.0828
0.0784
0.0784
0.08
0.1089
0.29000000000000004
0.42410000000000003
0.4288
0.3778
0.39139999999999997
0.368
1.5398
0.3176
0.26990000000000003
0.2917
1.2226
0.325
1.456
0.6814
0.6932
0.3129
0.11080000000000001
0.0
0.0
0.0
0.0
0.0
0.0
0.133
0.40190000000000003
3.9908
0.7146
0.30469999999999997
1.346
2.1253
6.6534
8.6371
0.4689
2.1739
3.7103
0.7706
0.1363
0.0
0.0
0.0
0.0
2.2709
2.6521
2.7457000000000003
2.9055999999999997
2.9613
3.0098
2.1401000000000003
0.6888000000000001
0.9139999999999999
1.0901
1.1463999999999999
1.3064
1.2944
1.3524
2.2409
2.2858
3.2705
2.8767
2.0583
1.7558
2.5159
3.0220000000000002
2.4078999999999997
1.8873
0.3826
0.34950000000000003
0.3274
0.3266
0.3292
0.35609999999999997
0.452
0.7169
0.5942000000000001
0.5816
0.6408
0.8742000000000001
1.6943
0.6199
0.5395
1.1894
1.2121
0.7095
0.5881000000000001
0.5261
0.5261
0.5395
0.5
2.5969
0.1117
0.1094
0.1072
0.1091
0.111
0.1152
0.1051
0.10350000000000001
0.146
0.1061
0.098
0.0958
0.0983
0.1085
0.1203
0.1227
0.1444
0.12890000000000001
0.1095
0.1015
0.0975
0.0997
0.1128
0.1193
0.2488
0.2371
0.23020000000000002
0.22970000000000002
0.2319
0.2512
0.32099999999999995
0.451
0.5367999999999999
0.5514
0.5655
0.7136
0.8804000000000001
0.6221000000000001
0.577
0.6081
0.6756
1.925
1.5337
0.6311
0.3937
0.3709
0.3351
0.2761
0.1235
0.127
0.1276
0.1234
0.1265
0.131
0.17
0.1825
0.20040000000000002
0.2922
0.37260000000000004
0.7172
1.165
1.2699
0.45110000000000006
0.649
0.6054
0.274
0.4289
1.3214
0.7637
0.6683
0.2046
0.1124
0.7776000000000001
0.6375
0.5574
0.43279999999999996
0.3711
0.3446
0.39170000000000005
0.5901000000000001
0.5824
0.6551
0.9027
1.7331
1.8731
0.9763
0.9551000000000001
0.8964
1.6008
1.8559
1.7826
0.9062
0.8277
0.8691
0.9899
0.9419
0.0387
0.038599999999999995
0.0392
0.0387
0.0412
0.0431
0.0375
0.0328
0.0304
0.0346
0.0297
0.0292
0.029900000000000003
0.030600000000000002
0.0313
0.035
0.030699999999999998
0.0471
0.030199999999999998
0.0308
0.026500000000000003
0.0238
0.0325
0.044700000000000004
2.2709
2.6521
2.7457000000000003
2.9055999999999997
2.9613
3.0098
2.1401000000000003
0.6888000000000001
0.9139999999999999
1.0901
1.1463999999999999
1.3064
1.2944
1.3524
2.2409
2.2858
3.2705
2.8767
2.0583
1.7558
2.5159
3.0220000000000002
2.4078999999999997
1.8873
0.3826
0.34950000000000003
0.3274
0.3266
0.3292
0.35609999999999997
0.452
0.7169
0.5942000000000001
0.5816
0.6408
0.8742000000000001
1.6943
0.6199
0.5395
1.1894
1.2121
0.7095
0.5881000000000001
0.5261
0.5261
0.5395
0.5
2.5969
0.1117
0.1094
0.1072
0.1091
0.111
0.1152
0.1051
0.10350000000000001
0.146
0.1061
0.098
0.0958
0.0983
0.1085
0.1203
0.1227
0.1444
0.12890000000000001
0.1095
0.1015
0.0975
0.0997
0.1128
0.1193
0.2488
0.2371
0.23020000000000002
0.22970000000000002
0.2319
0.2512
0.32099999999999995
0.451
0.5367999999999999
0.5514
0.5655
0.7136
0.8804000000000001
0.6221000000000001
0.577
0.6081
0.6756
1.925
1.5337
0.6311
0.3937
0.3709
0.3351
0.2761
0.1235
0.127
0.1276
0.1234
0.1265
0.131
0.17
0.1825
0.20040000000000002
0.2922
0.37260000000000004
0.7172
1.165
1.2699
0.45110000000000006
0.649
0.6054
0.274
0.4289
1.3214
0.7637
0.6683
0.2046
0.1124
0.7776000000000001
0.6375
0.5574
0.43279999999999996
0.3711
0.3446
0.39170000000000005
0.5901000000000001
0.5824
0.6551
0.9027
1.7331
1.8731
0.9763
0.9551000000000001
0.8964
1.6008
1.8559
1.7826
0.9062
0.8277
0.8691
0.9899
0.9419
0.0387
0.038599999999999995
0.0392
0.0387
0.0412
0.0431
0.0375
0.0328
0.0304
0.0346
0.0297
0.0292
0.029900000000000003
0.030600000000000002
0.0313
0.035
0.030699999999999998
0.0471
0.030199999999999998
0.0308
0.026500000000000003
0.0238
0.0325
0.044700000000000004
2.2709
2.6521
2.7457000000000003
2.9055999999999997
2.9613
3.0098
2.1401000000000003
0.6888000000000001
0.9139999999999999
1.0901
1.1463999999999999
1.3064
1.2944
1.3524
2.2409
2.2858
3.2705
2.8767
2.0583
1.7558
2.5159
3.0220000000000002
2.4078999999999997
1.8873
0.3826
0.34950000000000003
0.3274
0.3266
0.3292
0.35609999999999997
0.452
0.7169
0.5942000000000001
0.5816
0.6408
0.8742000000000001
1.6943
0.6199
0.5395
1.1894
1.2121
0.7095
0.5881000000000001
0.5261
0.5261
0.5395
0.5
2.5969
0.1117
0.1094
0.1072
0.1091
0.111
0.1152
0.1051
0.10350000000000001
0.146
0.1061
0.098
0.0958
0.0983
0.1085
0.1203
0.1227
0.1444
0.12890000000000001
0.1095
0.1015
0.0975
0.0997
0.1128
0.1193
0.2488
0.2371
0.23020000000000002
0.22970000000000002
0.2319
0.2512
0.32099999999999995
0.451
0.5367999999999999
0.5514
0.5655
0.7136
0.8804000000000001
0.6221000000000001
0.577
0.6081
0.6756
1.925
1.5337
0.6311
0.3937
0.3709
0.3351
0.2761
0.1235
0.127
0.1276
0.1234
0.1265
0.131
0.17
0.1825
0.20040000000000002
0.2922
0.37260000000000004
0.7172
1.165
1.2699
0.45110000000000006
0.649
0.6054
0.274
0.4289
1.3214
0.7637
0.6683
0.2046
0.1124
0.7776000000000001
0.6375
0.5574
0.43279999999999996
0.3711
0.3446
0.39170000000000005
0.5901000000000001
0.5824
0.6551
0.9027
1.7331
1.8731
0.9763
0.9551000000000001
0.8964
1.6008
1.8559
1.7826
0.9062
0.8277
0.8691
0.9899
0.9419
0.0387
0.038599999999999995
0.0392
0.0387
0.0412
0.0431
0.0375
0.0328
0.0304
0.0346
0.0297
0.0292
0.029900000000000003
0.030600000000000002
0.0313
0.035
0.030699999999999998
0.0471
0.030199999999999998
0.0308
0.026500000000000003
0.0238
0.0325
0.044700000000000004
2.2709
2.6521
2.7457000000000003
2.9055999999999997
2.9613
3.0098
2.1401000000000003
0.6888000000000001
0.9139999999999999
1.0901
1.1463999999999999
1.3064
1.2944
1.3524
2.2409
2.2858
3.2705
2.8767
2.0583
1.7558
2.5159
3.0220000000000002
2.4078999999999997
1.8873
0.3826
0.34950000000000003
0.3274
0.3266
0.3292
0.35609999999999997
0.452
0.7169
0.5942000000000001
0.5816
0.6408
0.8742000000000001
1.6943
0.6199
0.5395
1.1894
1.2121
0.7095
0.5881000000000001
0.5261
0.5261
0.5395
0.5
2.5969
0.1117
0.1094
0.1072
0.1091
0.111
0.1152
0.1051
0.10350000000000001
0.146
0.1061
0.098
0.0958
0.0983
0.1085
0.1203
0.1227
0.1444
0.12890000000000001
0.1095
0.1015
0.0975
0.0997
0.1128
0.1193
0.2488
0.2371
0.23020000000000002
0.22970000000000002
0.2319
0.2512
0.32099999999999995
0.451
0.5367999999999999
0.5514
0.5655
0.7136
0.8804000000000001
0.6221000000000001
0.577
0.6081
0.6756
1.925
1.5337
0.6311
0.3937
0.3709
0.3351
0.2761
0.1235
0.127
0.1276
0.1234
0.1265
0.131
0.17
0.1825
0.20040000000000002
0.2922
0.37260000000000004
0.7172
1.165
1.2699
0.45110000000000006
0.649
0.6054
0.274
0.4289
1.3214
0.7637
0.6683
0.2046
0.1124
0.7776000000000001
0.6375
0.5574
0.43279999999999996
0.3711
0.3446
0.39170000000000005
0.5901000000000001
0.5824
0.6551
0.9027
1.7331
1.8731
0.9763
0.9551000000000001
0.8964
1.6008
1.8559
1.7826
0.9062
0.8277
0.8691
0.9899
0.9419
0.0387
0.038599999999999995
0.0392
0.0387
0.0412
0.0431
0.0375
0.0328
0.0304
0.0346
0.0297
0.0292
0.029900000000000003
0.030600000000000002
0.0313
0.035
0.030699999999999998
0.0471
0.030199999999999998
0.0308
0.026500000000000003
0.0238
0.0325
0.044700000000000004
2.2709
2.6521
2.7457000000000003
2.9055999999999997
2.9613
3.0098
2.1401000000000003
0.6888000000000001
0.9139999999999999
1.0901
1.1463999999999999
1.3064
1.2944
1.3524
2.2409
2.2858
3.2705
2.8767
2.0583
1.7558
2.5159
3.0220000000000002
2.4078999999999997
1.8873
0.3826
0.34950000000000003
0.3274
0.3266
0.3292
0.35609999999999997
0.452
0.7169
0.5942000000000001
0.5816
0.6408
0.8742000000000001
1.6943
0.6199
0.5395
1.1894
1.2121
0.7095
0.5881000000000001
0.5261
0.5261
0.5395
0.5
2.5969
0.2741
0.3214
0.30289999999999995
0.2828
0.27259999999999995
0.2495
0.5789
0.9078999999999999
0.2549
2.6273999999999997
0.3768
0.4433
0.8198
0.49850000000000005
0.3079
0.26149999999999995
0.2328
0.1353
1.956
0.3442
0.1471
0.0466
0.0464
0.027000000000000003
1.9756
2.082
0.7826
0.4
0.3674
0.436
0.6848000000000001
0.20950000000000002
0.0877
0.0489
0.0304
0.034
0.012
0.0211
0.0506
0.6668
2.9311999999999996
3.0775
2.4975
1.5884
1.2145
1.7944
4.7165
4.1961
0.8817999999999999
0.819
0.7462
0.6999
0.7063
0.7315
0.9072
1.3825
0.8016
0.7096
0.6841999999999999
0.6825
0.7195
0.7546999999999999
0.7956
0.8923
0.9429
0.9949
1.0691
1.9654
1.5661999999999998
1.0032
0.718
0.7934
0.1391
0.12060000000000001
0.1126
0.1182
0.13269999999999998
0.1464
0.1824
0.24409999999999998
0.3611
0.4631
0.5687
0.7871999999999999
0.9349000000000001
1.3059
0.3721
0.26759999999999995
0.1602
0.1508
0.1086
0.1285
0.22190000000000001
0.33140000000000003
0.37860000000000005
0.246
0.42510000000000003
0.3944
0.3724
0.3654
0.3664
0.41290000000000004
0.4986
0.5988
0.8628
0.9344
0.9464
0.9567
1.5565
1.2006000000000001
0.8996999999999999
1.1741
1.9533999999999998
1.0661
0.8419
0.7473000000000001
0.7586999999999999
1.0653
1.8674
3.7069
1.7748
3.3073
1.7885
0.1633
0.0797
0.1143
0.1067
0.1139
0.0737
0.09839999999999999
0.13119999999999998
0.4776
0.5602
0.5
1.1583999999999999
1.0246
0.4102
0.3111
0.3631
0.5611
3.8631
4.3576
1.9761
4.2049
7.8594
4.9393
6.5942
2.3058
0.5685
0.35950000000000004
0.3248
0.3298
0.3093
0.2831
0.23270000000000002
0.2043
0.1976
0.1923
0.2147
0.2392
0.30810000000000004
2.7488
2.3205999999999998
0.6229
0.5483
0.5791999999999999
0.6034999999999999
2.1083
0.2741
0.3214
0.30289999999999995
0.2828
0.27259999999999995
0.2495
0.5789
0.9078999999999999
0.2549
2.6273999999999997
0.3768
0.4433
0.8198
0.49850000000000005
0.3079
0.26149999999999995
0.2328
0.1353
1.956
0.3442
0.1471
0.0466
0.0464
0.027000000000000003
1.9756
2.082
0.7826
0.4
0.3674
0.436
0.6848000000000001
0.20950000000000002
0.0877
0.0489
0.0304
0.034
0.012
0.0211
0.0506
0.6668
2.9311999999999996
3.0775
2.4975
1.5884
1.2145
1.7944
4.7165
4.1961
0.8817999999999999
0.819
0.7462
0.6999
0.7063
0.7315
0.9072
1.3825
0.8016
0.7096
0.6841999999999999
0.6825
0.7195
0.7546999999999999
0.7956
0.8923
0.9429
0.9949
1.0691
1.9654
1.5661999999999998
1.0032
0.718
0.7934
0.1391
0.12060000000000001
0.1126
0.1182
0.13269999999999998
0.1464
0.1824
0.24409999999999998
0.3611
0.4631
0.5687
0.7871999999999999
0.9349000000000001
1.3059
0.3721
0.26759999999999995
0.1602
0.1508
0.1086
0.1285
0.22190000000000001
0.33140000000000003
0.37860000000000005
0.246
0.42510000000000003
0.3944
0.3724
0.3654
0.3664
0.41290000000000004
0.4986
0.5988
0.8628
0.9344
0.9464
0.9567
1.5565
1.2006000000000001
0.8996999999999999
1.1741
1.9533999999999998
1.0661
0.8419
0.7473000000000001
0.7586999999999999
1.0653
1.8674
3.7069
1.7748
3.3073
1.7885
0.1633
0.0797
0.1143
0.1067
0.1139
0.0737
0.09839999999999999
0.13119999999999998
0.4776
0.5602
0.5
1.1583999999999999
1.0246
0.4102
0.3111
0.3631
0.5611
3.8631
4.3576
1.9761
4.2049
7.8594
4.9393
6.5942
2.3058
0.5685
0.35950000000000004
0.3248
0.3298
0.3093
0.2831
0.23270000000000002
0.2043
0.1976
0.1923
0.2147
0.2392
0.30810000000000004
2.7488
2.3205999999999998
0.6229
0.5483
0.5791999999999999
0.6034999999999999
2.1083
0.2741
0.3214
0.30289999999999995
0.2828
0.27259999999999995
0.2495
0.5789
0.9078999999999999
0.2549
2.6273999999999997
0.3768
0.4433
0.8198
0.49850000000000005
0.3079
0.26149999999999995
0.2328
0.1353
1.956
0.3442
0.1471
0.0466
0.0464
0.027000000000000003
1.9756
2.082
0.7826
0.4
0.3674
0.436
0.6848000000000001
0.20950000000000002
0.0877
0.0489
0.0304
0.034
0.012
0.0211
0.0506
0.6668
2.9311999999999996
3.0775
2.4975
1.5884
1.2145
1.7944
4.7165
4.1961
0.8817999999999999
0.819
0.7462
0.6999
0.7063
0.7315
0.9072
1.3825
0.8016
0.7096
0.6841999999999999
0.6825
0.7195
0.7546999999999999
0.7956
0.8923
0.9429
0.9949
1.0691
1.9654
1.5661999999999998
1.0032
0.718
0.7934
0.1391
0.12060000000000001
0.1126
0.1182
0.13269999999999998
0.1464
0.1824
0.24409999999999998
0.3611
0.4631
0.5687
0.7871999999999999
0.9349000000000001
1.3059
0.3721
0.26759999999999995
0.1602
0.1508
0.1086
0.1285
0.22190000000000001
0.33140000000000003
0.37860000000000005
0.246
0.42510000000000003
0.3944
0.3724
0.3654
0.3664
0.41290000000000004
0.4986
0.5988
0.8628
0.9344
0.9464
0.9567
1.5565
1.2006000000000001
0.8996999999999999
1.1741
1.9533999999999998
1.0661
0.8419
0.7473000000000001
0.7586999999999999
1.0653
1.8674
3.7069
1.7748
3.3073
1.7885
0.1633
0.0797
0.1143
0.1067
0.1139
0.0737
0.09839999999999999
0.13119999999999998
0.4776
0.5602
0.5
1.1583999999999999
1.0246
0.4102
0.3111
0.3631
0.5611
3.8631
4.3576
1.9761
4.2049
7.8594
4.9393
6.5942
2.3058
0.5685
0.35950000000000004
0.3248
0.3298
0.3093
0.2831
0.23270000000000002
0.2043
0.1976
0.1923
0.2147
0.2392
0.30810000000000004
2.7488
2.3205999999999998
0.6229
0.5483
0.5791999999999999
0.6034999999999999
2.1083
0.2741
0.3214
0.30289999999999995
0.2828
0.27259999999999995
0.2495
0.5789
0.9078999999999999
0.2549
2.6273999999999997
0.3768
0.4433
0.8198
0.49850000000000005
0.3079
0.26149999999999995
0.2328
0.1353
1.956
0.3442
0.1471
0.0466
0.0464
0.027000000000000003
1.9756
2.082
0.7826
0.4
0.3674
0.436
0.6848000000000001
0.20950000000000002
0.0877
0.0489
0.0304
0.034
0.012
0.0211
0.0506
0.6668
2.9311999999999996
3.0775
2.4975
1.5884
1.2145
1.7944
4.7165
4.1961
0.8817999999999999
0.819
0.7462
0.6999
0.7063
0.7315
0.9072
1.3825
0.8016
0.7096
0.6841999999999999
0.6825
0.7195
0.7546999999999999
0.7956
0.8923
0.9429
0.9949
1.0691
1.9654
1.5661999999999998
1.0032
0.718
0.7934
0.1391
0.12060000000000001
0.1126
0.1182
0.13269999999999998
0.1464
0.1824
0.24409999999999998
0.3611
0.4631
0.5687
0.7871999999999999
0.9349000000000001
1.3059
0.3721
0.26759999999999995
0.1602
0.1508
0.1086
0.1285
0.22190000000000001
0.33140000000000003
0.37860000000000005
0.246
0.42510000000000003
0.3944
0.3724
0.3654
0.3664
0.41290000000000004
0.4986
0.5988
0.8628
0.9344
0.9464
0.9567
1.5565
1.2006000000000001
0.8996999999999999
1.1741
1.9533999999999998
1.0661
0.8419
0.7473000000000001
0.7586999999999999
1.0653
1.8674
3.7069
1.7748
3.3073
1.7885
0.1633
0.0797
0.1143
0.1067
0.1139
0.0737
0.09839999999999999
0.13119999999999998
0.4776
0.5602
0.5
1.1583999999999999
1.0246
0.4102
0.3111
0.3631
0.5611
3.8631
4.3576
1.9761
4.2049
7.8594
4.9393
6.5942
2.3058
0.5685
0.35950000000000004
0.3248
0.3298
0.3093
0.2831
0.23270000000000002
0.2043
0.1976
0.1923
0.2147
0.2392
0.30810000000000004
2.7488
2.3205999999999998
0.6229
0.5483
0.5791999999999999
0.6034999999999999
2.1083
0.2741
0.3214
0.30289999999999995
0.2828
0.27259999999999995
0.2495
0.5789
0.9078999999999999
0.2549
2.6273999999999997
0.3768
0.4433
0.8198
0.49850000000000005
0.3079
0.26149999999999995
0.2328
0.1353
1.956
0.3442
0.1471
0.0466
0.0464
0.027000000000000003
1.9756
2.082
0.7826
0.4
0.3674
0.436
0.6848000000000001
0.20950000000000002
0.0877
0.0489
0.0304
0.034
0.012
0.0211
0.0506
0.6668
2.9311999999999996
3.0775
2.4975
1.5884
1.2145
1.7944
4.7165
4.1961
0.8817999999999999
0.819
0.7462
0.6999
0.7063
0.7315
0.9072
1.3825
0.8016
0.7096
0.6841999999999999
0.6825
0.7195
0.7546999999999999
0.7956
0.8923
0.9429
0.9949
1.0691
1.9654
1.5661999999999998
1.0032
0.718
0.7934
0.3022
0.2082
0.2059
0.2031
0.20040000000000002
0.4259
0.249
0.1051
0.0805
0.0904
0.0914
0.09970000000000001
0.1007
0.0931
0.1119
0.0909
0.075
0.4427
0.1281
0.1895
0.2593
0.1944
0.1264
0.42869999999999997
1.3037999999999998
1.1455
0.6328
0.5463
0.5227999999999999
0.5673999999999999
0.5882000000000001
1.0715
1.3485999999999998
0.9849
0.5849
0.4758
0.4323
0.4302
0.4435
0.6774
1.501
1.1521
1.2321
1.3796
1.6699
1.7023
1.5605
2.0818000000000003
0.2296
0.358
0.3712
0.3716
0.27280000000000004
0.3271
0.2663
0.10640000000000001
0.008
0.010499999999999999
0.026
0.0371
0.04
0.0279
0.027700000000000002
0.0331
0.035699999999999996
0.5806
0.34959999999999997
0.3224
0.40249999999999997
0.3254
0.2649
0.7993
0.1407
0.13779999999999998
0.1436
0.1351
0.125
0.0811
0.0655
0.1689
0.0832
0.0297
0.0247
0.0195
0.0281
0.0278
0.0169
0.3022
0.0925
0.0
0.0202
0.1366
0.3568
0.40249999999999997
0.28959999999999997
0.8948
0.0686
0.124
0.1241
0.12329999999999999
0.1225
0.1501
0.29700000000000004
1.1442
2.1094
0.1005
0.16620000000000001
0.2831
0.2549
0.28500000000000003
0.6173
0.39849999999999997
0.3486
0.776
0.8374999999999999
0.8217
0.0482
0.0
0.0
0.0
1.0377
0.0221
0.1201
0.07339999999999999
0.0476
0.1145
0.1686
0.0
0.020499999999999997
0.0134
0.0195
0.022600000000000002
0.025500000000000002
0.0293
0.0355
0.0946
0.47450000000000003
0.8983
0.41500000000000004
0.2102
0.16010000000000002
0.1084
0.0332
1.7250999999999999
0.6701
0.9369
0.2909
0.2218
0.1806
0.1844
0.2222
0.0815
0.0684
0.17570000000000002
0.06709999999999999
0.0467
0.025599999999999998
0.0393
0.0437
0.0172
0.0097
0.0174
0.015099999999999999
0.0149
0.2642
1.0251000000000001
0.5133
1.3447
0.3022
0.2082
0.2059
0.2031
0.20040000000000002
0.4259
0.249
0.1051
0.0805
0.0904
0.0914
0.09970000000000001
0.1007
0.0931
0.1119
0.0909
0.075
0.4427
0.1281
0.1895
0.2593
0.1944
0.1264
0.42869999999999997
1.3037999999999998
1.1455
0.6328
0.5463
0.5227999999999999
0.5673999999999999
0.5882000000000001
1.0715
1.3485999999999998
0.9849
0.5849
0.4758
0.4323
0.4302
0.4435
0.6774
1.501
1.1521
1.2321
1.3796
1.6699
1.7023
1.5605
2.0818000000000003
0.2296
0.358
0.3712
0.3716
0.27280000000000004
0.3271
0.2663
0.10640000000000001
0.008
0.010499999999999999
0.026
0.0371
0.04
0.0279
0.027700000000000002
0.0331
0.035699999999999996
0.5806
0.34959999999999997
0.3224
0.40249999999999997
0.3254
0.2649
0.7993
0.1407
0.13779999999999998
0.1436
0.1351
0.125
0.0811
0.0655
0.1689
0.0832
0.0297
0.0247
0.0195
0.0281
0.0278
0.0169
0.3022
0.0925
0.0
0.0202
0.1366
0.3568
0.40249999999999997
0.28959999999999997
0.8948
0.0686
0.124
0.1241
0.12329999999999999
0.1225
0.1501
0.29700000000000004
1.1442
2.1094
0.1005
0.16620000000000001
0.2831
0.2549
0.28500000000000003
0.6173
0.39849999999999997
0.3486
0.776
0.8374999999999999
0.8217
0.0482
0.0
0.0
0.0
1.0377
0.0221
0.1201
0.07339999999999999
0.0476
0.1145
0.1686
0.0
0.020499999999999997
0.0134
0.0195
0.022600000000000002
0.025500000000000002
0.0293
0.0355
0.0946
0.47450000000000003
0.8983
0.41500000000000004
0.2102
0.16010000000000002
0.1084
0.0332
1.7250999999999999
0.6701
0.9369
0.2909
0.2218
0.1806
0.1844
0.2222
0.0815
0.0684
0.17570000000000002
0.06709999999999999
0.0467
0.025599999999999998
0.0393
0.0437
0.0172
0.0097
0.0174
0.015099999999999999
0.0149
0.2642
1.0251000000000001
0.5133
1.3447
0.3022
0.2082
0.2059
0.2031
0.20040000000000002
0.4259
0.249
0.1051
0.0805
0.0904
0.0914
0.09970000000000001
0.1007
0.0931
0.1119
0.0909
0.075
0.4427
0.1281
0.1895
0.2593
0.1944
0.1264
0.42869999999999997
1.3037999999999998
1.1455
0.6328
0.5463
0.5227999999999999
0.5673999999999999
0.5882000000000001
1.0715
1.3485999999999998
0.9849
0.5849
0.4758
0.4323
0.4302
0.4435
0.6774
1.501
1.1521
1.2321
1.3796
1.6699
1.7023
1.5605
2.0818000000000003
0.2296
0.358
0.3712
0.3716
0.27280000000000004
0.3271
0.2663
0.10640000000000001
0.008
0.010499999999999999
0.026
0.0371
0.04
0.0279
0.027700000000000002
0.0331
0.035699999999999996
0.5806
0.34959999999999997
0.3224
0.40249999999999997
0.3254
0.2649
0.7993
0.1407
0.13779999999999998
0.1436
0.1351
0.125
0.0811
0.0655
0.1689
0.0832
0.0297
0.0247
0.0195
0.0281
0.0278
0.0169
0.3022
0.0925
0.0
0.0202
0.1366
0.3568
0.40249999999999997
0.28959999999999997
0.8948
0.0686
0.124
0.1241
0.12329999999999999
0.1225
0.1501
0.29700000000000004
1.1442
2.1094
0.1005
0.16620000000000001
0.2831
0.2549
0.28500000000000003
0.6173
0.39849999999999997
0.3486
0.776
0.8374999999999999
0.8217
0.0482
0.0
0.0
0.0
1.0377
0.0221
0.1201
0.07339999999999999
0.0476
0.1145
0.1686
0.0
0.020499999999999997
0.0134
0.0195
0.022600000000000002
0.025500000000000002
0.0293
0.0355
0.0946
0.47450000000000003
0.8983
0.41500000000000004
0.2102
0.16010000000000002
0.1084
0.0332
1.7250999999999999
0.6701
0.9369
0.2909
0.2218
0.1806
0.1844
0.2222
0.0815
0.0684
0.17570000000000002
0.06709999999999999
0.0467
0.025599999999999998
0.0393
0.0437
0.0172
0.0097
0.0174
0.015099999999999999
0.0149
0.2642
1.0251000000000001
0.5133
1.3447
0.3022
0.2082
0.2059
0.2031
0.20040000000000002
0.4259
0.249
0.1051
0.0805
0.0904
0.0914
0.09970000000000001
0.1007
0.0931
0.1119
0.0909
0.075
0.4427
0.1281
0.1895
0.2593
0.1944
0.1264
0.42869999999999997
1.3037999999999998
1.1455
0.6328
0.5463
0.5227999999999999
0.5673999999999999
0.5882000000000001
1.0715
1.3485999999999998
0.9849
0.5849
0.4758
0.4323
0.4302
0.4435
0.6774
1.501
1.1521
1.2321
1.3796
1.6699
1.7023
1.5605
2.0818000000000003
0.2296
0.358
0.3712
0.3716
0.27280000000000004
0.3271
0.2663
0.10640000000000001
0.008
0.010499999999999999
0.026
0.0371
0.04
0.0279
0.027700000000000002
0.0331
0.035699999999999996
0.5806
0.34959999999999997
0.3224
0.40249999999999997
0.3254
0.2649
0.7993
0.1407
0.13779999999999998
0.1436
0.1351
0.125
0.0811
0.0655
0.1689
0.0832
0.0297
0.0247
0.0195
0.0281
0.0278
0.0169
0.3022
0.0925
0.0
0.0202
0.1366
0.3568
0.40249999999999997
0.28959999999999997
0.8948
0.0686
0.124
0.1241
0.12329999999999999
0.1225
0.1501
0.29700000000000004
1.1442
2.1094
0.1005
0.16620000000000001
0.2831
0.2549
0.28500000000000003
0.6173
0.39849999999999997
0.3486
0.776
0.8374999999999999
0.8217
0.0482
0.0
0.0
0.0
1.0377
0.0221
0.1201
0.07339999999999999
0.0476
0.1145
0.1686
0.0
0.020499999999999997
0.0134
0.0195
0.022600000000000002
0.025500000000000002
0.0293
0.0355
0.0946
0.47450000000000003
0.8983
0.41500000000000004
0.2102
0.16010000000000002
0.1084
0.0332
1.7250999999999999
0.6701
0.9369
0.2909
0.2218
0.1806
0.1844
0.2222
0.0815
0.0684
0.17570000000000002
0.06709999999999999
0.0467
0.025599999999999998
0.0393
0.0437
0.0172
0.0097
0.0174
0.015099999999999999
0.0149
0.2642
1.0251000000000001
0.5133
1.3447
0.3022
0.2082
0.2059
0.2031
0.20040000000000002
0.4259
0.249
0.1051
0.0805
0.0904
0.0914
0.09970000000000001
0.1007
0.0931
0.1119
0.0909
0.075
0.4427
0.1281
0.1895
0.2593
0.1944
0.1264
0.42869999999999997
1.3037999999999998
1.1455
0.6328
0.5463
0.5227999999999999
0.5673999999999999
0.5882000000000001
1.0715
1.3485999999999998
0.9849
0.5849
0.4758
0.4323
0.4302
0.4435
0.6774
1.501
1.1521
1.2321
1.3796
1.6699
1.7023
1.5605
2.0818000000000003
0.2296
0.358
0.3712
0.3716
0.27280000000000004
0.3271
0.2663
0.10640000000000001
0.008
0.010499999999999999
0.026
0.0371
0.04
0.0279
0.027700000000000002
0.0331
0.035699999999999996
0.5806
0.34959999999999997
0.3224
0.40249999999999997
0.3254
0.2649
0.7993
0.3336
0.3155
0.3003
0.2854
0.26839999999999997
0.253
0.20729999999999998
0.21439999999999998
0.2564
0.30110000000000003
0.2821
0.259
0.23199999999999998
0.20929999999999999
0.2293
0.4198
0.34650000000000003
0.781
0.5938
0.54
0.6152
0.5526
0.4714
0.8360000000000001
4.0047
3.9265
3.9712
3.9455
3.7842000000000002
1.2721
1.8491
1.199
0.1016
0.0086
0.058499999999999996
0.0874
0.062
0.0485
0.0615
0.211
1.8336
0.8564
0.8388
1.4929000000000001
4.3901
5.3731
4.877599999999999
5.4183
0.0741
0.0465
0.0503
0.035500000000000004
0.040999999999999995
0.054900000000000004
0.0291
0.0058
0.2474
0.3691
0.0592
0.2311
0.396
0.975
2.0604
1.4544000000000001
0.4647
0.1739
0.2228
0.5422
1.0885
0.9105
0.2776
0.1631
0.24180000000000001
0.2376
0.23070000000000002
0.23149999999999998
0.2328
0.2421
0.23620000000000002
0.2395
0.3093
0.2528
0.237
0.2378
0.2479
0.25880000000000003
0.27190000000000003
0.2578
0.2329
0.237
0.23820000000000002
0.2603
0.26539999999999997
0.2677
0.28290000000000004
0.27190000000000003
3.0913
2.9142
0.3725
0.30410000000000004
0.3751
0.5175
0.7287
0.3568
0.2646
0.2076
0.2031
0.2028
0.2172
0.2387
0.3203
0.41069999999999995
0.8716
1.309
1.209
0.9412
0.8771
0.8961
0.7938000000000001
2.4541
0.2454
0.21589999999999998
0.21050000000000002
0.2052
0.2147
0.22970000000000002
0.264
0.3325
0.4645
0.654
0.8422000000000001
1.3008000000000002
0.7219
0.5439
1.4356
0.6934
1.2663
0.6397999999999999
1.3331
0.766
0.5405
0.5937
0.496
0.3071
0.1052
0.123
0.12290000000000001
0.1175
0.1095
1.151
0.1089
0.2349
0.1844
0.7232
0.2862
0.2531
0.33940000000000003
0.6765
0.44830000000000003
0.3972
0.6208
1.6404
0.5880000000000001
0.2299
0.173
0.1179
0.10400000000000001
0.0928
0.3336
0.3155
0.3003
0.2854
0.26839999999999997
0.253
0.20729999999999998
0.21439999999999998
0.2564
0.30110000000000003
0.2821
0.259
0.23199999999999998
0.20929999999999999
0.2293
0.4198
0.34650000000000003
0.781
0.5938
0.54
0.6152
0.5526
0.4714
0.8360000000000001
4.0047
3.9265
3.9712
3.9455
3.7842000000000002
1.2721
1.8491
1.199
0.1016
0.0086
0.058499999999999996
0.0874
0.062
0.0485
0.0615
0.211
1.8336
0.8564
0.8388
1.4929000000000001
4.3901
5.3731
4.877599999999999
5.4183
0.0741
0.0465
0.0503
0.035500000000000004
0.040999999999999995
0.054900000000000004
0.0291
0.0058
0.2474
0.3691
0.0592
0.2311
0.396
0.975
2.0604
1.4544000000000001
0.4647
0.1739
0.2228
0.5422
1.0885
0.9105
0.2776
0.1631
0.24180000000000001
0.2376
0.23070000000000002
0.23149999999999998
0.2328
0.2421
0.23620000000000002
0.2395
0.3093
0.2528
0.237
0.2378
0.2479
0.25880000000000003
0.27190000000000003
0.2578
0.2329
0.237
0.23820000000000002
0.2603
0.26539999999999997
0.2677
0.28290000000000004
0.27190000000000003
3.0913
2.9142
0.3725
0.30410000000000004
0.3751
0.5175
0.7287
0.3568
0.2646
0.2076
0.2031
0.2028
0.2172
0.2387
0.3203
0.41069999999999995
0.8716
1.309
1.209
0.9412
0.8771
0.8961
0.7938000000000001
2.4541
0.2454
0.21589999999999998
0.21050000000000002
0.2052
0.2147
0.22970000000000002
0.264
0.3325
0.4645
0.654
0.8422000000000001
1.3008000000000002
0.7219
0.5439
1.4356
0.6934
1.2663
0.6397999999999999
1.3331
0.766
0.5405
0.5937
0.496
0.3071
0.1052
0.123
0.12290000000000001
0.1175
0.1095
1.151
0.1089
0.2349
0.1844
0.7232
0.2862
0.2531
0.33940000000000003
0.6765
0.44830000000000003
0.3972
0.6208
1.6404
0.5880000000000001
0.2299
0.173
0.1179
0.10400000000000001
0.0928
0.3336
0.3155
0.3003
0.2854
0.26839999999999997
0.253
0.20729999999999998
0.21439999999999998
0.2564
0.30110000000000003
0.2821
0.259
0.23199999999999998
0.20929999999999999
0.2293
0.4198
0.34650000000000003
0.781
0.5938
0.54
0.6152
0.5526
0.4714
0.8360000000000001
4.0047
3.9265
3.9712
3.9455
3.7842000000000002
1.2721
1.8491
1.199
0.1016
0.0086
0.058499999999999996
0.0874
0.062
0.0485
0.0615
0.211
1.8336
0.8564
0.8388
1.4929000000000001
4.3901
5.3731
4.877599999999999
5.4183
0.0741
0.0465
0.0503
0.035500000000000004
0.040999999999999995
0.054900000000000004
0.0291
0.0058
0.2474
0.3691
0.0592
0.2311
0.396
0.975
2.0604
1.4544000000000001
0.4647
0.1739
0.2228
0.5422
1.0885
0.9105
0.2776
0.1631
0.24180000000000001
0.2376
0.23070000000000002
0.23149999999999998
0.2328
0.2421
0.23620000000000002
0.2395
0.3093
0.2528
0.237
0.2378
0.2479
0.25880000000000003
0.27190000000000003
0.2578
0.2329
0.237
0.23820000000000002
0.2603
0.26539999999999997
0.2677
0.28290000000000004
0.27190000000000003
3.0913
2.9142
0.3725
0.30410000000000004
0.3751
0.5175
0.7287
0.3568
0.2646
0.2076
0.2031
0.2028
0.2172
0.2387
0.3203
0.41069999999999995
0.8716
1.309
1.209
0.9412
0.8771
0.8961
0.7938000000000001
2.4541
0.2454
0.21589999999999998
0.21050000000000002
0.2052
0.2147
0.22970000000000002
0.264
0.3325
0.4645
0.654
0.8422000000000001
1.3008000000000002
0.7219
0.5439
1.4356
0.6934
1.2663
0.6397999999999999
1.3331
0.766
0.5405
0.5937
0.496
0.3071
0.1052
0.123
0.12290000000000001
0.1175
0.1095
1.151
0.1089
0.2349
0.1844
0.7232
0.2862
0.2531
0.33940000000000003
0.6765
0.44830000000000003
0.3972
0.6208
1.6404
0.5880000000000001
0.2299
0.173
0.1179
0.10400000000000001
0.0928
0.3336
0.3155
0.3003
0.2854
0.26839999999999997
0.253
0.20729999999999998
0.21439999999999998
0.2564
0.30110000000000003
0.2821
0.259
0.23199999999999998
0.20929999999999999
0.2293
0.4198
0.34650000000000003
0.781
0.5938
0.54
0.6152
0.5526
0.4714
0.8360000000000001
4.0047
3.9265
3.9712
3.9455
3.7842000000000002
1.2721
1.8491
1.199
0.1016
0.0086
0.058499999999999996
0.0874
0.062
0.0485
0.0615
0.211
1.8336
0.8564
0.8388
1.4929000000000001
4.3901
5.3731
4.877599999999999
5.4183
0.0741
0.0465
0.0503
0.035500000000000004
0.040999999999999995
0.054900000000000004
0.0291
0.0058
0.2474
0.3691
0.0592
0.2311
0.396
0.975
2.0604
1.4544000000000001
0.4647
0.1739
0.2228
0.5422
1.0885
0.9105
0.2776
0.1631
0.24180000000000001
0.2376
0.23070000000000002
0.23149999999999998
0.2328
0.2421
0.23620000000000002
0.2395
0.3093
0.2528
0.237
0.2378
0.2479
0.25880000000000003
0.27190000000000003
0.2578
0.2329
0.237
0.23820000000000002
0.2603
0.26539999999999997
0.2677
0.28290000000000004
0.27190000000000003
3.0913
2.9142
0.3725
0.30410000000000004
0.3751
0.5175
0.7287
0.3568
0.2646
0.2076
0.2031
0.2028
0.2172
0.2387
0.3203
0.41069999999999995
0.8716
1.309
1.209
0.9412
0.8771
0.8961
0.7938000000000001
2.4541
0.2454
0.21589999999999998
0.21050000000000002
0.2052
0.2147
0.22970000000000002
0.264
0.3325
0.4645
0.654
0.8422000000000001
1.3008000000000002
0.7219
0.5439
1.4356
0.6934
1.2663
0.6397999999999999
1.3331
0.766
0.5405
0.5937
0.496
0.3071
0.1052
0.123
0.12290000000000001
0.1175
0.1095
1.151
0.1089
0.2349
0.1844
0.7232
0.2862
0.2531
0.33940000000000003
0.6765
0.44830000000000003
0.3972
0.6208
1.6404
0.5880000000000001
0.2299
0.173
0.1179
0.10400000000000001
0.0928
0.3336
0.3155
0.3003
0.2854
0.26839999999999997
0.253
0.20729999999999998
0.21439999999999998
0.2564
0.30110000000000003
0.2821
0.259
0.23199999999999998
0.20929999999999999
0.2293
0.4198
0.34650000000000003
0.781
0.5938
0.54
0.6152
0.5526
0.4714
0.8360000000000001
4.0047
3.9265
3.9712
3.9455
3.7842000000000002
1.2721
1.8491
1.199
0.1016
0.0086
0.058499999999999996
0.0874
0.062
0.0485
0.0615
0.211
1.8336
0.8564
0.8388
1.4929000000000001
4.3901
5.3731
4.877599999999999
5.4183
1.5381
1.6345
1.6019
1.4287999999999998
1.4007
1.2081
1.5689000000000002
4.5016
2.3261000000000003
2.5709999999999997
3.3769
2.9026
0.6419
0.28769999999999996
0.2173
0.3655
0.3489
0.2832
0.3619
1.2236
3.6154
2.2229
1.939
1.3779
0.5834
0.5423
0.5124
0.4927
0.45930000000000004
0.3734
0.2469
0.2033
0.2006
0.1997
0.2353
0.395
0.4532
0.3278
0.2701
0.26139999999999997
0.3624
2.6026
1.6129
1.3151
0.8651
0.7537
0.661
0.6089
0.9291
0.525
0.48009999999999997
0.4696
0.4467
0.4657
0.5004
0.5644
0.6679999999999999
0.6164000000000001
0.4941
0.4581
0.45299999999999996
0.4472
0.4636
0.5182
0.775
1.413
0.8724000000000001
0.8095
0.8266
0.8869
0.9089
1.4483000000000001
0.3146
0.2877
0.26749999999999996
0.2621
0.2603
0.277
0.3476
0.37929999999999997
0.5318
0.6676
0.8685
1.0415999999999999
0.4628
0.40449999999999997
0.4324
0.4854
0.815
0.9220999999999999
0.8375
0.5374000000000001
0.5488999999999999
0.5102
0.45530000000000004
0.3745
0.2813
0.1362
0.1416
0.1333
0.1377
0.1772
0.3598
0.244
0.1462
0.0895
0.08979999999999999
0.07730000000000001
0.0794
0.07250000000000001
0.0772
0.8001
0.24730000000000002
0.2044
0.2571
0.3994
0.5011
0.3218
0.201
1.1518
0.23020000000000002
0.25279999999999997
0.2692
0.29359999999999997
1.4762
0.2358
0.2879
0.397
0.4233
0.4844
0.5958
0.4713
0.6335
0.9196
0.3301
0.3346
0.29610000000000003
1.4074
0.1878
0.22920000000000001
0.2108
0.1719
0.1488
0.1521
0.0676
0.0875
0.09290000000000001
0.0936
0.0799
0.087
0.1633
1.5636
2.2156
0.6241
0.7326
1.1692
0.6137
0.6197999999999999
1.0713
0.4002
0.291
0.2798
0.8860999999999999
0.2318
0.038599999999999995
0.0
0.0
0.0309
1.5381
1.6345
1.6019
1.4287999999999998
1.4007
1.2081
1.5689000000000002
4.5016
2.3261000000000003
2.5709999999999997
3.3769
2.9026
0.6419
0.28769999999999996
0.2173
0.3655
0.3489
0.2832
0.3619
1.2236
3.6154
2.2229
1.939
1.3779
0.5834
0.5423
0.5124
0.4927
0.45930000000000004
0.3734
0.2469
0.2033
0.2006
0.1997
0.2353
0.395
0.4532
0.3278
0.2701
0.26139999999999997
0.3624
2.6026
1.6129
1.3151
0.8651
0.7537
0.661
0.6089
0.9291
0.525
0.48009999999999997
0.4696
0.4467
0.4657
0.5004
0.5644
0.6679999999999999
0.6164000000000001
0.4941
0.4581
0.45299999999999996
0.4472
0.4636
0.5182
0.775
1.413
0.8724000000000001
0.8095
0.8266
0.8869
0.9089
1.4483000000000001
0.3146
0.2877
0.26749999999999996
0.2621
0.2603
0.277
0.3476
0.37929999999999997
0.5318
0.6676
0.8685
1.0415999999999999
0.4628
0.40449999999999997
0.4324
0.4854
0.815
0.9220999999999999
0.8375
0.5374000000000001
0.5488999999999999
0.5102
0.45530000000000004
0.3745
0.2813
0.1362
0.1416
0.1333
0.1377
0.1772
0.3598
0.244
0.1462
0.0895
0.08979999999999999
0.07730000000000001
0.0794
0.07250000000000001
0.0772
0.8001
0.24730000000000002
0.2044
0.2571
0.3994
0.5011
0.3218
0.201
1.1518
0.23020000000000002
0.25279999999999997
0.2692
0.29359999999999997
1.4762
0.2358
0.2879
0.397
0.4233
0.4844
0.5958
0.4713
0.6335
0.9196
0.3301
0.3346
0.29610000000000003
1.4074
0.1878
0.22920000000000001
0.2108
0.1719
0.1488
0.1521
0.0676
0.0875
0.09290000000000001
0.0936
0.0799
0.087
0.1633
1.5636
2.2156
0.6241
0.7326
1.1692
0.6137
0.6197999999999999
1.0713
0.4002
0.291
0.2798
0.8860999999999999
0.2318
0.038599999999999995
0.0
0.0
0.0309
1.5381
1.6345
1.6019
1.4287999999999998
1.4007
1.2081
1.5689000000000002
4.5016
2.3261000000000003
2.5709999999999997
3.3769
2.9026
0.6419
0.28769999999999996
0.2173
0.3655
0.3489
0.2832
0.3619
1.2236
3.6154
2.2229
1.939
1.3779
0.5834
0.5423
0.5124
0.4927
0.45930000000000004
0.3734
0.2469
0.2033
0.2006
0.1997
0.2353
0.395
0.4532
0.3278
0.2701
0.26139999999999997
0.3624
2.6026
1.6129
1.3151
0.8651
0.7537
0.661
0.6089
0.9291
0.525
0.48009999999999997
0.4696
0.4467
0.4657
0.5004
0.5644
0.6679999999999999
0.6164000000000001
0.4941
0.4581
0.45299999999999996
0.4472
0.4636
0.5182
0.775
1.413
0.8724000000000001
0.8095
0.8266
0.8869
0.9089
1.4483000000000001
0.3146
0.2877
0.26749999999999996
0.2621
0.2603
0.277
0.3476
0.37929999999999997
0.5318
0.6676
0.8685
1.0415999999999999
0.4628
0.40449999999999997
0.4324
0.4854
0.815
0.9220999999999999
0.8375
0.5374000000000001
0.5488999999999999
0.5102
0.45530000000000004
0.3745
0.2813
0.1362
0.1416
0.1333
0.1377
0.1772
0.3598
0.244
0.1462
0.0895
0.08979999999999999
0.07730000000000001
0.0794
0.07250000000000001
0.0772
0.8001
0.24730000000000002
0.2044
0.2571
0.3994
0.5011
0.3218
0.201
1.1518
0.23020000000000002
0.25279999999999997
0.2692
0.29359999999999997
1.4762
0.2358
0.2879
0.397
0.4233
0.4844
0.5958
0.4713
0.6335
0.9196
0.3301
0.3346
0.29610000000000003
1.4074
0.1878
0.22920000000000001
0.2108
0.1719
0.1488
0.1521
0.0676
0.0875
0.09290000000000001
0.0936
0.0799
0.087
0.1633
1.5636
2.2156
0.6241
0.7326
1.1692
0.6137
0.6197999999999999
1.0713
0.4002
0.291
0.2798
0.8860999999999999
0.2318
0.038599999999999995
0.0
0.0
0.0309
1.5381
1.6345
1.6019
1.4287999999999998
1.4007
1.2081
1.5689000000000002
4.5016
2.3261000000000003
2.5709999999999997
3.3769
2.9026
0.6419
0.28769999999999996
0.2173
0.3655
0.3489
0.2832
0.3619
1.2236
3.6154
2.2229
1.939
1.3779
0.5834
0.5423
0.5124
0.4927
0.45930000000000004
0.3734
0.2469
0.2033
0.2006
0.1997
0.2353
0.395
0.4532
0.3278
0.2701
0.26139999999999997
0.3624
2.6026
1.6129
1.3151
0.8651
0.7537
0.661
0.6089
0.9291
0.525
0.48009999999999997
0.4696
0.4467
0.4657
0.5004
0.5644
0.6679999999999999
0.6164000000000001
0.4941
0.4581
0.45299999999999996
0.4472
0.4636
0.5182
0.775
1.413
0.8724000000000001
0.8095
0.8266
0.8869
0.9089
1.4483000000000001
0.3146
0.2877
0.26749999999999996
0.2621
0.2603
0.277
0.3476
0.37929999999999997
0.5318
0.6676
0.8685
1.0415999999999999
0.4628
0.40449999999999997
0.4324
0.4854
0.815
0.9220999999999999
0.8375
0.5374000000000001
0.5488999999999999
0.5102
0.45530000000000004
0.3745
0.2813
0.1362
0.1416
0.1333
0.1377
0.1772
0.3598
0.244
0.1462
0.0895
0.08979999999999999
0.07730000000000001
0.0794
0.07250000000000001
0.0772
0.8001
0.24730000000000002
0.2044
0.2571
0.3994
0.5011
0.3218
0.201
1.1518
0.23020000000000002
0.25279999999999997
0.2692
0.29359999999999997
1.4762
0.2358
0.2879
0.397
0.4233
0.4844
0.5958
0.4713
0.6335
0.9196
0.3301
0.3346
0.29610000000000003
1.4074
0.1878
0.22920000000000001
0.2108
0.1719
0.1488
0.1521
0.0676
0.0875
0.09290000000000001
0.0936
0.0799
0.087
0.1633
1.5636
2.2156
0.6241
0.7326
1.1692
0.6137
0.6197999999999999
1.0713
0.4002
0.291
0.2798
0.8860999999999999
0.2318
0.038599999999999995
0.0
0.0
0.0309
1.5381
1.6345
1.6019
1.4287999999999998
1.4007
1.2081
1.5689000000000002
4.5016
2.3261000000000003
2.5709999999999997
3.3769
2.9026
0.6419
0.28769999999999996
0.2173
0.3655
0.3489
0.2832
0.3619
1.2236
3.6154
2.2229
1.939
1.3779
0.5834
0.5423
0.5124
0.4927
0.45930000000000004
0.3734
0.2469
0.2033
0.2006
0.1997
0.2353
0.395
0.4532
0.3278
0.2701
0.26139999999999997
0.3624
2.6026
1.6129
1.3151
0.8651
0.7537
0.661
0.6089
0.9291
0.525
0.48009999999999997
0.4696
0.4467
0.4657
0.5004
0.5644
0.6679999999999999
0.6164000000000001
0.4941
0.4581
0.45299999999999996
0.4472
0.4636
0.5182
0.775
1.413
0.8724000000000001
0.8095
0.8266
0.8869
0.9089
1.4483000000000001
0.2656
0.2215
0.2113
0.2213
0.238
0.3349
0.7335
0.9075
0.8016
0.47919999999999996
0.2851
0.13440000000000002
0.175
0.1849
0.2234
0.32099999999999995
0.3095
0.3684
0.3882
0.3114
0.29510000000000003
0.3679
0.4184
0.3611
1.5985
1.8971
1.3062
2.8948
3.3817
0.9590000000000001
1.6435
3.4459
3.3627000000000002
2.2283999999999997
0.9721
0.4563
0.48560000000000003
0.495
0.5168999999999999
0.5817
2.8667
3.5263999999999998
4.6665
3.0861
0.5083
0.5536
0.3591
0.2796
5.3296
4.5728
5.8463
3.6489
0.531
0.6186
1.3046
1.8169
1.0238
0.6226
0.5794
0.6528
0.644
0.5866
0.6263000000000001
2.9817
4.6671
0.6595
0.40449999999999997
0.4976
0.5898
0.6335
0.6573
5.3764
1.7387000000000001
1.6026
0.6509
0.2527
0.2666
0.29500000000000004
0.3448
0.4295
0.6435
0.8643
1.1027
0.8822000000000001
0.4219
0.3451
0.35650000000000004
0.3987
0.9221999999999999
1.3169
0.5849
0.5973999999999999
0.7684
1.4987
1.611
1.3899
6.4251000000000005
6.658099999999999
7.1897
4.0207
0.2403
0.33399999999999996
0.545
1.0074
1.2871000000000001
1.3674
1.225
1.28
2.0877
3.8554000000000004
2.6729
1.3356
1.0592000000000001
1.1303999999999998
2.914
5.0052
4.4739
2.4455999999999998
0.8679
2.5483000000000002
0.0767
0.030199999999999998
0.4821
1.2153
0.4197
0.5475
0.4023
0.29200000000000004
0.2331
0.3285
0.6455
0.4705
0.1767
0.0081
0.0
0.0
0.0
0.0
0.0
0.0056
0.0
0.2848
0.3997
0.0232
1.1411
1.7713
1.4784
1.0803
0.9410000000000001
0.9127000000000001
0.8144
0.761
0.6514
0.5602
0.559
0.5859
0.5574
1.7343
1.3940000000000001
0.7489
0.6505
1.9280000000000002
0.5624
0.442
0.4205
0.4091
0.40800000000000003
0.436
0.2656
0.2215
0.2113
0.2213
0.238
0.3349
0.7335
0.9075
0.8016
0.47919999999999996
0.2851
0.13440000000000002
0.175
0.1849
0.2234
0.32099999999999995
0.3095
0.3684
0.3882
0.3114
0.29510000000000003
0.3679
0.4184
0.3611
1.5985
1.8971
1.3062
2.8948
3.3817
0.9590000000000001
1.6435
3.4459
3.3627000000000002
2.2283999999999997
0.9721
0.4563
0.48560000000000003
0.495
0.5168999999999999
0.5817
2.8667
3.5263999999999998
4.6665
3.0861
0.5083
0.5536
0.3591
0.2796
5.3296
4.5728
5.8463
3.6489
0.531
0.6186
1.3046
1.8169
1.0238
0.6226
0.5794
0.6528
0.644
0.5866
0.6263000000000001
2.9817
4.6671
0.6595
0.40449999999999997
0.4976
0.5898
0.6335
0.6573
5.3764
1.7387000000000001
1.6026
0.6509
0.2527
0.2666
0.29500000000000004
0.3448
0.4295
0.6435
0.8643
1.1027
0.8822000000000001
0.4219
0.3451
0.35650000000000004
0.3987
0.9221999999999999
1.3169
0.5849
0.5973999999999999
0.7684
1.4987
1.611
1.3899
6.4251000000000005
6.658099999999999
7.1897
4.0207
0.2403
0.33399999999999996
0.545
1.0074
1.2871000000000001
1.3674
1.225
1.28
2.0877
3.8554000000000004
2.6729
1.3356
1.0592000000000001
1.1303999999999998
2.914
5.0052
4.4739
2.4455999999999998
0.8679
2.5483000000000002
0.0767
0.030199999999999998
0.4821
1.2153
0.4197
0.5475
0.4023
0.29200000000000004
0.2331
0.3285
0.6455
0.4705
0.1767
0.0081
0.0
0.0
0.0
0.0
0.0
0.0056
0.0
0.2848
0.3997
0.0232
1.1411
1.7713
1.4784
1.0803
0.9410000000000001
0.9127000000000001
0.8144
0.761
0.6514
0.5602
0.559
0.5859
0.5574
1.7343
1.3940000000000001
0.7489
0.6505
1.9280000000000002
0.5624
0.442
0.4205
0.4091
0.40800000000000003
0.436
0.2656
0.2215
0.2113
0.2213
0.238
0.3349
0.7335
0.9075
0.8016
0.47919999999999996
0.2851
0.13440000000000002
0.175
0.1849
0.2234
0.32099999999999995
0.3095
0.3684
0.3882
0.3114
0.29510000000000003
0.3679
0.4184
0.3611
1.5985
1.8971
1.3062
2.8948
3.3817
0.9590000000000001
1.6435
3.4459
3.3627000000000002
2.2283999999999997
0.9721
0.4563
0.48560000000000003
0.495
0.5168999999999999
0.5817
2.8667
3.5263999999999998
4.6665
3.0861
0.5083
0.5536
0.3591
0.2796
5.3296
4.5728
5.8463
3.6489
0.531
0.6186
1.3046
1.8169
1.0238
0.6226
0.5794
0.6528
0.644
0.5866
0.6263000000000001
2.9817
4.6671
0.6595
0.40449999999999997
0.4976
0.5898
0.6335
0.6573
5.3764
1.7387000000000001
1.6026
0.6509
0.2527
0.2666
0.29500000000000004
0.3448
0.4295
0.6435
0.8643
1.1027
0.8822000000000001
0.4219
0.3451
0.35650000000000004
0.3987
0.9221999999999999
1.3169
0.5849
0.5973999999999999
0.7684
1.4987
1.611
1.3899
6.4251000000000005
6.658099999999999
7.1897
4.0207
0.2403
0.33399999999999996
0.545
1.0074
1.2871000000000001
1.3674
1.225
1.28
2.0877
3.8554000000000004
2.6729
1.3356
1.0592000000000001
1.1303999999999998
2.914
5.0052
4.4739
2.4455999999999998
0.8679
2.5483000000000002
0.0767
0.030199999999999998
0.4821
1.2153
0.4197
0.5475
0.4023
0.29200000000000004
0.2331
0.3285
0.6455
0.4705
0.1767
0.0081
0.0
0.0
0.0
0.0
0.0
0.0056
0.0
0.2848
0.3997
0.0232
1.1411
1.7713
1.4784
1.0803
0.9410000000000001
0.9127000000000001
0.8144
0.761
0.6514
0.5602
0.559
0.5859
0.5574
1.7343
1.3940000000000001
0.7489
0.6505
1.9280000000000002
0.5624
0.442
0.4205
0.4091
0.40800000000000003
0.436
0.2656
0.2215
0.2113
0.2213
0.238
0.3349
0.7335
0.9075
0.8016
0.47919999999999996
0.2851
0.13440000000000002
0.175
0.1849
0.2234
0.32099999999999995
0.3095
0.3684
0.3882
0.3114
0.29510000000000003
0.3679
0.4184
0.3611
1.5985
1.8971
1.3062
2.8948
3.3817
0.9590000000000001
1.6435
3.4459
3.3627000000000002
2.2283999999999997
0.9721
0.4563
0.48560000000000003
0.495
0.5168999999999999
0.5817
2.8667
3.5263999999999998
4.6665
3.0861
0.5083
0.5536
0.3591
0.2796
5.3296
4.5728
5.8463
3.6489
0.531
0.6186
1.3046
1.8169
1.0238
0.6226
0.5794
0.6528
0.644
0.5866
0.6263000000000001
2.9817
4.6671
0.6595
0.40449999999999997
0.4976
0.5898
0.6335
0.6573
5.3764
1.7387000000000001
1.6026
0.6509
0.2527
0.2666
0.29500000000000004
0.3448
0.4295
0.6435
0.8643
1.1027
0.8822000000000001
0.4219
0.3451
0.35650000000000004
0.3987
0.9221999999999999
1.3169
0.5849
0.5973999999999999
0.7684
1.4987
1.611
1.3899
6.4251000000000005
6.658099999999999
7.1897
4.0207
0.2403
0.33399999999999996
0.545
1.0074
1.2871000000000001
1.3674
1.225
1.28
2.0877
3.8554000000000004
2.6729
1.3356
1.0592000000000001
1.1303999999999998
2.914
5.0052
4.4739
2.4455999999999998
0.8679
2.5483000000000002
0.0767
0.030199999999999998
0.4821
1.2153
0.4197
0.5475
0.4023
0.29200000000000004
0.2331
0.3285
0.6455
0.4705
0.1767
0.0081
0.0
0.0
0.0
0.0
0.0
0.0056
0.0
0.2848
0.3997
0.0232
1.1411
1.7713
1.4784
1.0803
0.9410000000000001
0.9127000000000001
0.8144
0.761
0.6514
0.5602
0.559
0.5859
0.5574
1.7343
1.3940000000000001
0.7489
0.6505
1.9280000000000002
0.5624
0.442
0.4205
0.4091
0.40800000000000003
0.436
0.2656
0.2215
0.2113
0.2213
0.238
0.3349
0.7335
0.9075
0.8016
0.47919999999999996
0.2851
0.13440000000000002
0.175
0.1849
0.2234
0.32099999999999995
0.3095
0.3684
0.3882
0.3114
0.29510000000000003
0.3679
0.4184
0.3611
1.5985
1.8971
1.3062
2.8948
3.3817
0.9590000000000001
1.6435
3.4459
3.3627000000000002
2.2283999999999997
0.9721
0.4563
0.48560000000000003
0.495
0.5168999999999999
0.5817
2.8667
3.5263999999999998
4.6665
3.0861
0.5083
0.5536
0.3591
0.2796
0.23070000000000002
0.2054
0.2005
0.1896
0.19
0.2107
0.2027
0.16970000000000002
0.1864
0.20600000000000002
0.17809999999999998
0.1522
0.1392
0.15999999999999998
0.49550000000000005
0.1268
0.10450000000000001
0.065
0.114
0.2647
0.5388999999999999
0.8587
0.7852000000000001
0.3117
3.3581000000000003
0.6193
0.2381
0.1665
0.14679999999999999
0.1805
0.2996
0.244
0.1977
0.2064
0.2137
0.209
0.2012
0.1898
0.1935
0.1805
0.1484
0.1346
0.1139
0.10600000000000001
0.1074
0.09459999999999999
0.09459999999999999
2.7346
0.492
0.4849
0.4583
0.4457
0.4154
0.44920000000000004
0.5042
3.2058
1.0226
0.5415
0.6603
0.7132000000000001
0.7314
0.7085
0.8691
1.1565
0.6246
0.6703
0.6752
1.5525
0.308
0.1607
0.09090000000000001
0.1237
0.2509
0.4374
0.4857
0.5817
0.4889
0.3987
0.508
0.5091
0.6965
0.8629
0.9728
0.8015
0.4959
0.431
0.4456
0.509
0.7596
0.7179
0.6675
0.5758
0.4497
0.3812
0.30479999999999996
0.2613
1.0594999999999999
0.6123
0.5034
0.4579
0.4434
0.4838
0.5531999999999999
0.5978
0.6098
0.6269
0.7153
1.2635999999999998
2.3479
0.9610000000000001
0.8838999999999999
1.0128
1.5550000000000002
1.6985999999999999
2.3960999999999997
1.9034
1.0732
0.8839
0.7048
1.6945999999999999
0.15360000000000001
0.14700000000000002
0.1492
0.13840000000000002
0.1407
0.1528
0.16620000000000001
0.1623
0.1371
0.1583
0.1193
1.1859
0.1595
0.2218
0.5688
0.4051
0.24919999999999998
0.3196
0.2379
0.1673
0.1647
0.15910000000000002
0.6295999999999999
0.6987
0.3608
0.2992
0.2731
0.2786
0.28690000000000004
0.3065
0.3343
0.3539
0.5249
0.6851
1.0939
1.6894
1.0114999999999998
0.7615000000000001
0.9814
1.3367
2.3135000000000003
2.4787
2.1169000000000002
1.1042
1.1787999999999998
1.2976
1.4489
1.0539
0.23070000000000002
0.2054
0.2005
0.1896
0.19
0.2107
0.2027
0.16970000000000002
0.1864
0.20600000000000002
0.17809999999999998
0.1522
0.1392
0.15999999999999998
0.49550000000000005
0.1268
0.10450000000000001
0.065
0.114
0.2647
0.5388999999999999
0.8587
0.7852000000000001
0.3117
3.3581000000000003
0.6193
0.2381
0.1665
0.14679999999999999
0.1805
0.2996
0.244
0.1977
0.2064
0.2137
0.209
0.2012
0.1898
0.1935
0.1805
0.1484
0.1346
0.1139
0.10600000000000001
0.1074
0.09459999999999999
0.09459999999999999
2.7346
0.492
0.4849
0.4583
0.4457
0.4154
0.44920000000000004
0.5042
3.2058
1.0226
0.5415
0.6603
0.7132000000000001
0.7314
0.7085
0.8691
1.1565
0.6246
0.6703
0.6752
1.5525
0.308
0.1607
0.09090000000000001
0.1237
0.2509
0.4374
0.4857
0.5817
0.4889
0.3987
0.508
0.5091
0.6965
0.8629
0.9728
0.8015
0.4959
0.431
0.4456
0.509
0.7596
0.7179
0.6675
0.5758
0.4497
0.3812
0.30479999999999996
0.2613
1.0594999999999999
0.6123
0.5034
0.4579
0.4434
0.4838
0.5531999999999999
0.5978
0.6098
0.6269
0.7153
1.2635999999999998
2.3479
0.9610000000000001
0.8838999999999999
1.0128
1.5550000000000002
1.6985999999999999
2.3960999999999997
1.9034
1.0732
0.8839
0.7048
1.6945999999999999
0.15360000000000001
0.14700000000000002
0.1492
0.13840000000000002
0.1407
0.1528
0.16620000000000001
0.1623
0.1371
0.1583
0.1193
1.1859
0.1595
0.2218
0.5688
0.4051
0.24919999999999998
0.3196
0.2379
0.1673
0.1647
0.15910000000000002
0.6295999999999999
0.6987
0.3608
0.2992
0.2731
0.2786
0.28690000000000004
0.3065
0.3343
0.3539
0.5249
0.6851
1.0939
1.6894
1.0114999999999998
0.7615000000000001
0.9814
1.3367
2.3135000000000003
2.4787
2.1169000000000002
1.1042
1.1787999999999998
1.2976
1.4489
1.0539
0.23070000000000002
0.2054
0.2005
0.1896
0.19
0.2107
0.2027
0.16970000000000002
0.1864
0.20600000000000002
0.17809999999999998
0.1522
0.1392
0.15999999999999998
0.49550000000000005
0.1268
0.10450000000000001
0.065
0.114
0.2647
0.5388999999999999
0.8587
0.7852000000000001
0.3117
3.3581000000000003
0.6193
0.2381
0.1665
0.14679999999999999
0.1805
0.2996
0.244
0.1977
0.2064
0.2137
0.209
0.2012
0.1898
0.1935
0.1805
0.1484
0.1346
0.1139
0.10600000000000001
0.1074
0.09459999999999999
0.09459999999999999
2.7346
0.492
0.4849
0.4583
0.4457
0.4154
0.44920000000000004
0.5042
3.2058
1.0226
0.5415
0.6603
0.7132000000000001
0.7314
0.7085
0.8691
1.1565
0.6246
0.6703
0.6752
1.5525
0.308
0.1607
0.09090000000000001
0.1237
0.2509
0.4374
0.4857
0.5817
0.4889
0.3987
0.508
0.5091
0.6965
0.8629
0.9728
0.8015
0.4959
0.431
0.4456
0.509
0.7596
0.7179
0.6675
0.5758
0.4497
0.3812
0.30479999999999996
0.2613
1.0594999999999999
0.6123
0.5034
0.4579
0.4434
0.4838
0.5531999999999999
0.5978
0.6098
0.6269
0.7153
1.2635999999999998
2.3479
0.9610000000000001
0.8838999999999999
1.0128
1.5550000000000002
1.6985999999999999
2.3960999999999997
1.9034
1.0732
0.8839
0.7048
1.6945999999999999
0.15360000000000001
0.14700000000000002
0.1492
0.13840000000000002
0.1407
0.1528
0.16620000000000001
0.1623
0.1371
0.1583
0.1193
1.1859
0.1595
0.2218
0.5688
0.4051
0.24919999999999998
0.3196
0.2379
0.1673
0.1647
0.15910000000000002
0.6295999999999999
0.6987
0.3608
0.2992
0.2731
0.2786
0.28690000000000004
0.3065
0.3343
0.3539
0.5249
0.6851
1.0939
1.6894
1.0114999999999998
0.7615000000000001
0.9814
1.3367
2.3135000000000003
2.4787
2.1169000000000002
1.1042
1.1787999999999998
1.2976
1.4489
1.0539
0.23070000000000002
0.2054
0.2005
0.1896
0.19
0.2107
0.2027
0.16970000000000002
0.1864
0.20600000000000002
0.17809999999999998
0.1522
0.1392
0.15999999999999998
0.49550000000000005
0.1268
0.10450000000000001
0.065
0.114
0.2647
0.5388999999999999
0.8587
0.7852000000000001
0.3117
3.3581000000000003
0.6193
0.2381
0.1665
0.14679999999999999
0.1805
0.2996
0.244
0.1977
0.2064
0.2137
0.209
0.2012
0.1898
0.1935
0.1805
0.1484
0.1346
0.1139
0.10600000000000001
0.1074
0.09459999999999999
0.09459999999999999
2.7346
0.492
0.4849
0.4583
0.4457
0.4154
0.44920000000000004
0.5042
3.2058
1.0226
0.5415
0.6603
0.7132000000000001
0.7314
0.7085
0.8691
1.1565
0.6246
0.6703
0.6752
1.5525
0.308
0.1607
0.09090000000000001
0.1237
0.2509
0.4374
0.4857
0.5817
0.4889
0.3987
0.508
0.5091
0.6965
0.8629
0.9728
0.8015
0.4959
0.431
0.4456
0.509
0.7596
0.7179
0.6675
0.5758
0.4497
0.3812
0.30479999999999996
0.2613
1.0594999999999999
0.6123
0.5034
0.4579
0.4434
0.4838
0.5531999999999999
0.5978
0.6098
0.6269
0.7153
1.2635999999999998
2.3479
0.9610000000000001
0.8838999999999999
1.0128
1.5550000000000002
1.6985999999999999
2.3960999999999997
1.9034
1.0732
0.8839
0.7048
1.6945999999999999
0.15360000000000001
0.14700000000000002
0.1492
0.13840000000000002
0.1407
0.1528
0.16620000000000001
0.1623
0.1371
0.1583
0.1193
1.1859
0.1595
0.2218
0.5688
0.4051
0.24919999999999998
0.3196
0.2379
0.1673
0.1647
0.15910000000000002
0.6295999999999999
0.6987
0.3608
0.2992
0.2731
0.2786
0.28690000000000004
0.3065
0.3343
0.3539
0.5249
0.6851
1.0939
1.6894
1.0114999999999998
0.7615000000000001
0.9814
1.3367
2.3135000000000003
2.4787
2.1169000000000002
1.1042
1.1787999999999998
1.2976
1.4489
1.0539
0.23070000000000002
0.2054
0.2005
0.1896
0.19
0.2107
0.2027
0.16970000000000002
0.1864
0.20600000000000002
0.17809999999999998
0.1522
0.1392
0.15999999999999998
0.49550000000000005
0.1268
0.10450000000000001
0.065
0.114
0.2647
0.5388999999999999
0.8587
0.7852000000000001
0.3117
3.3581000000000003
0.6193
0.2381
0.1665
0.14679999999999999
0.1805
0.2996
0.244
0.1977
0.2064
0.2137
0.209
0.2012
0.1898
0.1935
0.1805
0.1484
0.1346
0.1139
0.10600000000000001
0.1074
0.09459999999999999
0.09459999999999999
2.7346
0.492
0.4849
0.4583
0.4457
0.4154
0.44920000000000004
0.5042
3.2058
1.0226
0.5415
0.6603
0.7132000000000001
0.7314
0.7085
0.8691
1.1565
0.6246
0.6703
0.6752
1.5525
0.308
0.1607
0.09090000000000001
0.1237
