0.6077999999999999
0.3999
0.3782
0.3277
0.2158
1.771
0.9842000000000001
0.25639999999999996
0.248
0.3477
0.31520000000000004
0.28200000000000003
0.258
0.1859
0.329
1.3171000000000002
0.2792
0.30069999999999997
0.19569999999999999
0.1256
0.1038
0.1181
0.1345
0.1257
0.8832
0.8705
1.1126
1.1463
0.7315
0.253
1.4570999999999998
0.1656
0.1929
0.1532
0.1054
0.0574
0.0736
0.09129999999999999
0.0409
0.3654
1.8798
0.28900000000000003
0.4395
0.5211
0.7434000000000001
5.2935
3.3126
0.7623
0.8275
0.5919000000000001
0.5062
0.48160000000000003
0.43410000000000004
0.4343
0.48660000000000003
1.0179
0.8832
0.6011
0.5037
0.48619999999999997
0.4172
0.3718
0.3651
1.4598
4.021
3.6585
2.5704000000000002
1.2561
3.0556
4.7647
3.9571
4.1274
0.0938
0.057999999999999996
0.0514
0.0583
0.057499999999999996
0.0624
0.0556
0.0235
0.0553
0.0933
0.1561
0.4181
0.23809999999999998
0.08990000000000001
0.0731
0.09609999999999999
1.0855000000000001
1.859
1.3896000000000002
0.6355999999999999
0.7446999999999999
0.8674
1.1240999999999999
1.0845
0.1278
0.147
0.13429999999999997
0.1395
0.14040000000000002
0.1646
0.2629
2.2206
2.6775
0.5021
0.4475
0.5671999999999999
0.5535
0.7238
1.1354
0.43679999999999997
0.43079999999999996
0.5274
0.4295
0.2917
0.1078
0.0335
0.0438
0.0763
0.12140000000000001
0.1255
0.1252
0.12580000000000002
0.12140000000000001
0.1426
0.1899
0.7773
0.9588
0.6348
0.7104
0.712
0.4858
0.4345
0.4485
0.5262
0.4678
1.1694
1.0572
0.5667
0.325
0.1733
0.109
0.1185
0.2337
0.2272
0.223
0.2158
0.2229
0.8904
0.3453
0.3862
0.4105
0.43420000000000003
0.4075
0.3991
0.3889
0.3844
0.374
0.4033
0.4185
0.923
1.6560000000000001
0.3897
0.34450000000000003
0.2747
0.2405
0.2309
0.6077999999999999
0.3999
0.3782
0.3277
0.2158
1.771
0.9842000000000001
0.25639999999999996
0.248
0.3477
0.31520000000000004
0.28200000000000003
0.258
0.1859
0.329
1.3171000000000002
0.2792
0.30069999999999997
0.19569999999999999
0.1256
0.1038
0.1181
0.1345
0.1257
0.8832
0.8705
1.1126
1.1463
0.7315
0.253
1.4570999999999998
0.1656
0.1929
0.1532
0.1054
0.0574
0.0736
0.09129999999999999
0.0409
0.3654
1.8798
0.28900000000000003
0.4395
0.5211
0.7434000000000001
5.2935
3.3126
0.7623
0.8275
0.5919000000000001
0.5062
0.48160000000000003
0.43410000000000004
0.4343
0.48660000000000003
1.0179
0.8832
0.6011
0.5037
0.48619999999999997
0.4172
0.3718
0.3651
1.4598
4.021
3.6585
2.5704000000000002
1.2561
3.0556
4.7647
3.9571
4.1274
0.0938
0.057999999999999996
0.0514
0.0583
0.057499999999999996
0.0624
0.0556
0.0235
0.0553
0.0933
0.1561
0.4181
0.23809999999999998
0.08990000000000001
0.0731
0.09609999999999999
1.0855000000000001
1.859
1.3896000000000002
0.6355999999999999
0.7446999999999999
0.8674
1.1240999999999999
1.0845
0.1278
0.147
0.13429999999999997
0.1395
0.14040000000000002
0.1646
0.2629
2.2206
2.6775
0.5021
0.4475
0.5671999999999999
0.5535
0.7238
1.1354
0.43679999999999997
0.43079999999999996
0.5274
0.4295
0.2917
0.1078
0.0335
0.0438
0.0763
0.12140000000000001
0.1255
0.1252
0.12580000000000002
0.12140000000000001
0.1426
0.1899
0.7773
0.9588
0.6348
0.7104
0.712
0.4858
0.4345
0.4485
0.5262
0.4678
1.1694
1.0572
0.5667
0.325
0.1733
0.109
0.1185
0.2337
0.2272
0.223
0.2158
0.2229
0.8904
0.3453
0.3862
0.4105
0.43420000000000003
0.4075
0.3991
0.3889
0.3844
0.374
0.4033
0.4185
0.923
1.6560000000000001
0.3897
0.34450000000000003
0.2747
0.2405
0.2309
0.6077999999999999
0.3999
0.3782
0.3277
0.2158
1.771
0.9842000000000001
0.25639999999999996
0.248
0.3477
0.31520000000000004
0.28200000000000003
0.258
0.1859
0.329
1.3171000000000002
0.2792
0.30069999999999997
0.19569999999999999
0.1256
0.1038
0.1181
0.1345
0.1257
0.8832
0.8705
1.1126
1.1463
0.7315
0.253
1.4570999999999998
0.1656
0.1929
0.1532
0.1054
0.0574
0.0736
0.09129999999999999
0.0409
0.3654
1.8798
0.28900000000000003
0.4395
0.5211
0.7434000000000001
5.2935
3.3126
0.7623
0.8275
0.5919000000000001
0.5062
0.48160000000000003
0.43410000000000004
0.4343
0.48660000000000003
1.0179
0.8832
0.6011
0.5037
0.48619999999999997
0.4172
0.3718
0.3651
1.4598
4.021
3.6585
2.5704000000000002
1.2561
3.0556
4.7647
3.9571
4.1274
0.0938
0.057999999999999996
0.0514
0.0583
0.057499999999999996
0.0624
0.0556
0.0235
0.0553
0.0933
0.1561
0.4181
0.23809999999999998
0.08990000000000001
0.0731
0.09609999999999999
1.0855000000000001
1.859
1.3896000000000002
0.6355999999999999
0.7446999999999999
0.8674
1.1240999999999999
1.0845
0.1278
0.147
0.13429999999999997
0.1395
0.14040000000000002
0.1646
0.2629
2.2206
2.6775
0.5021
0.4475
0.5671999999999999
0.5535
0.7238
1.1354
0.43679999999999997
0.43079999999999996
0.5274
0.4295
0.2917
0.1078
0.0335
0.0438
0.0763
0.12140000000000001
0.1255
0.1252
0.12580000000000002
0.12140000000000001
0.1426
0.1899
0.7773
0.9588
0.6348
0.7104
0.712
0.4858
0.4345
0.4485
0.5262
0.4678
1.1694
1.0572
0.5667
0.325
0.1733
0.109
0.1185
0.2337
0.2272
0.223
0.2158
0.2229
0.8904
0.3453
0.3862
0.4105
0.43420000000000003
0.4075
0.3991
0.3889
0.3844
0.374
0.4033
0.4185
0.923
1.6560000000000001
0.3897
0.34450000000000003
0.2747
0.2405
0.2309
0.6077999999999999
0.3999
0.3782
0.3277
0.2158
1.771
0.9842000000000001
0.25639999999999996
0.248
0.3477
0.31520000000000004
0.28200000000000003
0.258
0.1859
0.329
1.3171000000000002
0.2792
0.30069999999999997
0.19569999999999999
0.1256
0.1038
0.1181
0.1345
0.1257
0.8832
0.8705
1.1126
1.1463
0.7315
0.253
1.4570999999999998
0.1656
0.1929
0.1532
0.1054
0.0574
0.0736
0.09129999999999999
0.0409
0.3654
1.8798
0.28900000000000003
0.4395
0.5211
0.7434000000000001
5.2935
3.3126
0.7623
0.8275
0.5919000000000001
0.5062
0.48160000000000003
0.43410000000000004
0.4343
0.48660000000000003
1.0179
0.8832
0.6011
0.5037
0.48619999999999997
0.4172
0.3718
0.3651
1.4598
4.021
3.6585
2.5704000000000002
1.2561
3.0556
4.7647
3.9571
4.1274
0.0938
0.057999999999999996
0.0514
0.0583
0.057499999999999996
0.0624
0.0556
0.0235
0.0553
0.0933
0.1561
0.4181
0.23809999999999998
0.08990000000000001
0.0731
0.09609999999999999
1.0855000000000001
1.859
1.3896000000000002
0.6355999999999999
0.7446999999999999
0.8674
1.1240999999999999
1.0845
0.1278
0.147
0.13429999999999997
0.1395
0.14040000000000002
0.1646
0.2629
2.2206
2.6775
0.5021
0.4475
0.5671999999999999
0.5535
0.7238
1.1354
0.43679999999999997
0.43079999999999996
0.5274
0.4295
0.2917
0.1078
0.0335
0.0438
0.0763
0.12140000000000001
0.1255
0.1252
0.12580000000000002
0.12140000000000001
0.1426
0.1899
0.7773
0.9588
0.6348
0.7104
0.712
0.4858
0.4345
0.4485
0.5262
0.4678
1.1694
1.0572
0.5667
0.325
0.1733
0.109
0.1185
0.2337
0.2272
0.223
0.2158
0.2229
0.8904
0.3453
0.3862
0.4105
0.43420000000000003
0.4075
0.3991
0.3889
0.3844
0.374
0.4033
0.4185
0.923
1.6560000000000001
0.3897
0.34450000000000003
0.2747
0.2405
0.2309
0.6077999999999999
0.3999
0.3782
0.3277
0.2158
1.771
0.9842000000000001
0.25639999999999996
0.248
0.3477
0.31520000000000004
0.28200000000000003
0.258
0.1859
0.329
1.3171000000000002
0.2792
0.30069999999999997
0.19569999999999999
0.1256
0.1038
0.1181
0.1345
0.1257
0.8832
0.8705
1.1126
1.1463
0.7315
0.253
1.4570999999999998
0.1656
0.1929
0.1532
0.1054
0.0574
0.0736
0.09129999999999999
0.0409
0.3654
1.8798
0.28900000000000003
0.4395
0.5211
0.7434000000000001
5.2935
3.3126
0.7623
0.8275
0.5919000000000001
0.5062
0.48160000000000003
0.43410000000000004
0.4343
0.48660000000000003
1.0179
0.8832
0.6011
0.5037
0.48619999999999997
0.4172
0.3718
0.3651
1.4598
4.021
3.6585
2.5704000000000002
1.2561
3.0556
4.7647
3.9571
4.1274
0.217
0.2365
0.2419
0.2324
0.23299999999999998
0.24
0.2514
0.3109
0.259
0.2807
0.2864
0.2967
0.3758
0.2862
0.2351
0.1686
0.2337
0.18780000000000002
1.6286
0.8588
0.3795
0.3387
0.19369999999999998
0.1908
0.118
0.09809999999999999
0.1133
0.1001
0.09509999999999999
0.0955
0.1079
0.12890000000000001
0.159
0.2031
0.2905
0.5347
0.3231
0.19369999999999998
1.007
0.2425
0.2115
0.5639
0.725
1.2886
1.4797
1.0146
1.1549
0.2297
0.3849
0.38160000000000005
1.5787
0.2487
0.3951
0.4839
0.4467
0.4552
0.4162
0.4271
0.4777
0.42110000000000003
0.4738
0.7053
0.4266
0.2559
0.247
0.2348
0.25579999999999997
0.4274
0.38570000000000004
0.2223
0.1965
0.2056
0.8452
0.7918000000000001
0.8157000000000001
0.8155
0.7899
0.8488
1.0521
1.251
1.428
1.8803
2.1249
2.4608
2.1887999999999996
2.3227
3.1337
4.8043
2.4677
0.8319
3.985
3.2343
5.0651
6.0859
1.8721
0.2684
0.39670000000000005
0.3806
0.3674
0.37470000000000003
0.3933
0.4692
0.7052
0.7224999999999999
0.7156
0.4998
0.31999999999999995
0.2852
0.2963
0.3188
0.3723
0.5836
0.5469999999999999
0.5524
0.8132999999999999
1.9726
0.9151
0.5596000000000001
0.492
0.447
1.7614999999999998
1.7313
1.7105000000000001
1.6893
1.6724999999999999
1.6682000000000001
1.642
1.9591
1.7334
1.8917000000000002
1.9283000000000001
1.9281000000000001
1.2913999999999999
1.0745
0.9708
0.8842000000000001
0.8769
0.7948999999999999
3.5278
3.5942
5.6724
6.4466
6.2331
1.7348
0.5711
0.3241
1.2906
3.7472000000000003
3.1665
1.5194
0.9768
1.4026999999999998
0.2203
0.2899
0.29700000000000004
0.3191
0.3129
0.33430000000000004
0.45790000000000003
0.6880000000000001
0.4481
0.51
0.5586
0.5246
0.5805
4.9871
5.198
2.2443999999999997
0.217
0.2365
0.2419
0.2324
0.23299999999999998
0.24
0.2514
0.3109
0.259
0.2807
0.2864
0.2967
0.3758
0.2862
0.2351
0.1686
0.2337
0.18780000000000002
1.6286
0.8588
0.3795
0.3387
0.19369999999999998
0.1908
0.118
0.09809999999999999
0.1133
0.1001
0.09509999999999999
0.0955
0.1079
0.12890000000000001
0.159
0.2031
0.2905
0.5347
0.3231
0.19369999999999998
1.007
0.2425
0.2115
0.5639
0.725
1.2886
1.4797
1.0146
1.1549
0.2297
0.3849
0.38160000000000005
1.5787
0.2487
0.3951
0.4839
0.4467
0.4552
0.4162
0.4271
0.4777
0.42110000000000003
0.4738
0.7053
0.4266
0.2559
0.247
0.2348
0.25579999999999997
0.4274
0.38570000000000004
0.2223
0.1965
0.2056
0.8452
0.7918000000000001
0.8157000000000001
0.8155
0.7899
0.8488
1.0521
1.251
1.428
1.8803
2.1249
2.4608
2.1887999999999996
2.3227
3.1337
4.8043
2.4677
0.8319
3.985
3.2343
5.0651
6.0859
1.8721
0.2684
0.39670000000000005
0.3806
0.3674
0.37470000000000003
0.3933
0.4692
0.7052
0.7224999999999999
0.7156
0.4998
0.31999999999999995
0.2852
0.2963
0.3188
0.3723
0.5836
0.5469999999999999
0.5524
0.8132999999999999
1.9726
0.9151
0.5596000000000001
0.492
0.447
1.7614999999999998
1.7313
1.7105000000000001
1.6893
1.6724999999999999
1.6682000000000001
1.642
1.9591
1.7334
1.8917000000000002
1.9283000000000001
1.9281000000000001
1.2913999999999999
1.0745
0.9708
0.8842000000000001
0.8769
0.7948999999999999
3.5278
3.5942
5.6724
6.4466
6.2331
1.7348
0.5711
0.3241
1.2906
3.7472000000000003
3.1665
1.5194
0.9768
1.4026999999999998
0.2203
0.2899
0.29700000000000004
0.3191
0.3129
0.33430000000000004
0.45790000000000003
0.6880000000000001
0.4481
0.51
0.5586
0.5246
0.5805
4.9871
5.198
2.2443999999999997
0.217
0.2365
0.2419
0.2324
0.23299999999999998
0.24
0.2514
0.3109
0.259
0.2807
0.2864
0.2967
0.3758
0.2862
0.2351
0.1686
0.2337
0.18780000000000002
1.6286
0.8588
0.3795
0.3387
0.19369999999999998
0.1908
0.118
0.09809999999999999
0.1133
0.1001
0.09509999999999999
0.0955
0.1079
0.12890000000000001
0.159
0.2031
0.2905
0.5347
0.3231
0.19369999999999998
1.007
0.2425
0.2115
0.5639
0.725
1.2886
1.4797
1.0146
1.1549
0.2297
0.3849
0.38160000000000005
1.5787
0.2487
0.3951
0.4839
0.4467
0.4552
0.4162
0.4271
0.4777
0.42110000000000003
0.4738
0.7053
0.4266
0.2559
0.247
0.2348
0.25579999999999997
0.4274
0.38570000000000004
0.2223
0.1965
0.2056
0.8452
0.7918000000000001
0.8157000000000001
0.8155
0.7899
0.8488
1.0521
1.251
1.428
1.8803
2.1249
2.4608
2.1887999999999996
2.3227
3.1337
4.8043
2.4677
0.8319
3.985
3.2343
5.0651
6.0859
1.8721
0.2684
0.39670000000000005
0.3806
0.3674
0.37470000000000003
0.3933
0.4692
0.7052
0.7224999999999999
0.7156
0.4998
0.31999999999999995
0.2852
0.2963
0.3188
0.3723
0.5836
0.5469999999999999
0.5524
0.8132999999999999
1.9726
0.9151
0.5596000000000001
0.492
0.447
1.7614999999999998
1.7313
1.7105000000000001
1.6893
1.6724999999999999
1.6682000000000001
1.642
1.9591
1.7334
1.8917000000000002
1.9283000000000001
1.9281000000000001
1.2913999999999999
1.0745
0.9708
0.8842000000000001
0.8769
0.7948999999999999
3.5278
3.5942
5.6724
6.4466
6.2331
1.7348
0.5711
0.3241
1.2906
3.7472000000000003
3.1665
1.5194
0.9768
1.4026999999999998
0.2203
0.2899
0.29700000000000004
0.3191
0.3129
0.33430000000000004
0.45790000000000003
0.6880000000000001
0.4481
0.51
0.5586
0.5246
0.5805
4.9871
5.198
2.2443999999999997
0.217
0.2365
0.2419
0.2324
0.23299999999999998
0.24
0.2514
0.3109
0.259
0.2807
0.2864
0.2967
0.3758
0.2862
0.2351
0.1686
0.2337
0.18780000000000002
1.6286
0.8588
0.3795
0.3387
0.19369999999999998
0.1908
0.118
0.09809999999999999
0.1133
0.1001
0.09509999999999999
0.0955
0.1079
0.12890000000000001
0.159
0.2031
0.2905
0.5347
0.3231
0.19369999999999998
1.007
0.2425
0.2115
0.5639
0.725
1.2886
1.4797
1.0146
1.1549
0.2297
0.3849
0.38160000000000005
1.5787
0.2487
0.3951
0.4839
0.4467
0.4552
0.4162
0.4271
0.4777
0.42110000000000003
0.4738
0.7053
0.4266
0.2559
0.247
0.2348
0.25579999999999997
0.4274
0.38570000000000004
0.2223
0.1965
0.2056
0.8452
0.7918000000000001
0.8157000000000001
0.8155
0.7899
0.8488
1.0521
1.251
1.428
1.8803
2.1249
2.4608
2.1887999999999996
2.3227
3.1337
4.8043
2.4677
0.8319
3.985
3.2343
5.0651
6.0859
1.8721
0.2684
0.39670000000000005
0.3806
0.3674
0.37470000000000003
0.3933
0.4692
0.7052
0.7224999999999999
0.7156
0.4998
0.31999999999999995
0.2852
0.2963
0.3188
0.3723
0.5836
0.5469999999999999
0.5524
0.8132999999999999
1.9726
0.9151
0.5596000000000001
0.492
0.447
1.7614999999999998
1.7313
1.7105000000000001
1.6893
1.6724999999999999
1.6682000000000001
1.642
1.9591
1.7334
1.8917000000000002
1.9283000000000001
1.9281000000000001
1.2913999999999999
1.0745
0.9708
0.8842000000000001
0.8769
0.7948999999999999
3.5278
3.5942
5.6724
6.4466
6.2331
1.7348
0.5711
0.3241
1.2906
3.7472000000000003
3.1665
1.5194
0.9768
1.4026999999999998
0.2203
0.2899
0.29700000000000004
0.3191
0.3129
0.33430000000000004
0.45790000000000003
0.6880000000000001
0.4481
0.51
0.5586
0.5246
0.5805
4.9871
5.198
2.2443999999999997
0.0747
0.063
0.057800000000000004
0.058300000000000005
0.0615
0.0557
0.060300000000000006
0.0795
0.0645
0.0586
0.0541
0.10669999999999999
0.5993999999999999
0.9371999999999999
0.20529999999999998
0.16349999999999998
0.3438
0.6473
1.0266000000000002
0.2831
0.3931
0.4022
0.3437
0.1768
0.0107
0.043800000000000006
0.0508
0.046700000000000005
0.0342
0.0562
0.3226
0.9631000000000001
1.4391
2.3663
0.6658999999999999
0.4752
0.692
0.588
0.1648
0.0
0.0
0.0
0.0
0.0
0.0
0.0
0.0
0.0
0.30710000000000004
0.329
0.3206
0.3123
0.3004
0.3327
0.4225
0.3788
0.3155
0.2185
1.3229000000000002
0.3595
0.3821
0.5193
0.5535
0.5747
1.1016
0.37429999999999997
0.26639999999999997
0.2325
0.1688
0.12469999999999999
0.1452
0.1278
0.23049999999999998
0.2124
0.2273
0.21789999999999998
0.1894
0.2288
0.1831
0.3127
0.21089999999999998
0.2329
0.26449999999999996
0.2508
0.244
0.2243
0.216
0.24509999999999998
0.6890000000000001
0.4718
0.5601
0.6698
0.36960000000000004
0.0871
0.09380000000000001
0.1369
0.1663
0.1913
0.1864
0.1987
0.1835
0.17830000000000001
0.22199999999999998
0.8511
1.0903
0.1369
0.1749
0.2269
0.3929
0.2726
0.1991
0.1516
0.1628
0.7446999999999999
0.112
0.09620000000000001
0.021500000000000002
0.0
0.011099999999999999
0.0196
0.5201
0.5268999999999999
0.4259
0.3872
0.3897
0.40690000000000004
1.4870999999999999
1.0133
0.0
0.005
0.0040999999999999995
0.0
0.0097
0.0176
0.0727
0.4092
0.8807
0.4012
0.4835
1.2966
5.853400000000001
6.7489
6.0376
6.4613
2.0391
1.7688
0.2479
0.2057
0.1772
0.0936
0.0629
0.0675
0.0727
0.1203
0.1404
0.0907
0.0822
0.0605
0.09209999999999999
0.0758
0.0588
0.0623
0.06720000000000001
0.1185
0.1658
0.29710000000000003
0.36360000000000003
0.31579999999999997
0.0747
0.063
0.057800000000000004
0.058300000000000005
0.0615
0.0557
0.060300000000000006
0.0795
0.0645
0.0586
0.0541
0.10669999999999999
0.5993999999999999
0.9371999999999999
0.20529999999999998
0.16349999999999998
0.3438
0.6473
1.0266000000000002
0.2831
0.3931
0.4022
0.3437
0.1768
0.0107
0.043800000000000006
0.0508
0.046700000000000005
0.0342
0.0562
0.3226
0.9631000000000001
1.4391
2.3663
0.6658999999999999
0.4752
0.692
0.588
0.1648
0.0
0.0
0.0
0.0
0.0
0.0
0.0
0.0
0.0
0.30710000000000004
0.329
0.3206
0.3123
0.3004
0.3327
0.4225
0.3788
0.3155
0.2185
1.3229000000000002
0.3595
0.3821
0.5193
0.5535
0.5747
1.1016
0.37429999999999997
0.26639999999999997
0.2325
0.1688
0.12469999999999999
0.1452
0.1278
0.23049999999999998
0.2124
0.2273
0.21789999999999998
0.1894
0.2288
0.1831
0.3127
0.21089999999999998
0.2329
0.26449999999999996
0.2508
0.244
0.2243
0.216
0.24509999999999998
0.6890000000000001
0.4718
0.5601
0.6698
0.36960000000000004
0.0871
0.09380000000000001
0.1369
0.1663
0.1913
0.1864
0.1987
0.1835
0.17830000000000001
0.22199999999999998
0.8511
1.0903
0.1369
0.1749
0.2269
0.3929
0.2726
0.1991
0.1516
0.1628
0.7446999999999999
0.112
0.09620000000000001
0.021500000000000002
0.0
0.011099999999999999
0.0196
0.5201
0.5268999999999999
0.4259
0.3872
0.3897
0.40690000000000004
1.4870999999999999
1.0133
0.0
0.005
0.0040999999999999995
0.0
0.0097
0.0176
0.0727
0.4092
0.8807
0.4012
0.4835
1.2966
5.853400000000001
6.7489
6.0376
6.4613
2.0391
1.7688
0.2479
0.2057
0.1772
0.0936
0.0629
0.0675
0.0727
0.1203
0.1404
0.0907
0.0822
0.0605
0.09209999999999999
0.0758
0.0588
0.0623
0.06720000000000001
0.1185
0.1658
0.29710000000000003
0.36360000000000003
0.31579999999999997
0.0747
0.063
0.057800000000000004
0.058300000000000005
0.0615
0.0557
0.060300000000000006
0.0795
0.0645
0.0586
0.0541
0.10669999999999999
0.5993999999999999
0.9371999999999999
0.20529999999999998
0.16349999999999998
0.3438
0.6473
1.0266000000000002
0.2831
0.3931
0.4022
0.3437
0.1768
0.0107
0.043800000000000006
0.0508
0.046700000000000005
0.0342
0.0562
0.3226
0.9631000000000001
1.4391
2.3663
0.6658999999999999
0.4752
0.692
0.588
0.1648
0.0
0.0
0.0
0.0
0.0
0.0
0.0
0.0
0.0
0.30710000000000004
0.329
0.3206
0.3123
0.3004
0.3327
0.4225
0.3788
0.3155
0.2185
1.3229000000000002
0.3595
0.3821
0.5193
0.5535
0.5747
1.1016
0.37429999999999997
0.26639999999999997
0.2325
0.1688
0.12469999999999999
0.1452
0.1278
0.23049999999999998
0.2124
0.2273
0.21789999999999998
0.1894
0.2288
0.1831
0.3127
0.21089999999999998
0.2329
0.26449999999999996
0.2508
0.244
0.2243
0.216
0.24509999999999998
0.6890000000000001
0.4718
0.5601
0.6698
0.36960000000000004
0.0871
0.09380000000000001
0.1369
0.1663
0.1913
0.1864
0.1987
0.1835
0.17830000000000001
0.22199999999999998
0.8511
1.0903
0.1369
0.1749
0.2269
0.3929
0.2726
0.1991
0.1516
0.1628
0.7446999999999999
0.112
0.09620000000000001
0.021500000000000002
0.0
0.011099999999999999
0.0196
0.5201
0.5268999999999999
0.4259
0.3872
0.3897
0.40690000000000004
1.4870999999999999
1.0133
0.0
0.005
0.0040999999999999995
0.0
0.0097
0.0176
0.0727
0.4092
0.8807
0.4012
0.4835
1.2966
5.853400000000001
6.7489
6.0376
6.4613
2.0391
1.7688
0.2479
0.2057
0.1772
0.0936
0.0629
0.0675
0.0727
0.1203
0.1404
0.0907
0.0822
0.0605
0.09209999999999999
0.0758
0.0588
0.0623
0.06720000000000001
0.1185
0.1658
0.29710000000000003
0.36360000000000003
0.31579999999999997
0.0747
0.063
0.057800000000000004
0.058300000000000005
0.0615
0.0557
0.060300000000000006
0.0795
0.0645
0.0586
0.0541
0.10669999999999999
0.5993999999999999
0.9371999999999999
0.20529999999999998
0.16349999999999998
0.3438
0.6473
1.0266000000000002
0.2831
0.3931
0.4022
0.3437
0.1768
0.0107
0.043800000000000006
0.0508
0.046700000000000005
0.0342
0.0562
0.3226
0.9631000000000001
1.4391
2.3663
0.6658999999999999
0.4752
0.692
0.588
0.1648
0.0
0.0
0.0
0.0
0.0
0.0
0.0
0.0
0.0
0.30710000000000004
0.329
0.3206
0.3123
0.3004
0.3327
0.4225
0.3788
0.3155
0.2185
1.3229000000000002
0.3595
0.3821
0.5193
0.5535
0.5747
1.1016
0.37429999999999997
0.26639999999999997
0.2325
0.1688
0.12469999999999999
0.1452
0.1278
0.23049999999999998
0.2124
0.2273
0.21789999999999998
0.1894
0.2288
0.1831
0.3127
0.21089999999999998
0.2329
0.26449999999999996
0.2508
0.244
0.2243
0.216
0.24509999999999998
0.6890000000000001
0.4718
0.5601
0.6698
0.36960000000000004
0.0871
0.09380000000000001
0.1369
0.1663
0.1913
0.1864
0.1987
0.1835
0.17830000000000001
0.22199999999999998
0.8511
1.0903
0.1369
0.1749
0.2269
0.3929
0.2726
0.1991
0.1516
0.1628
0.7446999999999999
0.112
0.09620000000000001
0.021500000000000002
0.0
0.011099999999999999
0.0196
0.5201
0.5268999999999999
0.4259
0.3872
0.3897
0.40690000000000004
1.4870999999999999
1.0133
0.0
0.005
0.0040999999999999995
0.0
0.0097
0.0176
0.0727
0.4092
0.8807
0.4012
0.4835
1.2966
5.853400000000001
6.7489
6.0376
6.4613
2.0391
1.7688
0.2479
0.2057
0.1772
0.0936
0.0629
0.0675
0.0727
0.1203
0.1404
0.0907
0.0822
0.0605
0.09209999999999999
0.0758
0.0588
0.0623
0.06720000000000001
0.1185
0.1658
0.29710000000000003
0.36360000000000003
0.31579999999999997
0.0747
0.063
0.057800000000000004
0.058300000000000005
0.0615
0.0557
0.060300000000000006
0.0795
0.0645
0.0586
0.0541
0.10669999999999999
0.5993999999999999
0.9371999999999999
0.20529999999999998
0.16349999999999998
0.3438
0.6473
1.0266000000000002
0.2831
0.3931
0.4022
0.3437
0.1768
0.0107
0.043800000000000006
0.0508
0.046700000000000005
0.0342
0.0562
0.3226
0.9631000000000001
1.4391
2.3663
0.6658999999999999
0.4752
0.692
0.588
0.1648
0.0
0.0
0.0
0.0
0.0
0.0
0.0
0.0
0.0
0.30710000000000004
0.329
0.3206
0.3123
0.3004
0.3327
0.4225
0.3788
0.3155
0.2185
1.3229000000000002
0.3595
0.3821
0.5193
0.5535
0.5747
1.1016
0.37429999999999997
0.26639999999999997
0.2325
0.1688
0.12469999999999999
0.1452
0.1278
0.0
0.0
0.0
0.0
0.0
0.024
0.0631
0.0212
0.0191
0.0319
0.0298
0.0237
0.0477
0.0424
0.0393
0.05
0.0046
0.3814
0.4928
0.0189
0.0207
0.0
0.0
0.0
0.7013
0.2269
0.2031
0.1903
0.2109
0.5952999999999999
1.0209000000000001
0.5271
0.4478
0.40900000000000003
0.3671
0.329
0.3242
1.081
0.41369999999999996
0.2647
0.2976
0.29600000000000004
0.279
1.4274
0.45309999999999995
0.6667000000000001
1.1997
1.5621
0.3645
0.3688
0.3577
0.2853
0.5208
2.058
0.9218999999999999
0.4837
0.4568
0.5004
0.5487
0.5577
0.526
0.4481
1.3607
0.7403000000000001
0.42269999999999996
0.3706
0.5891
0.8211999999999999
0.25780000000000003
0.1183
0.0953
0.11069999999999999
0.3074
0.3157
0.3268
0.2985
0.2825
0.3163
0.4017
0.4596
0.46609999999999996
0.4415
0.4364
0.4784
1.2704
0.7948000000000001
0.4223
0.3446
1.7546
0.2027
2.2715
1.0277
0.7269
0.38949999999999996
0.2097
0.2294
0.2229
0.2111
0.2203
0.1972
0.20229999999999998
0.21960000000000002
0.19269999999999998
0.4844
0.1137
0.0837
0.1018
0.1318
0.19830000000000003
0.4783
0.2165
0.2001
0.6658999999999999
1.4748999999999999
0.3851
0.3018
0.36560000000000004
0.6942999999999999
0.256
0.1844
2.964
0.4325
0.42310000000000003
0.3981
0.4012
0.4431
0.52
0.6182
0.8073
0.9994000000000001
1.2737
1.6009
0.9528000000000001
0.7512000000000001
0.7242
0.7271
2.0815
0.734
0.667
0.6146
0.6223
0.7806
1.0459
0.8855999999999999
0.3617
0.3371
0.31679999999999997
0.3067
0.30569999999999997
0.3226
0.3734
0.4258
0.4945
0.5018
0.5339
0.901
0.9459
0.4632
0.4662
0.7455
0.5552999999999999
0.47450000000000003
0.3544
1.2961
0.7294
0.9132
0.9360999999999999
0.5981
0.0
0.0
0.0
0.0
0.0
0.024
0.0631
0.0212
0.0191
0.0319
0.0298
0.0237
0.0477
0.0424
0.0393
0.05
0.0046
0.3814
0.4928
0.0189
0.0207
0.0
0.0
0.0
0.7013
0.2269
0.2031
0.1903
0.2109
0.5952999999999999
1.0209000000000001
0.5271
0.4478
0.40900000000000003
0.3671
0.329
0.3242
1.081
0.41369999999999996
0.2647
0.2976
0.29600000000000004
0.279
1.4274
0.45309999999999995
0.6667000000000001
1.1997
1.5621
0.3645
0.3688
0.3577
0.2853
0.5208
2.058
0.9218999999999999
0.4837
0.4568
0.5004
0.5487
0.5577
0.526
0.4481
1.3607
0.7403000000000001
0.42269999999999996
0.3706
0.5891
0.8211999999999999
0.25780000000000003
0.1183
0.0953
0.11069999999999999
0.3074
0.3157
0.3268
0.2985
0.2825
0.3163
0.4017
0.4596
0.46609999999999996
0.4415
0.4364
0.4784
1.2704
0.7948000000000001
0.4223
0.3446
1.7546
0.2027
2.2715
1.0277
0.7269
0.38949999999999996
0.2097
0.2294
0.2229
0.2111
0.2203
0.1972
0.20229999999999998
0.21960000000000002
0.19269999999999998
0.4844
0.1137
0.0837
0.1018
0.1318
0.19830000000000003
0.4783
0.2165
0.2001
0.6658999999999999
1.4748999999999999
0.3851
0.3018
0.36560000000000004
0.6942999999999999
0.256
0.1844
2.964
0.4325
0.42310000000000003
0.3981
0.4012
0.4431
0.52
0.6182
0.8073
0.9994000000000001
1.2737
1.6009
0.9528000000000001
0.7512000000000001
0.7242
0.7271
2.0815
0.734
0.667
0.6146
0.6223
0.7806
1.0459
0.8855999999999999
0.3617
0.3371
0.31679999999999997
0.3067
0.30569999999999997
0.3226
0.3734
0.4258
0.4945
0.5018
0.5339
0.901
0.9459
0.4632
0.4662
0.7455
0.5552999999999999
0.47450000000000003
0.3544
1.2961
0.7294
0.9132
0.9360999999999999
0.5981
0.0
0.0
0.0
0.0
0.0
0.024
0.0631
0.0212
0.0191
0.0319
0.0298
0.0237
0.0477
0.0424
0.0393
0.05
0.0046
0.3814
0.4928
0.0189
0.0207
0.0
0.0
0.0
0.7013
0.2269
0.2031
0.1903
0.2109
0.5952999999999999
1.0209000000000001
0.5271
0.4478
0.40900000000000003
0.3671
0.329
0.3242
1.081
0.41369999999999996
0.2647
0.2976
0.29600000000000004
0.279
1.4274
0.45309999999999995
0.6667000000000001
1.1997
1.5621
0.3645
0.3688
0.3577
0.2853
0.5208
2.058
0.9218999999999999
0.4837
0.4568
0.5004
0.5487
0.5577
0.526
0.4481
1.3607
0.7403000000000001
0.42269999999999996
0.3706
0.5891
0.8211999999999999
0.25780000000000003
0.1183
0.0953
0.11069999999999999
0.3074
0.3157
0.3268
0.2985
0.2825
0.3163
0.4017
0.4596
0.46609999999999996
0.4415
0.4364
0.4784
1.2704
0.7948000000000001
0.4223
0.3446
1.7546
0.2027
2.2715
1.0277
0.7269
0.38949999999999996
0.2097
0.2294
0.2229
0.2111
0.2203
0.1972
0.20229999999999998
0.21960000000000002
0.19269999999999998
0.4844
0.1137
0.0837
0.1018
0.1318
0.19830000000000003
0.4783
0.2165
0.2001
0.6658999999999999
1.4748999999999999
0.3851
0.3018
0.36560000000000004
0.6942999999999999
0.256
0.1844
2.964
0.4325
0.42310000000000003
0.3981
0.4012
0.4431
0.52
0.6182
0.8073
0.9994000000000001
1.2737
1.6009
0.9528000000000001
0.7512000000000001
0.7242
0.7271
2.0815
0.734
0.667
0.6146
0.6223
0.7806
1.0459
0.8855999999999999
0.3617
0.3371
0.31679999999999997
0.3067
0.30569999999999997
0.3226
0.3734
0.4258
0.4945
0.5018
0.5339
0.901
0.9459
0.4632
0.4662
0.7455
0.5552999999999999
0.47450000000000003
0.3544
1.2961
0.7294
0.9132
0.9360999999999999
0.5981
0.0
0.0
0.0
0.0
0.0
0.024
0.0631
0.0212
0.0191
0.0319
0.0298
0.0237
0.0477
0.0424
0.0393
0.05
0.0046
0.3814
0.4928
0.0189
0.0207
0.0
0.0
0.0
0.7013
0.2269
0.2031
0.1903
0.2109
0.5952999999999999
1.0209000000000001
0.5271
0.4478
0.40900000000000003
0.3671
0.329
0.3242
1.081
0.41369999999999996
0.2647
0.2976
0.29600000000000004
0.279
1.4274
0.45309999999999995
0.6667000000000001
1.1997
1.5621
0.3645
0.3688
0.3577
0.2853
0.5208
2.058
0.9218999999999999
0.4837
0.4568
0.5004
0.5487
0.5577
0.526
0.4481
1.3607
0.7403000000000001
0.42269999999999996
0.3706
0.5891
0.8211999999999999
0.25780000000000003
0.1183
0.0953
0.11069999999999999
0.3074
0.3157
0.3268
0.2985
0.2825
0.3163
0.4017
0.4596
0.46609999999999996
0.4415
0.4364
0.4784
1.2704
0.7948000000000001
0.4223
0.3446
1.7546
0.2027
2.2715
1.0277
0.7269
0.38949999999999996
0.2097
0.2294
0.2229
0.2111
0.2203
0.1972
0.20229999999999998
0.21960000000000002
0.19269999999999998
0.4844
0.1137
0.0837
0.1018
0.1318
0.19830000000000003
0.4783
0.2165
0.2001
0.6658999999999999
1.4748999999999999
0.3851
0.3018
0.36560000000000004
0.6942999999999999
0.256
0.1844
2.964
0.4325
0.42310000000000003
0.3981
0.4012
0.4431
0.52
0.6182
0.8073
0.9994000000000001
1.2737
1.6009
0.9528000000000001
0.7512000000000001
0.7242
0.7271
2.0815
0.734
0.667
0.6146
0.6223
0.7806
1.0459
0.8855999999999999
0.3617
0.3371
0.31679999999999997
0.3067
0.30569999999999997
0.3226
0.3734
0.4258
0.4945
0.5018
0.5339
0.901
0.9459
0.4632
0.4662
0.7455
0.5552999999999999
0.47450000000000003
0.3544
1.2961
0.7294
0.9132
0.9360999999999999
0.5981
0.0
0.0
0.0
0.0
0.0
0.024
0.0631
0.0212
0.0191
0.0319
0.0298
0.0237
0.0477
0.0424
0.0393
0.05
0.0046
0.3814
0.4928
0.0189
0.0207
0.0
0.0
0.0
0.7013
0.2269
0.2031
0.1903
0.2109
0.5952999999999999
1.0209000000000001
0.5271
0.4478
0.40900000000000003
0.3671
0.329
0.3242
1.081
0.41369999999999996
0.2647
0.2976
0.29600000000000004
0.279
1.4274
0.45309999999999995
0.6667000000000001
1.1997
1.5621
0.7871
0.5278
0.3429
0.0
0.0
0.0017
0.014599999999999998
0.0011
0.0013
0.0
0.0
0.0
0.0213
0.1394
0.2343
0.024
0.0
0.0017
0.0448
0.36739999999999995
0.0
0.0
0.0
0.4092
0.0847
0.0831
0.0827
0.0853
0.0858
0.0822
0.0711
0.0704
0.06889999999999999
0.0753
0.0634
0.0595
0.0597
0.0621
0.06509999999999999
0.0695
0.0697
0.09759999999999999
0.0758
0.0617
0.0547
0.052199999999999996
0.06559999999999999
0.0807
0.7082999999999999
0.7881
0.8477
0.851
0.8240000000000001
0.6128
0.9704999999999999
3.2609
0.109
0.4565
0.5082
1.5653000000000001
0.7666
0.1459
0.052700000000000004
0.12840000000000001
0.0761
0.060700000000000004
0.0
1.1114
0.6607
1.5831
2.7196
1.3937
1.4175
0.8158000000000001
0.8695999999999999
0.7587999999999999
0.5198
0.6446000000000001
0.4285
0.2406
0.16870000000000002
0.1721
1.0336
0.194
0.21639999999999998
0.2551
0.2409
0.15839999999999999
0.1432
0.1507
0.1959
0.2942
0.5665
0.5764
0.25739999999999996
0.6722
5.9300999999999995
8.680499999999999
8.5522
4.3094
2.5216000000000003
3.4892000000000003
2.6383
1.5571000000000002
1.4302000000000001
1.5312999999999999
1.7888
1.685
1.5178
1.3325
1.1894999999999998
0.9208
0.7314
0.6817
0.8665
1.8782999999999999
0.718
0.5159
0.5730999999999999
0.6631
1.4924
1.9068
0.9702
0.7554000000000001
0.4385
0.2344
0.1711
0.16849999999999998
0.1698
0.20229999999999998
0.315
0.6359
0.2728
0.1832
0.1703
0.1654
0.1941
0.2639
0.9157
1.0992
0.7551
0.9510000000000001
1.4071
1.3394
0.030600000000000002
0.0662
0.0663
0.0706
0.0844
1.403
0.0
0.2838
0.1789
1.2459
0.2349
0.3629
0.29269999999999996
0.29179999999999995
0.4525
0.573
0.2908
0.2596
0.41
0.1275
0.0
0.0
0.0045
0.0218
0.7871
0.5278
0.3429
0.0
0.0
0.0017
0.014599999999999998
0.0011
0.0013
0.0
0.0
0.0
0.0213
0.1394
0.2343
0.024
0.0
0.0017
0.0448
0.36739999999999995
0.0
0.0
0.0
0.4092
0.0847
0.0831
0.0827
0.0853
0.0858
0.0822
0.0711
0.0704
0.06889999999999999
0.0753
0.0634
0.0595
0.0597
0.0621
0.06509999999999999
0.0695
0.0697
0.09759999999999999
0.0758
0.0617
0.0547
0.052199999999999996
0.06559999999999999
0.0807
0.7082999999999999
0.7881
0.8477
0.851
0.8240000000000001
0.6128
0.9704999999999999
3.2609
0.109
0.4565
0.5082
1.5653000000000001
0.7666
0.1459
0.052700000000000004
0.12840000000000001
0.0761
0.060700000000000004
0.0
1.1114
0.6607
1.5831
2.7196
1.3937
1.4175
0.8158000000000001
0.8695999999999999
0.7587999999999999
0.5198
0.6446000000000001
0.4285
0.2406
0.16870000000000002
0.1721
1.0336
0.194
0.21639999999999998
0.2551
0.2409
0.15839999999999999
0.1432
0.1507
0.1959
0.2942
0.5665
0.5764
0.25739999999999996
0.6722
5.9300999999999995
8.680499999999999
8.5522
4.3094
2.5216000000000003
3.4892000000000003
2.6383
1.5571000000000002
1.4302000000000001
1.5312999999999999
1.7888
1.685
1.5178
1.3325
1.1894999999999998
0.9208
0.7314
0.6817
0.8665
1.8782999999999999
0.718
0.5159
0.5730999999999999
0.6631
1.4924
1.9068
0.9702
0.7554000000000001
0.4385
0.2344
0.1711
0.16849999999999998
0.1698
0.20229999999999998
0.315
0.6359
0.2728
0.1832
0.1703
0.1654
0.1941
0.2639
0.9157
1.0992
0.7551
0.9510000000000001
1.4071
1.3394
0.030600000000000002
0.0662
0.0663
0.0706
0.0844
1.403
0.0
0.2838
0.1789
1.2459
0.2349
0.3629
0.29269999999999996
0.29179999999999995
0.4525
0.573
0.2908
0.2596
0.41
0.1275
0.0
0.0
0.0045
0.0218
0.7871
0.5278
0.3429
0.0
0.0
0.0017
0.014599999999999998
0.0011
0.0013
0.0
0.0
0.0
0.0213
0.1394
0.2343
0.024
0.0
0.0017
0.0448
0.36739999999999995
0.0
0.0
0.0
0.4092
0.0847
0.0831
0.0827
0.0853
0.0858
0.0822
0.0711
0.0704
0.06889999999999999
0.0753
0.0634
0.0595
0.0597
0.0621
0.06509999999999999
0.0695
0.0697
0.09759999999999999
0.0758
0.0617
0.0547
0.052199999999999996
0.06559999999999999
0.0807
0.7082999999999999
0.7881
0.8477
0.851
0.8240000000000001
0.6128
0.9704999999999999
3.2609
0.109
0.4565
0.5082
1.5653000000000001
0.7666
0.1459
0.052700000000000004
0.12840000000000001
0.0761
0.060700000000000004
0.0
1.1114
0.6607
1.5831
2.7196
1.3937
1.4175
0.8158000000000001
0.8695999999999999
0.7587999999999999
0.5198
0.6446000000000001
0.4285
0.2406
0.16870000000000002
0.1721
1.0336
0.194
0.21639999999999998
0.2551
0.2409
0.15839999999999999
0.1432
0.1507
0.1959
0.2942
0.5665
0.5764
0.25739999999999996
0.6722
5.9300999999999995
8.680499999999999
8.5522
4.3094
2.5216000000000003
3.4892000000000003
2.6383
1.5571000000000002
1.4302000000000001
1.5312999999999999
1.7888
1.685
1.5178
1.3325
1.1894999999999998
0.9208
0.7314
0.6817
0.8665
1.8782999999999999
0.718
0.5159
0.5730999999999999
0.6631
1.4924
1.9068
0.9702
0.7554000000000001
0.4385
0.2344
0.1711
0.16849999999999998
0.1698
0.20229999999999998
0.315
0.6359
0.2728
0.1832
0.1703
0.1654
0.1941
0.2639
0.9157
1.0992
0.7551
0.9510000000000001
1.4071
1.3394
0.030600000000000002
0.0662
0.0663
0.0706
0.0844
1.403
0.0
0.2838
0.1789
1.2459
0.2349
0.3629
0.29269999999999996
0.29179999999999995
0.4525
0.573
0.2908
0.2596
0.41
0.1275
0.0
0.0
0.0045
0.0218
0.7871
0.5278
0.3429
0.0
0.0
0.0017
0.014599999999999998
0.0011
0.0013
0.0
0.0
0.0
0.0213
0.1394
0.2343
0.024
0.0
0.0017
0.0448
0.36739999999999995
0.0
0.0
0.0
0.4092
0.0847
0.0831
0.0827
0.0853
0.0858
0.0822
0.0711
0.0704
0.06889999999999999
0.0753
0.0634
0.0595
0.0597
0.0621
0.06509999999999999
0.0695
0.0697
0.09759999999999999
0.0758
0.0617
0.0547
0.052199999999999996
0.06559999999999999
0.0807
0.7082999999999999
0.7881
0.8477
0.851
0.8240000000000001
0.6128
0.9704999999999999
3.2609
0.109
0.4565
0.5082
1.5653000000000001
0.7666
0.1459
0.052700000000000004
0.12840000000000001
0.0761
0.060700000000000004
0.0
1.1114
0.6607
1.5831
2.7196
1.3937
1.4175
0.8158000000000001
0.8695999999999999
0.7587999999999999
0.5198
0.6446000000000001
0.4285
0.2406
0.16870000000000002
0.1721
1.0336
0.194
0.21639999999999998
0.2551
0.2409
0.15839999999999999
0.1432
0.1507
0.1959
0.2942
0.5665
0.5764
0.25739999999999996
0.6722
5.9300999999999995
8.680499999999999
8.5522
4.3094
2.5216000000000003
3.4892000000000003
2.6383
1.5571000000000002
1.4302000000000001
1.5312999999999999
1.7888
1.685
1.5178
1.3325
1.1894999999999998
0.9208
0.7314
0.6817
0.8665
1.8782999999999999
0.718
0.5159
0.5730999999999999
0.6631
1.4924
1.9068
0.9702
0.7554000000000001
0.4385
0.2344
0.1711
0.16849999999999998
0.1698
0.20229999999999998
0.315
0.6359
0.2728
0.1832
0.1703
0.1654
0.1941
0.2639
0.9157
1.0992
0.7551
0.9510000000000001
1.4071
1.3394
0.030600000000000002
0.0662
0.0663
0.0706
0.0844
1.403
0.0
0.2838
0.1789
1.2459
0.2349
0.3629
0.29269999999999996
0.29179999999999995
0.4525
0.573
0.2908
0.2596
0.41
0.1275
0.0
0.0
0.0045
0.0218
0.7871
0.5278
0.3429
0.0
0.0
0.0017
0.014599999999999998
0.0011
0.0013
0.0
0.0
0.0
0.0213
0.1394
0.2343
0.024
0.0
0.0017
0.0448
0.36739999999999995
0.0
0.0
0.0
0.4092
0.0847
0.0831
0.0827
0.0853
0.0858
0.0822
0.0711
0.0704
0.06889999999999999
0.0753
0.0634
0.0595
0.0597
0.0621
0.06509999999999999
0.0695
0.0697
0.09759999999999999
0.0758
0.0617
0.0547
0.052199999999999996
0.06559999999999999
0.0807
0.7082999999999999
0.7881
0.8477
0.851
0.8240000000000001
0.6128
0.9704999999999999
3.2609
0.109
0.4565
0.5082
1.5653000000000001
0.7666
0.1459
0.052700000000000004
0.12840000000000001
0.0761
0.060700000000000004
0.0
1.1114
0.6607
1.5831
2.7196
1.3937
0.2388
0.22870000000000001
0.2213
0.2173
0.22060000000000002
0.2264
0.27490000000000003
0.3009
0.36729999999999996
0.5143
0.5141
0.4542
0.3976
0.3539
0.3411
0.3097
0.7545
0.593
1.7335
0.3306
1.3051
1.2711999999999999
0.2994
0.16570000000000001
0.6301
0.6917
0.7435
0.8291
0.5570999999999999
0.34199999999999997
0.3746
0.3922
0.2331
0.2173
0.2106
0.1933
0.1925
0.178
0.1857
0.15489999999999998
0.8195
0.12589999999999998
0.1616
0.1529
0.16949999999999998
0.3391
0.637
0.6711
0.2803
0.4286
0.3146
0.1628
0.13640000000000002
0.8693000000000001
1.1258
1.4181
0.4238
0.4276
0.6642
0.6771
0.5723
0.4877
0.44520000000000004
0.3044
0.2837
0.2124
0.19019999999999998
0.2637
0.32689999999999997
0.6048
0.7571
0.249
0.30279999999999996
0.31520000000000004
0.3312
0.3251
0.3315
0.3635
0.4809
0.4773
0.0144
0.0353
0.0509
0.0548
0.057999999999999996
0.0403
0.0362
0.030199999999999998
0.145
0.4361
0.0256
0.9328
0.5759000000000001
0.2874
0.1605
0.1896
0.44930000000000003
0.42010000000000003
0.39680000000000004
0.37139999999999995
0.34199999999999997
0.30410000000000004
0.2771
0.2787
0.2904
0.30500000000000005
0.31920000000000004
0.3628
0.372
0.3368
0.8218
0.4542
1.101
0.405
0.3681
0.39990000000000003
0.5215
0.5119
0.6276999999999999
0.9799
0.0404
0.034
0.036500000000000005
0.038599999999999995
0.0409
0.0603
0.1884
0.1469
0.12919999999999998
0.0572
0.0236
0.0245
0.0314
0.0311
0.0314
0.0907
0.9227
0.7585
0.1953
0.2741
0.29159999999999997
0.2042
0.1021
0.0549
0.3579
0.29510000000000003
0.45999999999999996
0.2692
0.1411
0.4218
0.0964
0.2719
0.6729
0.007299999999999999
0.0
0.0199
0.0201
0.0316
0.0453
0.0374
0.038099999999999995
0.0781
0.0634
0.0587
0.0335
0.0193
0.0172
0.9116
0.2388
0.22870000000000001
0.2213
0.2173
0.22060000000000002
0.2264
0.27490000000000003
0.3009
0.36729999999999996
0.5143
0.5141
0.4542
0.3976
0.3539
0.3411
0.3097
0.7545
0.593
1.7335
0.3306
1.3051
1.2711999999999999
0.2994
0.16570000000000001
0.6301
0.6917
0.7435
0.8291
0.5570999999999999
0.34199999999999997
0.3746
0.3922
0.2331
0.2173
0.2106
0.1933
0.1925
0.178
0.1857
0.15489999999999998
0.8195
0.12589999999999998
0.1616
0.1529
0.16949999999999998
0.3391
0.637
0.6711
0.2803
0.4286
0.3146
0.1628
0.13640000000000002
0.8693000000000001
1.1258
1.4181
0.4238
0.4276
0.6642
0.6771
0.5723
0.4877
0.44520000000000004
0.3044
0.2837
0.2124
0.19019999999999998
0.2637
0.32689999999999997
0.6048
0.7571
0.249
0.30279999999999996
0.31520000000000004
0.3312
0.3251
0.3315
0.3635
0.4809
0.4773
0.0144
0.0353
0.0509
0.0548
0.057999999999999996
0.0403
0.0362
0.030199999999999998
0.145
0.4361
0.0256
0.9328
0.5759000000000001
0.2874
0.1605
0.1896
0.44930000000000003
0.42010000000000003
0.39680000000000004
0.37139999999999995
0.34199999999999997
0.30410000000000004
0.2771
0.2787
0.2904
0.30500000000000005
0.31920000000000004
0.3628
0.372
0.3368
0.8218
0.4542
1.101
0.405
0.3681
0.39990000000000003
0.5215
0.5119
0.6276999999999999
0.9799
0.0404
0.034
0.036500000000000005
0.038599999999999995
0.0409
0.0603
0.1884
0.1469
0.12919999999999998
0.0572
0.0236
0.0245
0.0314
0.0311
0.0314
0.0907
0.9227
0.7585
0.1953
0.2741
0.29159999999999997
0.2042
0.1021
0.0549
0.3579
0.29510000000000003
0.45999999999999996
0.2692
0.1411
0.4218
0.0964
0.2719
0.6729
0.007299999999999999
0.0
0.0199
0.0201
0.0316
0.0453
0.0374
0.038099999999999995
0.0781
0.0634
0.0587
0.0335
0.0193
0.0172
0.9116
0.2388
0.22870000000000001
0.2213
0.2173
0.22060000000000002
0.2264
0.27490000000000003
0.3009
0.36729999999999996
0.5143
0.5141
0.4542
0.3976
0.3539
0.3411
0.3097
0.7545
0.593
1.7335
0.3306
1.3051
1.2711999999999999
0.2994
0.16570000000000001
0.6301
0.6917
0.7435
0.8291
0.5570999999999999
0.34199999999999997
0.3746
0.3922
0.2331
0.2173
0.2106
0.1933
0.1925
0.178
0.1857
0.15489999999999998
0.8195
0.12589999999999998
0.1616
0.1529
0.16949999999999998
0.3391
0.637
0.6711
0.2803
0.4286
0.3146
0.1628
0.13640000000000002
0.8693000000000001
1.1258
1.4181
0.4238
0.4276
0.6642
0.6771
0.5723
0.4877
0.44520000000000004
0.3044
0.2837
0.2124
0.19019999999999998
0.2637
0.32689999999999997
0.6048
0.7571
0.249
0.30279999999999996
0.31520000000000004
0.3312
0.3251
0.3315
0.3635
0.4809
0.4773
0.0144
0.0353
0.0509
0.0548
0.057999999999999996
0.0403
0.0362
0.030199999999999998
0.145
0.4361
0.0256
0.9328
0.5759000000000001
0.2874
0.1605
0.1896
0.44930000000000003
0.42010000000000003
0.39680000000000004
0.37139999999999995
0.34199999999999997
0.30410000000000004
0.2771
0.2787
0.2904
0.30500000000000005
0.31920000000000004
0.3628
0.372
0.3368
0.8218
0.4542
1.101
0.405
0.3681
0.39990000000000003
0.5215
0.5119
0.6276999999999999
0.9799
0.0404
0.034
0.036500000000000005
0.038599999999999995
0.0409
0.0603
0.1884
0.1469
0.12919999999999998
0.0572
0.0236
0.0245
0.0314
0.0311
0.0314
0.0907
0.9227
0.7585
0.1953
0.2741
0.29159999999999997
0.2042
0.1021
0.0549
0.3579
0.29510000000000003
0.45999999999999996
0.2692
0.1411
0.4218
0.0964
0.2719
0.6729
0.007299999999999999
0.0
0.0199
0.0201
0.0316
0.0453
0.0374
0.038099999999999995
0.0781
0.0634
0.0587
0.0335
0.0193
0.0172
0.9116
0.2388
0.22870000000000001
0.2213
0.2173
0.22060000000000002
0.2264
0.27490000000000003
0.3009
0.36729999999999996
0.5143
0.5141
0.4542
0.3976
0.3539
0.3411
0.3097
0.7545
0.593
1.7335
0.3306
1.3051
1.2711999999999999
0.2994
0.16570000000000001
0.6301
0.6917
0.7435
0.8291
0.5570999999999999
0.34199999999999997
0.3746
0.3922
0.2331
0.2173
0.2106
0.1933
0.1925
0.178
0.1857
0.15489999999999998
0.8195
0.12589999999999998
0.1616
0.1529
0.16949999999999998
0.3391
0.637
0.6711
0.2803
0.4286
0.3146
0.1628
0.13640000000000002
0.8693000000000001
1.1258
1.4181
0.4238
0.4276
0.6642
0.6771
0.5723
0.4877
0.44520000000000004
0.3044
0.2837
0.2124
0.19019999999999998
0.2637
0.32689999999999997
0.6048
0.7571
0.249
0.30279999999999996
0.31520000000000004
0.3312
0.3251
0.3315
0.3635
0.4809
0.4773
0.0144
0.0353
0.0509
0.0548
0.057999999999999996
0.0403
0.0362
0.030199999999999998
0.145
0.4361
0.0256
0.9328
0.5759000000000001
0.2874
0.1605
0.1896
0.44930000000000003
0.42010000000000003
0.39680000000000004
0.37139999999999995
0.34199999999999997
0.30410000000000004
0.2771
0.2787
0.2904
0.30500000000000005
0.31920000000000004
0.3628
0.372
0.3368
0.8218
0.4542
1.101
0.405
0.3681
0.39990000000000003
0.5215
0.5119
0.6276999999999999
0.9799
0.0404
0.034
0.036500000000000005
0.038599999999999995
0.0409
0.0603
0.1884
0.1469
0.12919999999999998
0.0572
0.0236
0.0245
0.0314
0.0311
0.0314
0.0907
0.9227
0.7585
0.1953
0.2741
0.29159999999999997
0.2042
0.1021
0.0549
0.3579
0.29510000000000003
0.45999999999999996
0.2692
0.1411
0.4218
0.0964
0.2719
0.6729
0.007299999999999999
0.0
0.0199
0.0201
0.0316
0.0453
0.0374
0.038099999999999995
0.0781
0.0634
0.0587
0.0335
0.0193
0.0172
0.9116
0.2388
0.22870000000000001
0.2213
0.2173
0.22060000000000002
0.2264
0.27490000000000003
0.3009
0.36729999999999996
0.5143
0.5141
0.4542
0.3976
0.3539
0.3411
0.3097
0.7545
0.593
1.7335
0.3306
1.3051
1.2711999999999999
0.2994
0.16570000000000001
0.6301
0.6917
0.7435
0.8291
0.5570999999999999
0.34199999999999997
0.3746
0.3922
0.2331
0.2173
0.2106
0.1933
0.1925
0.178
0.1857
0.15489999999999998
0.8195
0.12589999999999998
0.1616
0.1529
0.16949999999999998
0.3391
0.637
0.6711
0.1158
0.1117
0.1266
0.1339
0.1389
0.1683
0.3177
0.3496
0.26639999999999997
0.16670000000000001
0.0786
1.6852
0.1473
0.932
0.9160999999999999
0.3159
0.7886
0.5663
0.35760000000000003
0.3714
0.3038
0.2652
0.1852
0.1585
0.3359
0.3183
0.31579999999999997
0.31420000000000003
0.3124
0.3009
0.3271
1.113
0.6237999999999999
0.6741999999999999
0.9561
0.979
0.2476
0.2212
0.222
0.2808
0.3235
0.4571
0.39449999999999996
0.47809999999999997
0.5005
0.5118
1.3484
0.9077
0.42000000000000004
0.1487
0.1241
0.1132
0.1275
0.2238
0.5157
0.29069999999999996
0.224
0.1879
0.17980000000000002
0.1886
0.19519999999999998
0.22449999999999998
0.948
0.4992
0.2994
0.4904
0.6552
0.5952
0.4268
0.30820000000000003
0.2005
1.3954
0.4226
0.4098
0.4084
0.4032
0.3982
0.4331
0.5872999999999999
0.6678
1.7470999999999999
0.7303
0.7229
0.7903
0.7479
0.7106
0.7113
0.8753
0.7697
0.6208
1.1793
0.7157
0.7702
0.3516
0.25970000000000004
0.30310000000000004
0.2618
0.2871
0.2513
0.239
0.2147
2.056
0.1886
0.5844
0.381
1.3074
0.3675
0.393
0.3671
0.3846
0.4587
1.6305999999999998
1.3639000000000001
0.8049
0.115
0.1337
0.149
0.1535
0.1876
0.196
0.0
0.0
0.0
0.0
0.0
0.0745
0.3615
0.0675
0.0675
0.0523
0.0235
0.0216
0.032299999999999995
0.019
0.023
0.36750000000000005
0.4882
0.024300000000000002
0.6130000000000001
0.1226
0.1096
0.02
0.0
0.0
0.11699999999999999
0.1148
0.1058
0.1099
0.1049
0.1096
0.11349999999999999
0.4942
2.4644
0.8546
0.6113999999999999
0.5912
0.5528
0.6033
0.7218
1.1831
0.9021999999999999
0.5803
0.5498000000000001
0.5740000000000001
0.6335999999999999
0.5144
0.27649999999999997
0.1441
0.1158
0.1117
0.1266
0.1339
0.1389
0.1683
0.3177
0.3496
0.26639999999999997
0.16670000000000001
0.0786
1.6852
0.1473
0.932
0.9160999999999999
0.3159
0.7886
0.5663
0.35760000000000003
0.3714
0.3038
0.2652
0.1852
0.1585
0.3359
0.3183
0.31579999999999997
0.31420000000000003
0.3124
0.3009
0.3271
1.113
0.6237999999999999
0.6741999999999999
0.9561
0.979
0.2476
0.2212
0.222
0.2808
0.3235
0.4571
0.39449999999999996
0.47809999999999997
0.5005
0.5118
1.3484
0.9077
0.42000000000000004
0.1487
0.1241
0.1132
0.1275
0.2238
0.5157
0.29069999999999996
0.224
0.1879
0.17980000000000002
0.1886
0.19519999999999998
0.22449999999999998
0.948
0.4992
0.2994
0.4904
0.6552
0.5952
0.4268
0.30820000000000003
0.2005
1.3954
0.4226
0.4098
0.4084
0.4032
0.3982
0.4331
0.5872999999999999
0.6678
1.7470999999999999
0.7303
0.7229
0.7903
0.7479
0.7106
0.7113
0.8753
0.7697
0.6208
1.1793
0.7157
0.7702
0.3516
0.25970000000000004
0.30310000000000004
0.2618
0.2871
0.2513
0.239
0.2147
2.056
0.1886
0.5844
0.381
1.3074
0.3675
0.393
0.3671
0.3846
0.4587
1.6305999999999998
1.3639000000000001
0.8049
0.115
0.1337
0.149
0.1535
0.1876
0.196
0.0
0.0
0.0
0.0
0.0
0.0745
0.3615
0.0675
0.0675
0.0523
0.0235
0.0216
0.032299999999999995
0.019
0.023
0.36750000000000005
0.4882
0.024300000000000002
0.6130000000000001
0.1226
0.1096
0.02
0.0
0.0
0.11699999999999999
0.1148
0.1058
0.1099
0.1049
0.1096
0.11349999999999999
0.4942
2.4644
0.8546
0.6113999999999999
0.5912
0.5528
0.6033
0.7218
1.1831
0.9021999999999999
0.5803
0.5498000000000001
0.5740000000000001
0.6335999999999999
0.5144
0.27649999999999997
0.1441
0.1158
0.1117
0.1266
0.1339
0.1389
0.1683
0.3177
0.3496
0.26639999999999997
0.16670000000000001
0.0786
1.6852
0.1473
0.932
0.9160999999999999
0.3159
0.7886
0.5663
0.35760000000000003
0.3714
0.3038
0.2652
0.1852
0.1585
0.3359
0.3183
0.31579999999999997
0.31420000000000003
0.3124
0.3009
0.3271
1.113
0.6237999999999999
0.6741999999999999
0.9561
0.979
0.2476
0.2212
0.222
0.2808
0.3235
0.4571
0.39449999999999996
0.47809999999999997
0.5005
0.5118
1.3484
0.9077
0.42000000000000004
0.1487
0.1241
0.1132
0.1275
0.2238
0.5157
0.29069999999999996
0.224
0.1879
0.17980000000000002
0.1886
0.19519999999999998
0.22449999999999998
0.948
0.4992
0.2994
0.4904
0.6552
0.5952
0.4268
0.30820000000000003
0.2005
1.3954
0.4226
0.4098
0.4084
0.4032
0.3982
0.4331
0.5872999999999999
0.6678
1.7470999999999999
0.7303
0.7229
0.7903
0.7479
0.7106
0.7113
0.8753
0.7697
0.6208
1.1793
0.7157
0.7702
0.3516
0.25970000000000004
0.30310000000000004
0.2618
0.2871
0.2513
0.239
0.2147
2.056
0.1886
0.5844
0.381
1.3074
0.3675
0.393
0.3671
0.3846
0.4587
1.6305999999999998
1.3639000000000001
0.8049
0.115
0.1337
0.149
0.1535
0.1876
0.196
0.0
0.0
0.0
0.0
0.0
0.0745
0.3615
0.0675
0.0675
0.0523
0.0235
0.0216
0.032299999999999995
0.019
0.023
0.36750000000000005
0.4882
0.024300000000000002
0.6130000000000001
0.1226
0.1096
0.02
0.0
0.0
0.11699999999999999
0.1148
0.1058
0.1099
0.1049
0.1096
0.11349999999999999
0.4942
2.4644
0.8546
0.6113999999999999
0.5912
0.5528
0.6033
0.7218
1.1831
0.9021999999999999
0.5803
0.5498000000000001
0.5740000000000001
0.6335999999999999
0.5144
0.27649999999999997
0.1441
0.1158
0.1117
0.1266
0.1339
0.1389
0.1683
0.3177
0.3496
0.26639999999999997
0.16670000000000001
0.0786
1.6852
0.1473
0.932
0.9160999999999999
0.3159
0.7886
0.5663
0.35760000000000003
0.3714
0.3038
0.2652
0.1852
0.1585
0.3359
0.3183
0.31579999999999997
0.31420000000000003
0.3124
0.3009
0.3271
1.113
0.6237999999999999
0.6741999999999999
0.9561
0.979
0.2476
0.2212
0.222
0.2808
0.3235
0.4571
0.39449999999999996
0.47809999999999997
0.5005
0.5118
1.3484
0.9077
0.42000000000000004
0.1487
0.1241
0.1132
0.1275
0.2238
0.5157
0.29069999999999996
0.224
0.1879
0.17980000000000002
0.1886
0.19519999999999998
0.22449999999999998
0.948
0.4992
0.2994
0.4904
0.6552
0.5952
0.4268
0.30820000000000003
0.2005
1.3954
0.4226
0.4098
0.4084
0.4032
0.3982
0.4331
0.5872999999999999
0.6678
1.7470999999999999
0.7303
0.7229
0.7903
0.7479
0.7106
0.7113
0.8753
0.7697
0.6208
1.1793
0.7157
0.7702
0.3516
0.25970000000000004
0.30310000000000004
0.2618
0.2871
0.2513
0.239
0.2147
2.056
0.1886
0.5844
0.381
1.3074
0.3675
0.393
0.3671
0.3846
0.4587
1.6305999999999998
1.3639000000000001
0.8049
0.115
0.1337
0.149
0.1535
0.1876
0.196
0.0
0.0
0.0
0.0
0.0
0.0745
0.3615
0.0675
0.0675
0.0523
0.0235
0.0216
0.032299999999999995
0.019
0.023
0.36750000000000005
0.4882
0.024300000000000002
0.6130000000000001
0.1226
0.1096
0.02
0.0
0.0
0.11699999999999999
0.1148
0.1058
0.1099
0.1049
0.1096
0.11349999999999999
0.4942
2.4644
0.8546
0.6113999999999999
0.5912
0.5528
0.6033
0.7218
1.1831
0.9021999999999999
0.5803
0.5498000000000001
0.5740000000000001
0.6335999999999999
0.5144
0.27649999999999997
0.1441
0.1158
0.1117
0.1266
0.1339
0.1389
0.1683
0.3177
0.3496
0.26639999999999997
0.16670000000000001
0.0786
1.6852
0.1473
0.932
0.9160999999999999
0.3159
0.7886
0.5663
0.35760000000000003
0.3714
0.3038
0.2652
0.1852
0.1585
0.3359
0.3183
0.31579999999999997
0.31420000000000003
0.3124
0.3009
0.3271
1.113
0.6237999999999999
0.6741999999999999
0.9561
0.979
0.2476
0.2212
0.222
0.2808
0.3235
0.4571
0.39449999999999996
0.47809999999999997
0.5005
0.5118
1.3484
0.9077
0.42000000000000004
0.1487
0.1241
0.1132
0.1275
0.2238
0.5157
0.29069999999999996
0.224
0.1879
0.17980000000000002
0.1886
0.19519999999999998
0.22449999999999998
0.948
0.4992
0.2994
0.4904
0.6552
0.5952
0.4268
0.30820000000000003
0.2005
1.3954
0.4316
0.2359
0.19440000000000002
0.1981
0.2128
0.22160000000000002
0.2385
0.3183
0.2954
0.373
0.5614
0.2828
0.20279999999999998
0.15589999999999998
0.1572
0.1499
0.1512
0.1372
0.13090000000000002
0.2029
0.2254
0.3032
1.2245
2.0926
0.4978
0.31010000000000004
0.5729
0.6333
0.0
0.7167
0.0283
0.0261
0.0293
0.0302
0.0098
0.0042
0.0144
0.0396
0.2688
0.0473
0.0
0.0014
0.0
0.0277
0.0
0.0
0.0
0.0
0.0274
0.0364
0.0513
0.0509
0.059
0.0805
0.0742
0.1401
0.12079999999999999
0.22099999999999997
0.22010000000000002
0.1007
0.08349999999999999
0.056999999999999995
0.07050000000000001
0.0443
0.1972
0.0668
0.919
0.0
0.0176
0.0236
0.0
0.0103
0.5161
0.4951
0.4798
0.4733
0.4563
0.4454
0.43379999999999996
0.3537
1.0238
0.4547
0.4962
1.1531
1.0143
0.9955
0.5005999999999999
0.7030000000000001
1.0371000000000001
0.3204
0.5449999999999999
0.34419999999999995
0.4648
0.7042
0.8054
0.5959
0.3402
0.3367
0.3194
0.3153
0.3194
0.4269
0.7298
1.6846999999999999
2.2855
0.7149
0.7486
0.7894
0.8642000000000001
0.9059999999999999
0.8635
0.8664000000000001
2.0376000000000003
1.9401000000000002
1.2343000000000002
1.3462999999999998
1.0244
0.4311
0.2888
0.3107
1.8820999999999999
1.1825
1.0868
1.0055999999999998
0.9182
0.8277
0.6416999999999999
0.6053999999999999
0.6826000000000001
1.083
1.3272
1.1592
0.5757
0.4657
0.5680000000000001
1.4662
0.7719
0.9305
1.2203
1.7135
3.0899
4.1769
3.1327
1.2157
0.1894
0.1828
0.17930000000000001
0.1803
0.1769
0.1714
0.1577
0.1769
0.1857
0.1741
0.1593
0.1708
0.16999999999999998
0.1628
0.1689
0.1637
0.1582
0.1725
0.1644
0.1723
0.174
0.1849
0.22089999999999999
0.2202
0.4316
0.2359
0.19440000000000002
0.1981
0.2128
0.22160000000000002
0.2385
0.3183
0.2954
0.373
0.5614
0.2828
0.20279999999999998
0.15589999999999998
0.1572
0.1499
0.1512
0.1372
0.13090000000000002
0.2029
0.2254
0.3032
1.2245
2.0926
0.4978
0.31010000000000004
0.5729
0.6333
0.0
0.7167
0.0283
0.0261
0.0293
0.0302
0.0098
0.0042
0.0144
0.0396
0.2688
0.0473
0.0
0.0014
0.0
0.0277
0.0
0.0
0.0
0.0
0.0274
0.0364
0.0513
0.0509
0.059
0.0805
0.0742
0.1401
0.12079999999999999
0.22099999999999997
0.22010000000000002
0.1007
0.08349999999999999
0.056999999999999995
0.07050000000000001
0.0443
0.1972
0.0668
0.919
0.0
0.0176
0.0236
0.0
0.0103
0.5161
0.4951
0.4798
0.4733
0.4563
0.4454
0.43379999999999996
0.3537
1.0238
0.4547
0.4962
1.1531
1.0143
0.9955
0.5005999999999999
0.7030000000000001
1.0371000000000001
0.3204
0.5449999999999999
0.34419999999999995
0.4648
0.7042
0.8054
0.5959
0.3402
0.3367
0.3194
0.3153
0.3194
0.4269
0.7298
1.6846999999999999
2.2855
0.7149
0.7486
0.7894
0.8642000000000001
0.9059999999999999
0.8635
0.8664000000000001
2.0376000000000003
1.9401000000000002
1.2343000000000002
1.3462999999999998
1.0244
0.4311
0.2888
0.3107
1.8820999999999999
1.1825
1.0868
1.0055999999999998
0.9182
0.8277
0.6416999999999999
0.6053999999999999
0.6826000000000001
1.083
1.3272
1.1592
0.5757
0.4657
0.5680000000000001
1.4662
0.7719
0.9305
1.2203
1.7135
3.0899
4.1769
3.1327
1.2157
0.1894
0.1828
0.17930000000000001
0.1803
0.1769
0.1714
0.1577
0.1769
0.1857
0.1741
0.1593
0.1708
0.16999999999999998
0.1628
0.1689
0.1637
0.1582
0.1725
0.1644
0.1723
0.174
0.1849
0.22089999999999999
0.2202
0.4316
0.2359
0.19440000000000002
0.1981
0.2128
0.22160000000000002
0.2385
0.3183
0.2954
0.373
0.5614
0.2828
0.20279999999999998
0.15589999999999998
0.1572
0.1499
0.1512
0.1372
0.13090000000000002
0.2029
0.2254
0.3032
1.2245
2.0926
0.4978
0.31010000000000004
0.5729
0.6333
0.0
0.7167
0.0283
0.0261
0.0293
0.0302
0.0098
0.0042
0.0144
0.0396
0.2688
0.0473
0.0
0.0014
0.0
0.0277
0.0
0.0
0.0
0.0
0.0274
0.0364
0.0513
0.0509
0.059
0.0805
0.0742
0.1401
0.12079999999999999
0.22099999999999997
0.22010000000000002
0.1007
0.08349999999999999
0.056999999999999995
0.07050000000000001
0.0443
0.1972
0.0668
0.919
0.0
0.0176
0.0236
0.0
0.0103
0.5161
0.4951
0.4798
0.4733
0.4563
0.4454
0.43379999999999996
0.3537
1.0238
0.4547
0.4962
1.1531
1.0143
0.9955
0.5005999999999999
0.7030000000000001
1.0371000000000001
0.3204
0.5449999999999999
0.34419999999999995
0.4648
0.7042
0.8054
0.5959
0.3402
0.3367
0.3194
0.3153
0.3194
0.4269
0.7298
1.6846999999999999
2.2855
0.7149
0.7486
0.7894
0.8642000000000001
0.9059999999999999
0.8635
0.8664000000000001
2.0376000000000003
1.9401000000000002
1.2343000000000002
1.3462999999999998
1.0244
0.4311
0.2888
0.3107
1.8820999999999999
1.1825
1.0868
1.0055999999999998
0.9182
0.8277
0.6416999999999999
0.6053999999999999
0.6826000000000001
1.083
1.3272
1.1592
0.5757
0.4657
0.5680000000000001
1.4662
0.7719
0.9305
1.2203
1.7135
3.0899
4.1769
3.1327
1.2157
0.1894
0.1828
0.17930000000000001
0.1803
0.1769
0.1714
0.1577
0.1769
0.1857
0.1741
0.1593
0.1708
0.16999999999999998
0.1628
0.1689
0.1637
0.1582
0.1725
0.1644
0.1723
0.174
0.1849
0.22089999999999999
0.2202
0.4316
0.2359
0.19440000000000002
0.1981
0.2128
0.22160000000000002
0.2385
0.3183
0.2954
0.373
0.5614
0.2828
0.20279999999999998
0.15589999999999998
0.1572
0.1499
0.1512
0.1372
0.13090000000000002
0.2029
0.2254
0.3032
1.2245
2.0926
0.4978
0.31010000000000004
0.5729
0.6333
0.0
0.7167
0.0283
0.0261
0.0293
0.0302
0.0098
0.0042
0.0144
0.0396
0.2688
0.0473
0.0
0.0014
0.0
0.0277
0.0
0.0
0.0
0.0
0.0274
0.0364
0.0513
0.0509
0.059
0.0805
0.0742
0.1401
0.12079999999999999
0.22099999999999997
0.22010000000000002
0.1007
0.08349999999999999
0.056999999999999995
0.07050000000000001
0.0443
0.1972
0.0668
0.919
0.0
0.0176
0.0236
0.0
0.0103
0.5161
0.4951
0.4798
0.4733
0.4563
0.4454
0.43379999999999996
0.3537
1.0238
0.4547
0.4962
1.1531
1.0143
0.9955
0.5005999999999999
0.7030000000000001
1.0371000000000001
0.3204
0.5449999999999999
0.34419999999999995
0.4648
0.7042
0.8054
0.5959
0.3402
0.3367
0.3194
0.3153
0.3194
0.4269
0.7298
1.6846999999999999
2.2855
0.7149
0.7486
0.7894
0.8642000000000001
0.9059999999999999
0.8635
0.8664000000000001
2.0376000000000003
1.9401000000000002
1.2343000000000002
1.3462999999999998
1.0244
0.4311
0.2888
0.3107
1.8820999999999999
1.1825
1.0868
1.0055999999999998
0.9182
0.8277
0.6416999999999999
0.6053999999999999
0.6826000000000001
1.083
1.3272
1.1592
0.5757
0.4657
0.5680000000000001
1.4662
0.7719
0.9305
1.2203
1.7135
3.0899
4.1769
3.1327
1.2157
0.1894
0.1828
0.17930000000000001
0.1803
0.1769
0.1714
0.1577
0.1769
0.1857
0.1741
0.1593
0.1708
0.16999999999999998
0.1628
0.1689
0.1637
0.1582
0.1725
0.1644
0.1723
0.174
0.1849
0.22089999999999999
0.2202
0.4316
0.2359
0.19440000000000002
0.1981
0.2128
0.22160000000000002
0.2385
0.3183
0.2954
0.373
0.5614
0.2828
0.20279999999999998
0.15589999999999998
0.1572
0.1499
0.1512
0.1372
0.13090000000000002
0.2029
0.2254
0.3032
1.2245
2.0926
0.4978
0.31010000000000004
0.5729
0.6333
0.0
0.7167
0.0283
0.0261
0.0293
0.0302
0.0098
0.0042
0.0144
0.0396
0.2688
0.0473
0.0
0.0014
0.0
0.0277
0.0
0.0
0.0
0.0
0.0274
0.0364
0.0513
0.0509
0.059
0.0805
0.0742
0.1401
0.12079999999999999
0.22099999999999997
0.22010000000000002
0.1007
0.08349999999999999
0.056999999999999995
0.07050000000000001
0.0443
0.1972
0.0668
0.919
0.0
0.0176
0.0236
0.0
0.0103
0.2633
0.2809
0.2872
0.2918
0.29910000000000003
0.3201
0.3136
0.3117
0.3016
0.2902
0.2803
0.30379999999999996
0.2803
0.9519
0.4051
0.31210000000000004
0.7013
0.2701
0.2519
0.23509999999999998
0.2094
0.1864
0.2254
1.7417
2.3348999999999998
0.492
0.1973
0.166
0.1503
0.20179999999999998
1.5775000000000001
0.38570000000000004
0.0508
0.061599999999999995
0.0793
0.0775
0.0663
0.055
0.0593
0.0658
0.1395
1.1742
0.5501
0.6542
0.6172
0.4928
0.3126
2.0315
0.0
0.0
0.033
0.0
0.0
0.0109
0.0847
0.3468
0.0
0.0
0.0145
0.7001
0.1245
0.08310000000000001
0.0047
0.5162
0.5915
0.0105
0.0
0.0
0.0
0.0
0.0072
0.0231
0.33630000000000004
0.31720000000000004
0.7724
0.4164
0.27849999999999997
0.3065
0.3563
0.451
0.44610000000000005
0.5428999999999999
0.6144000000000001
0.8056
0.4657
0.38270000000000004
0.36619999999999997
0.3958
0.4841
1.2410999999999999
1.1177000000000001
0.8169
0.573
0.4748
0.3776
0.3496
1.5865
0.7666
0.6161000000000001
0.4442
0.4165
0.4966
0.5132
0.499
0.42969999999999997
0.4316
0.3984
0.3798
0.9182999999999999
0.7179
0.4154
0.5456
1.8734
0.33530000000000004
0.2737
0.2084
0.1883
0.2102
0.2303
1.1718000000000002
0.25
0.2503
0.2455
0.2465
0.247
0.2538
0.2504
0.2545
0.22999999999999998
0.2194
0.2103
0.20879999999999999
0.2182
0.22039999999999998
0.2276
0.2266
0.2131
0.2549
0.2996
0.2672
0.25860000000000005
0.24459999999999998
0.246
0.2479
0.119
0.11280000000000001
0.11180000000000001
0.1144
0.11230000000000001
0.1136
0.11699999999999999
0.1232
0.1072
0.1303
0.1183
0.12890000000000001
0.1243
0.1218
0.1301
0.1187
0.1038
0.1361
0.14379999999999998
0.1145
0.1103
0.1156
0.13119999999999998
0.13419999999999999
0.2633
0.2809
0.2872
0.2918
0.29910000000000003
0.3201
0.3136
0.3117
0.3016
0.2902
0.2803
0.30379999999999996
0.2803
0.9519
0.4051
0.31210000000000004
0.7013
0.2701
0.2519
0.23509999999999998
0.2094
0.1864
0.2254
1.7417
2.3348999999999998
0.492
0.1973
0.166
0.1503
0.20179999999999998
1.5775000000000001
0.38570000000000004
0.0508
0.061599999999999995
0.0793
0.0775
0.0663
0.055
0.0593
0.0658
0.1395
1.1742
0.5501
0.6542
0.6172
0.4928
0.3126
2.0315
0.0
0.0
0.033
0.0
0.0
0.0109
0.0847
0.3468
0.0
0.0
0.0145
0.7001
0.1245
0.08310000000000001
0.0047
0.5162
0.5915
0.0105
0.0
0.0
0.0
0.0
0.0072
0.0231
0.33630000000000004
0.31720000000000004
0.7724
0.4164
0.27849999999999997
0.3065
0.3563
0.451
0.44610000000000005
0.5428999999999999
0.6144000000000001
0.8056
0.4657
0.38270000000000004
0.36619999999999997
0.3958
0.4841
1.2410999999999999
1.1177000000000001
0.8169
0.573
0.4748
0.3776
0.3496
1.5865
0.7666
0.6161000000000001
0.4442
0.4165
0.4966
0.5132
0.499
0.42969999999999997
0.4316
0.3984
0.3798
0.9182999999999999
0.7179
0.4154
0.5456
1.8734
0.33530000000000004
0.2737
0.2084
0.1883
0.2102
0.2303
1.1718000000000002
0.25
0.2503
0.2455
0.2465
0.247
0.2538
0.2504
0.2545
0.22999999999999998
0.2194
0.2103
0.20879999999999999
0.2182
0.22039999999999998
0.2276
0.2266
0.2131
0.2549
0.2996
0.2672
0.25860000000000005
0.24459999999999998
0.246
0.2479
0.119
0.11280000000000001
0.11180000000000001
0.1144
0.11230000000000001
0.1136
0.11699999999999999
0.1232
0.1072
0.1303
0.1183
0.12890000000000001
0.1243
0.1218
0.1301
0.1187
0.1038
0.1361
0.14379999999999998
0.1145
0.1103
0.1156
0.13119999999999998
0.13419999999999999
0.2633
0.2809
0.2872
0.2918
0.29910000000000003
0.3201
0.3136
0.3117
0.3016
0.2902
0.2803
0.30379999999999996
0.2803
0.9519
0.4051
0.31210000000000004
0.7013
0.2701
0.2519
0.23509999999999998
0.2094
0.1864
0.2254
1.7417
2.3348999999999998
0.492
0.1973
0.166
0.1503
0.20179999999999998
1.5775000000000001
0.38570000000000004
0.0508
0.061599999999999995
0.0793
0.0775
0.0663
0.055
0.0593
0.0658
0.1395
1.1742
0.5501
0.6542
0.6172
0.4928
0.3126
2.0315
0.0
0.0
0.033
0.0
0.0
0.0109
0.0847
0.3468
0.0
0.0
0.0145
0.7001
0.1245
0.08310000000000001
0.0047
0.5162
0.5915
0.0105
0.0
0.0
0.0
0.0
0.0072
0.0231
0.33630000000000004
0.31720000000000004
0.7724
0.4164
0.27849999999999997
0.3065
0.3563
0.451
0.44610000000000005
0.5428999999999999
0.6144000000000001
0.8056
0.4657
0.38270000000000004
0.36619999999999997
0.3958
0.4841
1.2410999999999999
1.1177000000000001
0.8169
0.573
0.4748
0.3776
0.3496
1.5865
0.7666
0.6161000000000001
0.4442
0.4165
0.4966
0.5132
0.499
0.42969999999999997
0.4316
0.3984
0.3798
0.9182999999999999
0.7179
0.4154
0.5456
1.8734
0.33530000000000004
0.2737
0.2084
0.1883
0.2102
0.2303
1.1718000000000002
0.25
0.2503
0.2455
0.2465
0.247
0.2538
0.2504
0.2545
0.22999999999999998
0.2194
0.2103
0.20879999999999999
0.2182
0.22039999999999998
0.2276
0.2266
0.2131
0.2549
0.2996
0.2672
0.25860000000000005
0.24459999999999998
0.246
0.2479
0.119
0.11280000000000001
0.11180000000000001
0.1144
0.11230000000000001
0.1136
0.11699999999999999
0.1232
0.1072
0.1303
0.1183
0.12890000000000001
0.1243
0.1218
0.1301
0.1187
0.1038
0.1361
0.14379999999999998
0.1145
0.1103
0.1156
0.13119999999999998
0.13419999999999999
0.2633
0.2809
0.2872
0.2918
0.29910000000000003
0.3201
0.3136
0.3117
0.3016
0.2902
0.2803
0.30379999999999996
0.2803
0.9519
0.4051
0.31210000000000004
0.7013
0.2701
0.2519
0.23509999999999998
0.2094
0.1864
0.2254
1.7417
2.3348999999999998
0.492
0.1973
0.166
0.1503
0.20179999999999998
1.5775000000000001
0.38570000000000004
0.0508
0.061599999999999995
0.0793
0.0775
0.0663
0.055
0.0593
0.0658
0.1395
1.1742
0.5501
0.6542
0.6172
0.4928
0.3126
2.0315
0.0
0.0
0.033
0.0
0.0
0.0109
0.0847
0.3468
0.0
0.0
0.0145
0.7001
0.1245
0.08310000000000001
0.0047
0.5162
0.5915
0.0105
0.0
0.0
0.0
0.0
0.0072
0.0231
0.33630000000000004
0.31720000000000004
0.7724
0.4164
0.27849999999999997
0.3065
0.3563
0.451
0.44610000000000005
0.5428999999999999
0.6144000000000001
0.8056
0.4657
0.38270000000000004
0.36619999999999997
0.3958
0.4841
1.2410999999999999
1.1177000000000001
0.8169
0.573
0.4748
0.3776
0.3496
1.5865
0.7666
0.6161000000000001
0.4442
0.4165
0.4966
0.5132
0.499
0.42969999999999997
0.4316
0.3984
0.3798
0.9182999999999999
0.7179
0.4154
0.5456
1.8734
0.33530000000000004
0.2737
0.2084
0.1883
0.2102
0.2303
1.1718000000000002
0.25
0.2503
0.2455
0.2465
0.247
0.2538
0.2504
0.2545
0.22999999999999998
0.2194
0.2103
0.20879999999999999
0.2182
0.22039999999999998
0.2276
0.2266
0.2131
0.2549
0.2996
0.2672
0.25860000000000005
0.24459999999999998
0.246
0.2479
0.119
0.11280000000000001
0.11180000000000001
0.1144
0.11230000000000001
0.1136
0.11699999999999999
0.1232
0.1072
0.1303
0.1183
0.12890000000000001
0.1243
0.1218
0.1301
0.1187
0.1038
0.1361
0.14379999999999998
0.1145
0.1103
0.1156
0.13119999999999998
0.13419999999999999
0.2633
0.2809
0.2872
0.2918
0.29910000000000003
0.3201
0.3136
0.3117
0.3016
0.2902
0.2803
0.30379999999999996
0.2803
0.9519
0.4051
0.31210000000000004
0.7013
0.2701
0.2519
0.23509999999999998
0.2094
0.1864
0.2254
1.7417
2.3348999999999998
0.492
0.1973
0.166
0.1503
0.20179999999999998
1.5775000000000001
0.38570000000000004
0.0508
0.061599999999999995
0.0793
0.0775
0.0663
0.055
0.0593
0.0658
0.1395
1.1742
0.5501
0.6542
0.6172
0.4928
0.3126
2.0315
0.787
0.8212
0.744
0.6248
0.5786
0.5860000000000001
0.5635
0.6497999999999999
0.7767999999999999
0.771
0.7529
0.6386000000000001
0.4038
0.3629
0.37560000000000004
0.4045
2.0064
2.6409000000000002
0.9419
0.9855
0.9990000000000001
0.9313
0.8706
2.1062
0.1266
0.10439999999999999
0.10719999999999999
0.1032
0.1139
0.128
0.1363
0.13490000000000002
0.1082
0.12459999999999999
0.23370000000000002
0.6889000000000001
0.603
0.8434
0.9161
0.1698
0.167
0.9908
0.3163
0.9451
0.6615
0.4456
0.24889999999999998
0.1573
0.0205
0.0633
0.1894
0.1215
0.0229
0.0892
0.2541
0.7784
0.0
0.0485
0.2778
0.995
0.34099999999999997
0.1442
0.0531
0.0581
0.1926
0.0
0.0
0.0
0.0
0.0
0.0042
0.0429
0.1516
0.1411
0.14250000000000002
0.13890000000000002
0.1488
0.1666
0.2597
0.4118
0.373
0.3258
0.2744
0.2528
0.256
0.3927
1.0186
0.4456
0.3755
0.388
0.44880000000000003
0.5956
1.0093
0.4243
0.37329999999999997
0.2403
0.4538
0.4203
0.4116
0.4269
0.42600000000000005
0.4727
0.6442
1.1758
1.1015
0.9305
0.6488
1.6948
0.40790000000000004
0.5269999999999999
0.5769
0.7218
0.7384
0.9359
1.0874000000000001
0.8411
0.6895
0.6416
0.5543
0.4891
0.026099999999999998
0.057499999999999996
0.0534
0.0322
0.0085
0.133
1.0534
0.66
0.0871
2.0542
0.16060000000000002
0.08199999999999999
0.049600000000000005
0.07669999999999999
0.1775
0.5564
0.2053
1.3384
0.487
0.3339
0.0227
0.0
0.0
0.0
0.1361
0.12930000000000003
0.1183
0.1189
0.1156
0.09359999999999999
0.0869
0.7385999999999999
1.0123
0.1669
0.18309999999999998
0.10949999999999999
0.5893
0.7377
0.12010000000000001
0.1599
0.1542
0.1848
0.6872
0.3428
0.4427
0.7444
0.6691
0.1639
0.787
0.8212
0.744
0.6248
0.5786
0.5860000000000001
0.5635
0.6497999999999999
0.7767999999999999
0.771
0.7529
0.6386000000000001
0.4038
0.3629
0.37560000000000004
0.4045
2.0064
2.6409000000000002
0.9419
0.9855
0.9990000000000001
0.9313
0.8706
2.1062
0.1266
0.10439999999999999
0.10719999999999999
0.1032
0.1139
0.128
0.1363
0.13490000000000002
0.1082
0.12459999999999999
0.23370000000000002
0.6889000000000001
0.603
0.8434
0.9161
0.1698
0.167
0.9908
0.3163
0.9451
0.6615
0.4456
0.24889999999999998
0.1573
0.0205
0.0633
0.1894
0.1215
0.0229
0.0892
0.2541
0.7784
0.0
0.0485
0.2778
0.995
0.34099999999999997
0.1442
0.0531
0.0581
0.1926
0.0
0.0
0.0
0.0
0.0
0.0042
0.0429
0.1516
0.1411
0.14250000000000002
0.13890000000000002
0.1488
0.1666
0.2597
0.4118
0.373
0.3258
0.2744
0.2528
0.256
0.3927
1.0186
0.4456
0.3755
0.388
0.44880000000000003
0.5956
1.0093
0.4243
0.37329999999999997
0.2403
0.4538
0.4203
0.4116
0.4269
0.42600000000000005
0.4727
0.6442
1.1758
1.1015
0.9305
0.6488
1.6948
0.40790000000000004
0.5269999999999999
0.5769
0.7218
0.7384
0.9359
1.0874000000000001
0.8411
0.6895
0.6416
0.5543
0.4891
0.026099999999999998
0.057499999999999996
0.0534
0.0322
0.0085
0.133
1.0534
0.66
0.0871
2.0542
0.16060000000000002
0.08199999999999999
0.049600000000000005
0.07669999999999999
0.1775
0.5564
0.2053
1.3384
0.487
0.3339
0.0227
0.0
0.0
0.0
0.1361
0.12930000000000003
0.1183
0.1189
0.1156
0.09359999999999999
0.0869
0.7385999999999999
1.0123
0.1669
0.18309999999999998
0.10949999999999999
0.5893
0.7377
0.12010000000000001
0.1599
0.1542
0.1848
0.6872
0.3428
0.4427
0.7444
0.6691
0.1639
0.787
0.8212
0.744
0.6248
0.5786
0.5860000000000001
0.5635
0.6497999999999999
0.7767999999999999
0.771
0.7529
0.6386000000000001
0.4038
0.3629
0.37560000000000004
0.4045
2.0064
2.6409000000000002
0.9419
0.9855
0.9990000000000001
0.9313
0.8706
2.1062
0.1266
0.10439999999999999
0.10719999999999999
0.1032
0.1139
0.128
0.1363
0.13490000000000002
0.1082
0.12459999999999999
0.23370000000000002
0.6889000000000001
0.603
0.8434
0.9161
0.1698
0.167
0.9908
0.3163
0.9451
0.6615
0.4456
0.24889999999999998
0.1573
0.0205
0.0633
0.1894
0.1215
0.0229
0.0892
0.2541
0.7784
0.0
0.0485
0.2778
0.995
0.34099999999999997
0.1442
0.0531
0.0581
0.1926
0.0
0.0
0.0
0.0
0.0
0.0042
0.0429
0.1516
0.1411
0.14250000000000002
0.13890000000000002
0.1488
0.1666
0.2597
0.4118
0.373
0.3258
0.2744
0.2528
0.256
0.3927
1.0186
0.4456
0.3755
0.388
0.44880000000000003
0.5956
1.0093
0.4243
0.37329999999999997
0.2403
0.4538
0.4203
0.4116
0.4269
0.42600000000000005
0.4727
0.6442
1.1758
1.1015
0.9305
0.6488
1.6948
0.40790000000000004
0.5269999999999999
0.5769
0.7218
0.7384
0.9359
1.0874000000000001
0.8411
0.6895
0.6416
0.5543
0.4891
0.026099999999999998
0.057499999999999996
0.0534
0.0322
0.0085
0.133
1.0534
0.66
0.0871
2.0542
0.16060000000000002
0.08199999999999999
0.049600000000000005
0.07669999999999999
0.1775
0.5564
0.2053
1.3384
0.487
0.3339
0.0227
0.0
0.0
0.0
0.1361
0.12930000000000003
0.1183
0.1189
0.1156
0.09359999999999999
0.0869
0.7385999999999999
1.0123
0.1669
0.18309999999999998
0.10949999999999999
0.5893
0.7377
0.12010000000000001
0.1599
0.1542
0.1848
0.6872
0.3428
0.4427
0.7444
0.6691
0.1639
0.787
0.8212
0.744
0.6248
0.5786
0.5860000000000001
0.5635
0.6497999999999999
0.7767999999999999
0.771
0.7529
0.6386000000000001
0.4038
0.3629
0.37560000000000004
0.4045
2.0064
2.6409000000000002
0.9419
0.9855
0.9990000000000001
0.9313
0.8706
2.1062
0.1266
0.10439999999999999
0.10719999999999999
0.1032
0.1139
0.128
0.1363
0.13490000000000002
0.1082
0.12459999999999999
0.23370000000000002
0.6889000000000001
0.603
0.8434
0.9161
0.1698
0.167
0.9908
0.3163
0.9451
0.6615
0.4456
0.24889999999999998
0.1573
0.0205
0.0633
0.1894
0.1215
0.0229
0.0892
0.2541
0.7784
0.0
0.0485
0.2778
0.995
0.34099999999999997
0.1442
0.0531
0.0581
0.1926
0.0
0.0
0.0
0.0
0.0
0.0042
0.0429
0.1516
0.1411
0.14250000000000002
0.13890000000000002
0.1488
0.1666
0.2597
0.4118
0.373
0.3258
0.2744
0.2528
0.256
0.3927
1.0186
0.4456
0.3755
0.388
0.44880000000000003
0.5956
1.0093
0.4243
0.37329999999999997
0.2403
0.4538
0.4203
0.4116
0.4269
0.42600000000000005
0.4727
0.6442
1.1758
1.1015
0.9305
0.6488
1.6948
0.40790000000000004
0.5269999999999999
0.5769
0.7218
0.7384
0.9359
1.0874000000000001
0.8411
0.6895
0.6416
0.5543
0.4891
0.026099999999999998
0.057499999999999996
0.0534
0.0322
0.0085
0.133
1.0534
0.66
0.0871
2.0542
0.16060000000000002
0.08199999999999999
0.049600000000000005
0.07669999999999999
0.1775
0.5564
0.2053
1.3384
0.487
0.3339
0.0227
0.0
0.0
0.0
0.1361
0.12930000000000003
0.1183
0.1189
0.1156
0.09359999999999999
0.0869
0.7385999999999999
1.0123
0.1669
0.18309999999999998
0.10949999999999999
0.5893
0.7377
0.12010000000000001
0.1599
0.1542
0.1848
0.6872
0.3428
0.4427
0.7444
0.6691
0.1639
0.787
0.8212
0.744
0.6248
0.5786
0.5860000000000001
0.5635
0.6497999999999999
0.7767999999999999
0.771
0.7529
0.6386000000000001
0.4038
0.3629
0.37560000000000004
0.4045
2.0064
2.6409000000000002
0.9419
0.9855
0.9990000000000001
0.9313
0.8706
2.1062
0.1266
0.10439999999999999
0.10719999999999999
0.1032
0.1139
0.128
0.1363
0.13490000000000002
0.1082
0.12459999999999999
0.23370000000000002
0.6889000000000001
0.603
0.8434
0.9161
0.1698
0.167
0.9908
0.3163
0.9451
0.6615
0.4456
0.24889999999999998
0.1573
0.0205
0.0633
0.1894
0.1215
0.0229
0.0892
0.2541
0.7784
0.0
0.0485
0.2778
0.995
0.34099999999999997
0.1442
0.0531
0.0581
0.1926
0.0
0.0
0.0
0.0
0.0
0.0042
0.0429
0.0005
0.010799999999999999
0.0112
0.016800000000000002
0.021
0.0334
0.09029999999999999
0.0769
0.0884
0.1262
0.1243
0.2089
0.7853000000000001
0.0801
0.0949
0.06999999999999999
0.072
0.11710000000000001
2.3848000000000003
0.2231
0.0
0.0
0.0
0.0016
0.1183
0.1257
0.13490000000000002
0.13
0.1366
0.17209999999999998
0.2373
0.1976
0.19590000000000002
0.2137
0.2113
0.2158
0.2225
0.24270000000000003
0.5654
0.3863
0.8371
0.2379
0.2898
0.7923
0.19840000000000002
0.075
0.0637
0.0874
0.14400000000000002
0.12459999999999999
0.1266
0.12040000000000001
0.1205
0.1261
0.1056
0.1074
0.0813
0.0716
0.08
0.07780000000000001
0.0738
0.07769999999999999
0.1412
0.5076
1.3442
1.443
0.8868
1.194
0.7293000000000001
0.7379
0.7572
0.3808
0.6608
0.325
0.1221
0.1017
0.121
0.1404
0.24069999999999997
0.2902
0.3071
0.3264
0.38339999999999996
0.6276999999999999
0.8457
0.4949
0.4138
0.3722
1.1762000000000001
1.736
0.4493
0.3797
0.26370000000000005
0.1857
0.1348
1.3901
0.0
0.0
0.0
0.0
0.0
0.0
0.0
0.0
0.0319
0.1335
0.2025
0.2401
0.6598999999999999
0.4591
0.2624
0.3212
0.0257
0.0173
0.0
0.6301
0.32830000000000004
0.6149
0.2278
0.0
0.0902
0.07239999999999999
0.086
0.0774
0.0934
0.1052
0.307
0.7319
0.5385
0.3326
0.2022
0.1528
0.0913
2.1845999999999997
1.1731
0.48450000000000004
0.4758
0.5468
0.573
0.8089999999999999
0.7065999999999999
0.7898000000000001
1.3050000000000002
0.5034000000000001
0.29200000000000004
0.2897
0.2923
0.2863
0.2882
0.436
1.241
1.1194
0.9702999999999999
0.8904000000000001
0.7663
0.6986
0.7371
1.1985999999999999
0.8094
0.649
0.5223
1.0976
0.4151
0.5720000000000001
0.5351
0.5115999999999999
0.976
0.5421
0.0005
0.010799999999999999
0.0112
0.016800000000000002
0.021
0.0334
0.09029999999999999
0.0769
0.0884
0.1262
0.1243
0.2089
0.7853000000000001
0.0801
0.0949
0.06999999999999999
0.072
0.11710000000000001
2.3848000000000003
0.2231
0.0
0.0
0.0
0.0016
0.1183
0.1257
0.13490000000000002
0.13
0.1366
0.17209999999999998
0.2373
0.1976
0.19590000000000002
0.2137
0.2113
0.2158
0.2225
0.24270000000000003
0.5654
0.3863
0.8371
0.2379
0.2898
0.7923
0.19840000000000002
0.075
0.0637
0.0874
0.14400000000000002
0.12459999999999999
0.1266
0.12040000000000001
0.1205
0.1261
0.1056
0.1074
0.0813
0.0716
0.08
0.07780000000000001
0.0738
0.07769999999999999
0.1412
0.5076
1.3442
1.443
0.8868
1.194
0.7293000000000001
0.7379
0.7572
0.3808
0.6608
0.325
0.1221
0.1017
0.121
0.1404
0.24069999999999997
0.2902
0.3071
0.3264
0.38339999999999996
0.6276999999999999
0.8457
0.4949
0.4138
0.3722
1.1762000000000001
1.736
0.4493
0.3797
0.26370000000000005
0.1857
0.1348
1.3901
0.0
0.0
0.0
0.0
0.0
0.0
0.0
0.0
0.0319
0.1335
0.2025
0.2401
0.6598999999999999
0.4591
0.2624
0.3212
0.0257
0.0173
0.0
0.6301
0.32830000000000004
0.6149
0.2278
0.0
0.0902
0.07239999999999999
0.086
0.0774
0.0934
0.1052
0.307
0.7319
0.5385
0.3326
0.2022
0.1528
0.0913
2.1845999999999997
1.1731
0.48450000000000004
0.4758
0.5468
0.573
0.8089999999999999
0.7065999999999999
0.7898000000000001
1.3050000000000002
0.5034000000000001
0.29200000000000004
0.2897
0.2923
0.2863
0.2882
0.436
1.241
1.1194
0.9702999999999999
0.8904000000000001
0.7663
0.6986
0.7371
1.1985999999999999
0.8094
0.649
0.5223
1.0976
0.4151
0.5720000000000001
0.5351
0.5115999999999999
0.976
0.5421
0.0005
0.010799999999999999
0.0112
0.016800000000000002
0.021
0.0334
0.09029999999999999
0.0769
0.0884
0.1262
0.1243
0.2089
0.7853000000000001
0.0801
0.0949
0.06999999999999999
0.072
0.11710000000000001
2.3848000000000003
0.2231
0.0
0.0
0.0
0.0016
0.1183
0.1257
0.13490000000000002
0.13
0.1366
0.17209999999999998
0.2373
0.1976
0.19590000000000002
0.2137
0.2113
0.2158
0.2225
0.24270000000000003
0.5654
0.3863
0.8371
0.2379
0.2898
0.7923
0.19840000000000002
0.075
0.0637
0.0874
0.14400000000000002
0.12459999999999999
0.1266
0.12040000000000001
0.1205
0.1261
0.1056
0.1074
0.0813
0.0716
0.08
0.07780000000000001
0.0738
0.07769999999999999
0.1412
0.5076
1.3442
1.443
0.8868
1.194
0.7293000000000001
0.7379
0.7572
0.3808
0.6608
0.325
0.1221
0.1017
0.121
0.1404
0.24069999999999997
0.2902
0.3071
0.3264
0.38339999999999996
0.6276999999999999
0.8457
0.4949
0.4138
0.3722
1.1762000000000001
1.736
0.4493
0.3797
0.26370000000000005
0.1857
0.1348
1.3901
0.0
0.0
0.0
0.0
0.0
0.0
0.0
0.0
0.0319
0.1335
0.2025
0.2401
0.6598999999999999
0.4591
0.2624
0.3212
0.0257
0.0173
0.0
0.6301
0.32830000000000004
0.6149
0.2278
0.0
0.0902
0.07239999999999999
0.086
0.0774
0.0934
0.1052
0.307
0.7319
0.5385
0.3326
0.2022
0.1528
0.0913
2.1845999999999997
1.1731
0.48450000000000004
0.4758
0.5468
0.573
0.8089999999999999
0.7065999999999999
0.7898000000000001
1.3050000000000002
0.5034000000000001
0.29200000000000004
0.2897
0.2923
0.2863
0.2882
0.436
1.241
1.1194
0.9702999999999999
0.8904000000000001
0.7663
0.6986
0.7371
1.1985999999999999
0.8094
0.649
0.5223
1.0976
0.4151
0.5720000000000001
0.5351
0.5115999999999999
0.976
0.5421
0.0005
0.010799999999999999
0.0112
0.016800000000000002
0.021
0.0334
0.09029999999999999
0.0769
0.0884
0.1262
0.1243
0.2089
0.7853000000000001
0.0801
0.0949
0.06999999999999999
0.072
0.11710000000000001
2.3848000000000003
0.2231
0.0
0.0
0.0
0.0016
0.1183
0.1257
0.13490000000000002
0.13
0.1366
0.17209999999999998
0.2373
0.1976
0.19590000000000002
0.2137
0.2113
0.2158
0.2225
0.24270000000000003
0.5654
0.3863
0.8371
0.2379
0.2898
0.7923
0.19840000000000002
0.075
0.0637
0.0874
0.14400000000000002
0.12459999999999999
0.1266
0.12040000000000001
0.1205
0.1261
0.1056
0.1074
0.0813
0.0716
0.08
0.07780000000000001
0.0738
0.07769999999999999
0.1412
0.5076
1.3442
1.443
0.8868
1.194
0.7293000000000001
0.7379
0.7572
0.3808
0.6608
0.325
0.1221
0.1017
0.121
0.1404
0.24069999999999997
0.2902
0.3071
0.3264
0.38339999999999996
0.6276999999999999
0.8457
0.4949
0.4138
0.3722
1.1762000000000001
1.736
0.4493
0.3797
0.26370000000000005
0.1857
0.1348
1.3901
0.0
0.0
0.0
0.0
0.0
0.0
0.0
0.0
0.0319
0.1335
0.2025
0.2401
0.6598999999999999
0.4591
0.2624
0.3212
0.0257
0.0173
0.0
0.6301
0.32830000000000004
0.6149
0.2278
0.0
0.0902
0.07239999999999999
0.086
0.0774
0.0934
0.1052
0.307
0.7319
0.5385
0.3326
0.2022
0.1528
0.0913
2.1845999999999997
1.1731
0.48450000000000004
0.4758
0.5468
0.573
0.8089999999999999
0.7065999999999999
0.7898000000000001
1.3050000000000002
0.5034000000000001
0.29200000000000004
0.2897
0.2923
0.2863
0.2882
0.436
1.241
1.1194
0.9702999999999999
0.8904000000000001
0.7663
0.6986
0.7371
1.1985999999999999
0.8094
0.649
0.5223
1.0976
0.4151
0.5720000000000001
0.5351
0.5115999999999999
0.976
0.5421
0.0005
0.010799999999999999
0.0112
0.016800000000000002
0.021
0.0334
0.09029999999999999
0.0769
0.0884
0.1262
0.1243
0.2089
0.7853000000000001
0.0801
0.0949
0.06999999999999999
0.072
0.11710000000000001
2.3848000000000003
0.2231
0.0
0.0
0.0
0.0016
0.1183
0.1257
0.13490000000000002
0.13
0.1366
0.17209999999999998
0.2373
0.1976
0.19590000000000002
0.2137
0.2113
0.2158
0.2225
0.24270000000000003
0.5654
0.3863
0.8371
0.2379
0.2898
0.7923
0.19840000000000002
0.075
0.0637
0.0874
0.5057
0.5446
0.5403
0.4962
0.5845
2.9858000000000002
3.0374
2.573
1.9506000000000001
1.0901
0.7964
0.6881999999999999
0.6571
0.6213
0.5523
0.478
0.766
1.3833
1.9075000000000002
2.9181999999999997
0.8844
0.14529999999999998
0.1946
0.198
0.3097
0.2922
0.2824
0.2843
0.2921
0.3691
0.6441
1.4071
1.3056999999999999
0.5264
0.4179
0.4153
0.474
0.5199
0.5674
0.7249
1.3062
1.0794000000000001
1.0488
1.0157
1.2282000000000002
1.0265
0.5851999999999999
0.3766
0.16820000000000002
0.12240000000000001
0.1174
0.11280000000000001
0.1143
0.13929999999999998
1.1221
1.5473
1.122
2.0449
0.3575
0.3654
0.3941
0.4386
0.4116
0.4935
0.6343000000000001
0.7255
0.7615000000000001
0.8269
1.5402
2.3553
2.1728
5.391
2.4682
2.7843999999999998
0.1432
0.0969
0.1153
0.5623
0.21910000000000002
0.0674
0.0648
0.07250000000000001
0.071
0.07830000000000001
0.0744
0.0861
0.08990000000000001
0.1018
0.06949999999999999
0.0979
0.1338
0.1862
0.1145
0.1046
0.14529999999999998
0.1575
0.9885
1.3188
1.4628999999999999
0.3729
0.36160000000000003
0.509
0.9164
0.802
0.7064
0.7041
0.7053
0.7079
0.7296
0.7369
1.1089
1.5482
0.745
0.5081
0.5487
0.6528
0.7177
0.626
0.4909
2.1408
0.15039999999999998
0.048999999999999995
0.1052
0.058899999999999994
0.0995
0.0665
0.0456
0.0337
0.0558
0.0593
0.0445
0.0344
0.0547
0.056999999999999995
0.0601
0.0474
0.0227
0.015300000000000001
0.0065
0.0635
0.0539
0.015
0.0
0.0
0.2371
0.25229999999999997
0.245
0.2064
0.5602
0.4891
0.2975
0.5937
0.3823
0.319
1.1438000000000001
0.2575
0.19240000000000002
0.1956
0.1723
0.17620000000000002
0.25949999999999995
0.2517
0.346
0.4567
0.3084
0.11699999999999999
0.11349999999999999
0.12079999999999999
0.5057
0.5446
0.5403
0.4962
0.5845
2.9858000000000002
3.0374
2.573
1.9506000000000001
1.0901
0.7964
0.6881999999999999
0.6571
0.6213
0.5523
0.478
0.766
1.3833
1.9075000000000002
2.9181999999999997
0.8844
0.14529999999999998
0.1946
0.198
0.3097
0.2922
0.2824
0.2843
0.2921
0.3691
0.6441
1.4071
1.3056999999999999
0.5264
0.4179
0.4153
0.474
0.5199
0.5674
0.7249
1.3062
1.0794000000000001
1.0488
1.0157
1.2282000000000002
1.0265
0.5851999999999999
0.3766
0.16820000000000002
0.12240000000000001
0.1174
0.11280000000000001
0.1143
0.13929999999999998
1.1221
1.5473
1.122
2.0449
0.3575
0.3654
0.3941
0.4386
0.4116
0.4935
0.6343000000000001
0.7255
0.7615000000000001
0.8269
1.5402
2.3553
2.1728
5.391
2.4682
2.7843999999999998
0.1432
0.0969
0.1153
0.5623
0.21910000000000002
0.0674
0.0648
0.07250000000000001
0.071
0.07830000000000001
0.0744
0.0861
0.08990000000000001
0.1018
0.06949999999999999
0.0979
0.1338
0.1862
0.1145
0.1046
0.14529999999999998
0.1575
0.9885
1.3188
1.4628999999999999
0.3729
0.36160000000000003
0.509
0.9164
0.802
0.7064
0.7041
0.7053
0.7079
0.7296
0.7369
1.1089
1.5482
0.745
0.5081
0.5487
0.6528
0.7177
0.626
0.4909
2.1408
0.15039999999999998
0.048999999999999995
0.1052
0.058899999999999994
0.0995
0.0665
0.0456
0.0337
0.0558
0.0593
0.0445
0.0344
0.0547
0.056999999999999995
0.0601
0.0474
0.0227
0.015300000000000001
0.0065
0.0635
0.0539
0.015
0.0
0.0
0.2371
0.25229999999999997
0.245
0.2064
0.5602
0.4891
0.2975
0.5937
0.3823
0.319
1.1438000000000001
0.2575
0.19240000000000002
0.1956
0.1723
0.17620000000000002
0.25949999999999995
0.2517
0.346
0.4567
0.3084
0.11699999999999999
0.11349999999999999
0.12079999999999999
0.5057
0.5446
0.5403
0.4962
0.5845
2.9858000000000002
3.0374
2.573
1.9506000000000001
1.0901
0.7964
0.6881999999999999
0.6571
0.6213
0.5523
0.478
0.766
1.3833
1.9075000000000002
2.9181999999999997
0.8844
0.14529999999999998
0.1946
0.198
0.3097
0.2922
0.2824
0.2843
0.2921
0.3691
0.6441
1.4071
1.3056999999999999
0.5264
0.4179
0.4153
0.474
0.5199
0.5674
0.7249
1.3062
1.0794000000000001
1.0488
1.0157
1.2282000000000002
1.0265
0.5851999999999999
0.3766
0.16820000000000002
0.12240000000000001
0.1174
0.11280000000000001
0.1143
0.13929999999999998
1.1221
1.5473
1.122
2.0449
0.3575
0.3654
0.3941
0.4386
0.4116
0.4935
0.6343000000000001
0.7255
0.7615000000000001
0.8269
1.5402
2.3553
2.1728
5.391
2.4682
2.7843999999999998
0.1432
0.0969
0.1153
0.5623
0.21910000000000002
0.0674
0.0648
0.07250000000000001
0.071
0.07830000000000001
0.0744
0.0861
0.08990000000000001
0.1018
0.06949999999999999
0.0979
0.1338
0.1862
0.1145
0.1046
0.14529999999999998
0.1575
0.9885
1.3188
1.4628999999999999
0.3729
0.36160000000000003
0.509
0.9164
0.802
0.7064
0.7041
0.7053
0.7079
0.7296
0.7369
1.1089
1.5482
0.745
0.5081
0.5487
0.6528
0.7177
0.626
0.4909
2.1408
0.15039999999999998
0.048999999999999995
0.1052
0.058899999999999994
0.0995
0.0665
0.0456
0.0337
0.0558
0.0593
0.0445
0.0344
0.0547
0.056999999999999995
0.0601
0.0474
0.0227
0.015300000000000001
0.0065
0.0635
0.0539
0.015
0.0
0.0
0.2371
0.25229999999999997
0.245
0.2064
0.5602
0.4891
0.2975
0.5937
0.3823
0.319
1.1438000000000001
0.2575
0.19240000000000002
0.1956
0.1723
0.17620000000000002
0.25949999999999995
0.2517
0.346
0.4567
0.3084
0.11699999999999999
0.11349999999999999
0.12079999999999999
0.5057
0.5446
0.5403
0.4962
0.5845
2.9858000000000002
3.0374
2.573
1.9506000000000001
1.0901
0.7964
0.6881999999999999
0.6571
0.6213
0.5523
0.478
0.766
1.3833
1.9075000000000002
2.9181999999999997
0.8844
0.14529999999999998
0.1946
0.198
0.3097
0.2922
0.2824
0.2843
0.2921
0.3691
0.6441
1.4071
1.3056999999999999
0.5264
0.4179
0.4153
0.474
0.5199
0.5674
0.7249
1.3062
1.0794000000000001
1.0488
1.0157
1.2282000000000002
1.0265
0.5851999999999999
0.3766
0.16820000000000002
0.12240000000000001
0.1174
0.11280000000000001
0.1143
0.13929999999999998
1.1221
1.5473
1.122
2.0449
0.3575
0.3654
0.3941
0.4386
0.4116
0.4935
0.6343000000000001
0.7255
0.7615000000000001
0.8269
1.5402
2.3553
2.1728
5.391
2.4682
2.7843999999999998
0.1432
0.0969
0.1153
0.5623
0.21910000000000002
0.0674
0.0648
0.07250000000000001
0.071
0.07830000000000001
0.0744
0.0861
0.08990000000000001
0.1018
0.06949999999999999
0.0979
0.1338
0.1862
0.1145
0.1046
0.14529999999999998
0.1575
0.9885
1.3188
1.4628999999999999
0.3729
0.36160000000000003
0.509
0.9164
0.802
0.7064
0.7041
0.7053
0.7079
0.7296
0.7369
1.1089
1.5482
0.745
0.5081
0.5487
0.6528
0.7177
0.626
0.4909
2.1408
0.15039999999999998
0.048999999999999995
0.1052
0.058899999999999994
0.0995
0.0665
0.0456
0.0337
0.0558
0.0593
0.0445
0.0344
0.0547
0.056999999999999995
0.0601
0.0474
0.0227
0.015300000000000001
0.0065
0.0635
0.0539
0.015
0.0
0.0
0.2371
0.25229999999999997
0.245
0.2064
0.5602
0.4891
0.2975
0.5937
0.3823
0.319
1.1438000000000001
0.2575
0.19240000000000002
0.1956
0.1723
0.17620000000000002
0.25949999999999995
0.2517
0.346
0.4567
0.3084
0.11699999999999999
0.11349999999999999
0.12079999999999999
0.5057
0.5446
0.5403
0.4962
0.5845
2.9858000000000002
3.0374
2.573
1.9506000000000001
1.0901
0.7964
0.6881999999999999
0.6571
0.6213
0.5523
0.478
0.766
1.3833
1.9075000000000002
2.9181999999999997
0.8844
0.14529999999999998
0.1946
0.198
0.3097
0.2922
0.2824
0.2843
0.2921
0.3691
0.6441
1.4071
1.3056999999999999
0.5264
0.4179
0.4153
0.474
0.5199
0.5674
0.7249
1.3062
1.0794000000000001
1.0488
1.0157
1.2282000000000002
1.0265
0.5851999999999999
0.3766
0.16820000000000002
0.12240000000000001
0.1174
0.11280000000000001
0.1143
0.13929999999999998
1.1221
1.5473
1.122
2.0449
0.3575
0.3654
0.3941
0.4386
0.4116
0.4935
0.6343000000000001
0.7255
0.7615000000000001
0.8269
1.5402
2.3553
2.1728
5.391
