0.3165
0.6715
0.4342
0.3401
0.2234
0.24180000000000001
0.2793
0.31579999999999997
0.3395
0.375
0.4593
1.2125
0.6353
0.32999999999999996
0.31920000000000004
0.3323
0.36560000000000004
0.3876
0.4072
0.5377000000000001
0.8241
0.7043999999999999
0.5507
0.4396
0.1832
0.1764
0.1492
0.1628
0.1744
0.1913
0.1441
0.9469
0.546
0.19269999999999998
0.1787
0.3267
0.7801
0.34340000000000004
0.41900000000000004
0.5469
0.4123
0.45899999999999996
0.5793999999999999
1.1752
0.2774
0.2097
0.2316
0.238
0.4615
0.5035000000000001
0.5057
0.4578
0.4343
0.41600000000000004
0.48350000000000004
0.3846
0.2732
0.1899
0.1104
1.1041
0.4597
0.9046
0.8027
1.2259
1.1799
1.6721
1.981
0.5132
0.43310000000000004
0.4589
0.47519999999999996
0.4395
2.2288
2.6060000000000003
7.302099999999999
6.388
5.371600000000001
4.8346
2.9507
2.2028
0.44289999999999996
0.2163
0.3819
0.5995999999999999
0.26940000000000003
0.0438
0.0
0.0
0.0
0.0
0.0
0.1665
0.2569
0.13440000000000002
0.0383
0.0
0.7421
0.7533000000000001
0.831
1.2583
0.7209000000000001
0.7739
0.8895
1.1155
1.0354
1.0569
1.1052
1.3775
1.8131
1.0847
0.8923
0.9209
0.9142
0.9839
1.2717999999999998
1.2505000000000002
1.1376
0.8576999999999999
0.7043
0.6779
4.3573
6.974
7.7825
8.426100000000002
6.170999999999999
4.8543
1.9695999999999998
0.055799999999999995
0.0765
0.0508
0.0672
0.0391
0.07830000000000001
0.07239999999999999
0.0723
0.10070000000000001
0.026
0.0
0.0303
3.1151999999999997
0.063
1.0195
3.623
0.6869000000000001
0.32789999999999997
0.3824
0.3487
0.3294
0.5377000000000001
0.5689
0.4778
0.123
0.0058
0.0548
0.4383
0.06520000000000001
0.0472
0.034
0.0474
0.0
0.0
0.0
0.1718
0.2931
0.2893
0.17049999999999998
0.13119999999999998
0.1271
0.3165
0.6715
0.4342
0.3401
0.2234
0.24180000000000001
0.2793
0.31579999999999997
0.3395
0.375
0.4593
1.2125
0.6353
0.32999999999999996
0.31920000000000004
0.3323
0.36560000000000004
0.3876
0.4072
0.5377000000000001
0.8241
0.7043999999999999
0.5507
0.4396
0.1832
0.1764
0.1492
0.1628
0.1744
0.1913
0.1441
0.9469
0.546
0.19269999999999998
0.1787
0.3267
0.7801
0.34340000000000004
0.41900000000000004
0.5469
0.4123
0.45899999999999996
0.5793999999999999
1.1752
0.2774
0.2097
0.2316
0.238
0.4615
0.5035000000000001
0.5057
0.4578
0.4343
0.41600000000000004
0.48350000000000004
0.3846
0.2732
0.1899
0.1104
1.1041
0.4597
0.9046
0.8027
1.2259
1.1799
1.6721
1.981
0.5132
0.43310000000000004
0.4589
0.47519999999999996
0.4395
2.2288
2.6060000000000003
7.302099999999999
6.388
5.371600000000001
4.8346
2.9507
2.2028
0.44289999999999996
0.2163
0.3819
0.5995999999999999
0.26940000000000003
0.0438
0.0
0.0
0.0
0.0
0.0
0.1665
0.2569
0.13440000000000002
0.0383
0.0
0.7421
0.7533000000000001
0.831
1.2583
0.7209000000000001
0.7739
0.8895
1.1155
1.0354
1.0569
1.1052
1.3775
1.8131
1.0847
0.8923
0.9209
0.9142
0.9839
1.2717999999999998
1.2505000000000002
1.1376
0.8576999999999999
0.7043
0.6779
4.3573
6.974
7.7825
8.426100000000002
6.170999999999999
4.8543
1.9695999999999998
0.055799999999999995
0.0765
0.0508
0.0672
0.0391
0.07830000000000001
0.07239999999999999
0.0723
0.10070000000000001
0.026
0.0
0.0303
3.1151999999999997
0.063
1.0195
3.623
0.6869000000000001
0.32789999999999997
0.3824
0.3487
0.3294
0.5377000000000001
0.5689
0.4778
0.123
0.0058
0.0548
0.4383
0.06520000000000001
0.0472
0.034
0.0474
0.0
0.0
0.0
0.1718
0.2931
0.2893
0.17049999999999998
0.13119999999999998
0.1271
0.3165
0.6715
0.4342
0.3401
0.2234
0.24180000000000001
0.2793
0.31579999999999997
0.3395
0.375
0.4593
1.2125
0.6353
0.32999999999999996
0.31920000000000004
0.3323
0.36560000000000004
0.3876
0.4072
0.5377000000000001
0.8241
0.7043999999999999
0.5507
0.4396
0.1832
0.1764
0.1492
0.1628
0.1744
0.1913
0.1441
0.9469
0.546
0.19269999999999998
0.1787
0.3267
0.7801
0.34340000000000004
0.41900000000000004
0.5469
0.4123
0.45899999999999996
0.5793999999999999
1.1752
0.2774
0.2097
0.2316
0.238
0.4615
0.5035000000000001
0.5057
0.4578
0.4343
0.41600000000000004
0.48350000000000004
0.3846
0.2732
0.1899
0.1104
1.1041
0.4597
0.9046
0.8027
1.2259
1.1799
1.6721
1.981
0.5132
0.43310000000000004
0.4589
0.47519999999999996
0.4395
2.2288
2.6060000000000003
7.302099999999999
6.388
5.371600000000001
4.8346
2.9507
2.2028
0.44289999999999996
0.2163
0.3819
0.5995999999999999
0.26940000000000003
0.0438
0.0
0.0
0.0
0.0
0.0
0.1665
0.2569
0.13440000000000002
0.0383
0.0
0.7421
0.7533000000000001
0.831
1.2583
0.7209000000000001
0.7739
0.8895
1.1155
1.0354
1.0569
1.1052
1.3775
1.8131
1.0847
0.8923
0.9209
0.9142
0.9839
1.2717999999999998
1.2505000000000002
1.1376
0.8576999999999999
0.7043
0.6779
4.3573
6.974
7.7825
8.426100000000002
6.170999999999999
4.8543
1.9695999999999998
0.055799999999999995
0.0765
0.0508
0.0672
0.0391
0.07830000000000001
0.07239999999999999
0.0723
0.10070000000000001
0.026
0.0
0.0303
3.1151999999999997
0.063
1.0195
3.623
0.6869000000000001
0.32789999999999997
0.3824
0.3487
0.3294
0.5377000000000001
0.5689
0.4778
0.123
0.0058
0.0548
0.4383
0.06520000000000001
0.0472
0.034
0.0474
0.0
0.0
0.0
0.1718
0.2931
0.2893
0.17049999999999998
0.13119999999999998
0.1271
0.3165
0.6715
0.4342
0.3401
0.2234
0.24180000000000001
0.2793
0.31579999999999997
0.3395
0.375
0.4593
1.2125
0.6353
0.32999999999999996
0.31920000000000004
0.3323
0.36560000000000004
0.3876
0.4072
0.5377000000000001
0.8241
0.7043999999999999
0.5507
0.4396
0.1832
0.1764
0.1492
0.1628
0.1744
0.1913
0.1441
0.9469
0.546
0.19269999999999998
0.1787
0.3267
0.7801
0.34340000000000004
0.41900000000000004
0.5469
0.4123
0.45899999999999996
0.5793999999999999
1.1752
0.2774
0.2097
0.2316
0.238
0.4615
0.5035000000000001
0.5057
0.4578
0.4343
0.41600000000000004
0.48350000000000004
0.3846
0.2732
0.1899
0.1104
1.1041
0.4597
0.9046
0.8027
1.2259
1.1799
1.6721
1.981
0.5132
0.43310000000000004
0.4589
0.47519999999999996
0.4395
2.2288
2.6060000000000003
7.302099999999999
6.388
5.371600000000001
4.8346
2.9507
2.2028
0.44289999999999996
0.2163
0.3819
0.5995999999999999
0.26940000000000003
0.0438
0.0
0.0
0.0
0.0
0.0
0.1665
0.2569
0.13440000000000002
0.0383
0.0
0.7421
0.7533000000000001
0.831
1.2583
0.7209000000000001
0.7739
0.8895
1.1155
1.0354
1.0569
1.1052
1.3775
1.8131
1.0847
0.8923
0.9209
0.9142
0.9839
1.2717999999999998
1.2505000000000002
1.1376
0.8576999999999999
0.7043
0.6779
4.3573
6.974
7.7825
8.426100000000002
6.170999999999999
4.8543
1.9695999999999998
0.055799999999999995
0.0765
0.0508
0.0672
0.0391
0.07830000000000001
0.07239999999999999
0.0723
0.10070000000000001
0.026
0.0
0.0303
3.1151999999999997
0.063
1.0195
3.623
0.6869000000000001
0.32789999999999997
0.3824
0.3487
0.3294
0.5377000000000001
0.5689
0.4778
0.123
0.0058
0.0548
0.4383
0.06520000000000001
0.0472
0.034
0.0474
0.0
0.0
0.0
0.1718
0.2931
0.2893
0.17049999999999998
0.13119999999999998
0.1271
0.3165
0.6715
0.4342
0.3401
0.2234
0.24180000000000001
0.2793
0.31579999999999997
0.3395
0.375
0.4593
1.2125
0.6353
0.32999999999999996
0.31920000000000004
0.3323
0.36560000000000004
0.3876
0.4072
0.5377000000000001
0.8241
0.7043999999999999
0.5507
0.4396
0.1832
0.1764
0.1492
0.1628
0.1744
0.1913
0.1441
0.9469
0.546
0.19269999999999998
0.1787
0.3267
0.7801
0.34340000000000004
0.41900000000000004
0.5469
0.4123
0.45899999999999996
0.5793999999999999
1.1752
0.2774
0.2097
0.2316
0.238
0.4615
0.5035000000000001
0.5057
0.4578
0.4343
0.41600000000000004
0.48350000000000004
0.3846
0.2732
0.1899
0.1104
1.1041
0.4597
0.9046
0.8027
1.2259
1.1799
1.6721
1.981
0.5132
0.43310000000000004
0.4589
0.47519999999999996
0.4395
6.0701
6.8064
6.4262
5.9952000000000005
2.1887
1.252
1.8689
0.0824
0.0475
0.09129999999999999
0.1075
0.09920000000000001
0.1006
0.102
0.0978
0.0305
0.0
0.0
0.4897
1.8126000000000002
3.632
2.1583
0.21660000000000001
0.2016
0.2385
0.1906
0.1894
0.1958
0.182
0.20350000000000001
0.261
0.762
0.4454
0.44520000000000004
1.0862
0.2883
0.24509999999999998
0.2068
0.2072
0.21860000000000002
0.349
1.6468
1.9934
0.9094
1.0732
1.2079
1.3144
0.9603999999999999
0.5222
0.5730999999999999
0.6236999999999999
0.5682
0.4648
0.4476
0.9319
1.4282
2.6169000000000002
0.3874
0.7399
1.8922
2.5739
6.0609
6.545999999999999
0.8467
0.6102000000000001
2.6172
5.3523
2.5305999999999997
0.4719
0.0
0.0
0.0
0.1986
0.1906
0.19640000000000002
0.473
0.19190000000000002
0.2314
0.41859999999999997
0.9256
0.8192
0.6551
0.6283
0.34099999999999997
0.3004
0.2949
0.30579999999999996
0.355
0.4144
0.48869999999999997
1.1531
0.5812999999999999
0.5218
0.5209
0.4001
0.274
1.2652999999999999
1.2202
1.152
1.1465999999999998
1.1815
0.829
0.4761
0.6809000000000001
0.49939999999999996
0.28990000000000005
0.2967
0.2304
0.2762
0.26380000000000003
0.2538
0.1295
0.0433
0.0
0.0445
2.627
1.7077
2.5052000000000003
4.2525
2.7331000000000003
0.2787
0.1
0.0974
0.1152
0.13
0.1464
0.2271
0.3152
0.344
0.33530000000000004
0.32099999999999995
0.3539
0.39790000000000003
0.4677
0.46599999999999997
0.45730000000000004
1.218
1.3277999999999999
0.6879
0.5447
0.48250000000000004
0.4044
0.205
2.8886
0.1599
0.1454
0.1281
0.11810000000000001
0.1406
0.2167
1.1395
1.2595
0.43110000000000004
0.32030000000000003
0.2836
0.3135
0.3234
0.3819
0.4951
0.4864
0.4898
1.7172
1.8671
0.5275000000000001
0.3591
0.3218
0.2396
0.1884
6.0701
6.8064
6.4262
5.9952000000000005
2.1887
1.252
1.8689
0.0824
0.0475
0.09129999999999999
0.1075
0.09920000000000001
0.1006
0.102
0.0978
0.0305
0.0
0.0
0.4897
1.8126000000000002
3.632
2.1583
0.21660000000000001
0.2016
0.2385
0.1906
0.1894
0.1958
0.182
0.20350000000000001
0.261
0.762
0.4454
0.44520000000000004
1.0862
0.2883
0.24509999999999998
0.2068
0.2072
0.21860000000000002
0.349
1.6468
1.9934
0.9094
1.0732
1.2079
1.3144
0.9603999999999999
0.5222
0.5730999999999999
0.6236999999999999
0.5682
0.4648
0.4476
0.9319
1.4282
2.6169000000000002
0.3874
0.7399
1.8922
2.5739
6.0609
6.545999999999999
0.8467
0.6102000000000001
2.6172
5.3523
2.5305999999999997
0.4719
0.0
0.0
0.0
0.1986
0.1906
0.19640000000000002
0.473
0.19190000000000002
0.2314
0.41859999999999997
0.9256
0.8192
0.6551
0.6283
0.34099999999999997
0.3004
0.2949
0.30579999999999996
0.355
0.4144
0.48869999999999997
1.1531
0.5812999999999999
0.5218
0.5209
0.4001
0.274
1.2652999999999999
1.2202
1.152
1.1465999999999998
1.1815
0.829
0.4761
0.6809000000000001
0.49939999999999996
0.28990000000000005
0.2967
0.2304
0.2762
0.26380000000000003
0.2538
0.1295
0.0433
0.0
0.0445
2.627
1.7077
2.5052000000000003
4.2525
2.7331000000000003
0.2787
0.1
0.0974
0.1152
0.13
0.1464
0.2271
0.3152
0.344
0.33530000000000004
0.32099999999999995
0.3539
0.39790000000000003
0.4677
0.46599999999999997
0.45730000000000004
1.218
1.3277999999999999
0.6879
0.5447
0.48250000000000004
0.4044
0.205
2.8886
0.1599
0.1454
0.1281
0.11810000000000001
0.1406
0.2167
1.1395
1.2595
0.43110000000000004
0.32030000000000003
0.2836
0.3135
0.3234
0.3819
0.4951
0.4864
0.4898
1.7172
1.8671
0.5275000000000001
0.3591
0.3218
0.2396
0.1884
6.0701
6.8064
6.4262
5.9952000000000005
2.1887
1.252
1.8689
0.0824
0.0475
0.09129999999999999
0.1075
0.09920000000000001
0.1006
0.102
0.0978
0.0305
0.0
0.0
0.4897
1.8126000000000002
3.632
2.1583
0.21660000000000001
0.2016
0.2385
0.1906
0.1894
0.1958
0.182
0.20350000000000001
0.261
0.762
0.4454
0.44520000000000004
1.0862
0.2883
0.24509999999999998
0.2068
0.2072
0.21860000000000002
0.349
1.6468
1.9934
0.9094
1.0732
1.2079
1.3144
0.9603999999999999
0.5222
0.5730999999999999
0.6236999999999999
0.5682
0.4648
0.4476
0.9319
1.4282
2.6169000000000002
0.3874
0.7399
1.8922
2.5739
6.0609
6.545999999999999
0.8467
0.6102000000000001
2.6172
5.3523
2.5305999999999997
0.4719
0.0
0.0
0.0
0.1986
0.1906
0.19640000000000002
0.473
0.19190000000000002
0.2314
0.41859999999999997
0.9256
0.8192
0.6551
0.6283
0.34099999999999997
0.3004
0.2949
0.30579999999999996
0.355
0.4144
0.48869999999999997
1.1531
0.5812999999999999
0.5218
0.5209
0.4001
0.274
1.2652999999999999
1.2202
1.152
1.1465999999999998
1.1815
0.829
0.4761
0.6809000000000001
0.49939999999999996
0.28990000000000005
0.2967
0.2304
0.2762
0.26380000000000003
0.2538
0.1295
0.0433
0.0
0.0445
2.627
1.7077
2.5052000000000003
4.2525
2.7331000000000003
0.2787
0.1
0.0974
0.1152
0.13
0.1464
0.2271
0.3152
0.344
0.33530000000000004
0.32099999999999995
0.3539
0.39790000000000003
0.4677
0.46599999999999997
0.45730000000000004
1.218
1.3277999999999999
0.6879
0.5447
0.48250000000000004
0.4044
0.205
2.8886
0.1599
0.1454
0.1281
0.11810000000000001
0.1406
0.2167
1.1395
1.2595
0.43110000000000004
0.32030000000000003
0.2836
0.3135
0.3234
0.3819
0.4951
0.4864
0.4898
1.7172
1.8671
0.5275000000000001
0.3591
0.3218
0.2396
0.1884
6.0701
6.8064
6.4262
5.9952000000000005
2.1887
1.252
1.8689
0.0824
0.0475
0.09129999999999999
0.1075
0.09920000000000001
0.1006
0.102
0.0978
0.0305
0.0
0.0
0.4897
1.8126000000000002
3.632
2.1583
0.21660000000000001
0.2016
0.2385
0.1906
0.1894
0.1958
0.182
0.20350000000000001
0.261
0.762
0.4454
0.44520000000000004
1.0862
0.2883
0.24509999999999998
0.2068
0.2072
0.21860000000000002
0.349
1.6468
1.9934
0.9094
1.0732
1.2079
1.3144
0.9603999999999999
0.5222
0.5730999999999999
0.6236999999999999
0.5682
0.4648
0.4476
0.9319
1.4282
2.6169000000000002
0.3874
0.7399
1.8922
2.5739
6.0609
6.545999999999999
0.8467
0.6102000000000001
2.6172
5.3523
2.5305999999999997
0.4719
0.0
0.0
0.0
0.1986
0.1906
0.19640000000000002
0.473
0.19190000000000002
0.2314
0.41859999999999997
0.9256
0.8192
0.6551
0.6283
0.34099999999999997
0.3004
0.2949
0.30579999999999996
0.355
0.4144
0.48869999999999997
1.1531
0.5812999999999999
0.5218
0.5209
0.4001
0.274
1.2652999999999999
1.2202
1.152
1.1465999999999998
1.1815
0.829
0.4761
0.6809000000000001
0.49939999999999996
0.28990000000000005
0.2967
0.2304
0.2762
0.26380000000000003
0.2538
0.1295
0.0433
0.0
0.0445
2.627
1.7077
2.5052000000000003
4.2525
2.7331000000000003
0.2787
0.1
0.0974
0.1152
0.13
0.1464
0.2271
0.3152
0.344
0.33530000000000004
0.32099999999999995
0.3539
0.39790000000000003
0.4677
0.46599999999999997
0.45730000000000004
1.218
1.3277999999999999
0.6879
0.5447
0.48250000000000004
0.4044
0.205
2.8886
0.1599
0.1454
0.1281
0.11810000000000001
0.1406
0.2167
1.1395
1.2595
0.43110000000000004
0.32030000000000003
0.2836
0.3135
0.3234
0.3819
0.4951
0.4864
0.4898
1.7172
1.8671
0.5275000000000001
0.3591
0.3218
0.2396
0.1884
0.1469
0.14600000000000002
0.14329999999999998
0.1452
0.1471
0.1533
0.1447
0.1245
0.1379
0.1295
0.12129999999999999
0.11430000000000001
0.11960000000000001
0.1254
0.13319999999999999
0.13490000000000002
0.1192
0.1392
0.1359
0.1466
0.1412
0.1328
0.1405
0.1456
0.0856
0.1108
0.1132
0.096
0.0794
0.4537
0.4976
0.0951
0.1293
0.1253
0.08940000000000001
0.0763
0.0826
0.10400000000000001
0.2899
0.0804
0.0366
0.06079999999999999
0.3376
0.6336
0.0
0.0
0.0
0.0
0.2842
0.269
0.2727
0.2501
0.2541
0.262
1.9716
0.1956
0.007299999999999999
0.0
0.0154
0.039400000000000004
0.0435
0.06709999999999999
0.045200000000000004
0.0935
0.09939999999999999
0.1444
1.3175999999999999
0.5267
0.40669999999999995
0.3482
0.2741
0.2721
3.2586
1.5885
1.2448000000000001
1.0886
0.9074
0.8068
0.6881999999999999
0.5534
0.6376
0.256
0.0357
0.0364
0.0267
0.0141
0.0066
1.5626000000000002
2.1465
1.077
2.6950000000000003
6.9678
7.0024
2.8406000000000002
1.4938
3.658
0.3196
0.6161
0.7686999999999999
0.287
0.3069
0.2917
0.2938
0.33599999999999997
0.2522
0.28559999999999997
0.42169999999999996
0.9194
0.2088
0.1239
0.10550000000000001
0.0907
0.1041
0.1185
0.09129999999999999
0.10239999999999999
0.1068
0.11399999999999999
0.14579999999999999
0.14850000000000002
1.5404
1.2992
0.7298
0.6332
0.6199
0.6269
0.6329
0.7011000000000001
0.9591000000000001
1.3243999999999998
1.7444000000000002
1.8683
1.3243
1.0968
1.1138
1.4474
1.9882999999999997
1.283
0.9427
0.8293
0.8156
0.9598
1.4082
1.5899999999999999
2.8533
3.0282999999999998
3.0388
3.0450999999999997
3.1573
3.2682
1.8628
0.0
0.0844
0.0
0.0
0.0042
0.0
0.0
0.0
0.7627
1.7678
1.7835
2.4377
2.865
2.1024
1.6155
2.0966
2.8794
0.1469
0.14600000000000002
0.14329999999999998
0.1452
0.1471
0.1533
0.1447
0.1245
0.1379
0.1295
0.12129999999999999
0.11430000000000001
0.11960000000000001
0.1254
0.13319999999999999
0.13490000000000002
0.1192
0.1392
0.1359
0.1466
0.1412
0.1328
0.1405
0.1456
0.0856
0.1108
0.1132
0.096
0.0794
0.4537
0.4976
0.0951
0.1293
0.1253
0.08940000000000001
0.0763
0.0826
0.10400000000000001
0.2899
0.0804
0.0366
0.06079999999999999
0.3376
0.6336
0.0
0.0
0.0
0.0
0.2842
0.269
0.2727
0.2501
0.2541
0.262
1.9716
0.1956
0.007299999999999999
0.0
0.0154
0.039400000000000004
0.0435
0.06709999999999999
0.045200000000000004
0.0935
0.09939999999999999
0.1444
1.3175999999999999
0.5267
0.40669999999999995
0.3482
0.2741
0.2721
3.2586
1.5885
1.2448000000000001
1.0886
0.9074
0.8068
0.6881999999999999
0.5534
0.6376
0.256
0.0357
0.0364
0.0267
0.0141
0.0066
1.5626000000000002
2.1465
1.077
2.6950000000000003
6.9678
7.0024
2.8406000000000002
1.4938
3.658
0.3196
0.6161
0.7686999999999999
0.287
0.3069
0.2917
0.2938
0.33599999999999997
0.2522
0.28559999999999997
0.42169999999999996
0.9194
0.2088
0.1239
0.10550000000000001
0.0907
0.1041
0.1185
0.09129999999999999
0.10239999999999999
0.1068
0.11399999999999999
0.14579999999999999
0.14850000000000002
1.5404
1.2992
0.7298
0.6332
0.6199
0.6269
0.6329
0.7011000000000001
0.9591000000000001
1.3243999999999998
1.7444000000000002
1.8683
1.3243
1.0968
1.1138
1.4474
1.9882999999999997
1.283
0.9427
0.8293
0.8156
0.9598
1.4082
1.5899999999999999
2.8533
3.0282999999999998
3.0388
3.0450999999999997
3.1573
3.2682
1.8628
0.0
0.0844
0.0
0.0
0.0042
0.0
0.0
0.0
0.7627
1.7678
1.7835
2.4377
2.865
2.1024
1.6155
2.0966
2.8794
0.1469
0.14600000000000002
0.14329999999999998
0.1452
0.1471
0.1533
0.1447
0.1245
0.1379
0.1295
0.12129999999999999
0.11430000000000001
0.11960000000000001
0.1254
0.13319999999999999
0.13490000000000002
0.1192
0.1392
0.1359
0.1466
0.1412
0.1328
0.1405
0.1456
0.0856
0.1108
0.1132
0.096
0.0794
0.4537
0.4976
0.0951
0.1293
0.1253
0.08940000000000001
0.0763
0.0826
0.10400000000000001
0.2899
0.0804
0.0366
0.06079999999999999
0.3376
0.6336
0.0
0.0
0.0
0.0
0.2842
0.269
0.2727
0.2501
0.2541
0.262
1.9716
0.1956
0.007299999999999999
0.0
0.0154
0.039400000000000004
0.0435
0.06709999999999999
0.045200000000000004
0.0935
0.09939999999999999
0.1444
1.3175999999999999
0.5267
0.40669999999999995
0.3482
0.2741
0.2721
3.2586
1.5885
1.2448000000000001
1.0886
0.9074
0.8068
0.6881999999999999
0.5534
0.6376
0.256
0.0357
0.0364
0.0267
0.0141
0.0066
1.5626000000000002
2.1465
1.077
2.6950000000000003
6.9678
7.0024
2.8406000000000002
1.4938
3.658
0.3196
0.6161
0.7686999999999999
0.287
0.3069
0.2917
0.2938
0.33599999999999997
0.2522
0.28559999999999997
0.42169999999999996
0.9194
0.2088
0.1239
0.10550000000000001
0.0907
0.1041
0.1185
0.09129999999999999
0.10239999999999999
0.1068
0.11399999999999999
0.14579999999999999
0.14850000000000002
1.5404
1.2992
0.7298
0.6332
0.6199
0.6269
0.6329
0.7011000000000001
0.9591000000000001
1.3243999999999998
1.7444000000000002
1.8683
1.3243
1.0968
1.1138
1.4474
1.9882999999999997
1.283
0.9427
0.8293
0.8156
0.9598
1.4082
1.5899999999999999
2.8533
3.0282999999999998
3.0388
3.0450999999999997
3.1573
3.2682
1.8628
0.0
0.0844
0.0
0.0
0.0042
0.0
0.0
0.0
0.7627
1.7678
1.7835
2.4377
2.865
2.1024
1.6155
2.0966
2.8794
0.1469
0.14600000000000002
0.14329999999999998
0.1452
0.1471
0.1533
0.1447
0.1245
0.1379
0.1295
0.12129999999999999
0.11430000000000001
0.11960000000000001
0.1254
0.13319999999999999
0.13490000000000002
0.1192
0.1392
0.1359
0.1466
0.1412
0.1328
0.1405
0.1456
0.0856
0.1108
0.1132
0.096
0.0794
0.4537
0.4976
0.0951
0.1293
0.1253
0.08940000000000001
0.0763
0.0826
0.10400000000000001
0.2899
0.0804
0.0366
0.06079999999999999
0.3376
0.6336
0.0
0.0
0.0
0.0
0.2842
0.269
0.2727
0.2501
0.2541
0.262
1.9716
0.1956
0.007299999999999999
0.0
0.0154
0.039400000000000004
0.0435
0.06709999999999999
0.045200000000000004
0.0935
0.09939999999999999
0.1444
1.3175999999999999
0.5267
0.40669999999999995
0.3482
0.2741
0.2721
3.2586
1.5885
1.2448000000000001
1.0886
0.9074
0.8068
0.6881999999999999
0.5534
0.6376
0.256
0.0357
0.0364
0.0267
0.0141
0.0066
1.5626000000000002
2.1465
1.077
2.6950000000000003
6.9678
7.0024
2.8406000000000002
1.4938
3.658
0.3196
0.6161
0.7686999999999999
0.287
0.3069
0.2917
0.2938
0.33599999999999997
0.2522
0.28559999999999997
0.42169999999999996
0.9194
0.2088
0.1239
0.10550000000000001
0.0907
0.1041
0.1185
0.09129999999999999
0.10239999999999999
0.1068
0.11399999999999999
0.14579999999999999
0.14850000000000002
1.5404
1.2992
0.7298
0.6332
0.6199
0.6269
0.6329
0.7011000000000001
0.9591000000000001
1.3243999999999998
1.7444000000000002
1.8683
1.3243
1.0968
1.1138
1.4474
1.9882999999999997
1.283
0.9427
0.8293
0.8156
0.9598
1.4082
1.5899999999999999
2.8533
3.0282999999999998
3.0388
3.0450999999999997
3.1573
3.2682
1.8628
0.0
0.0844
0.0
0.0
0.0042
0.0
0.0
0.0
0.7627
1.7678
1.7835
2.4377
2.865
2.1024
1.6155
2.0966
2.8794
0.1469
0.14600000000000002
0.14329999999999998
0.1452
0.1471
0.1533
0.1447
0.1245
0.1379
0.1295
0.12129999999999999
0.11430000000000001
0.11960000000000001
0.1254
0.13319999999999999
0.13490000000000002
0.1192
0.1392
0.1359
0.1466
0.1412
0.1328
0.1405
0.1456
0.0856
0.1108
0.1132
0.096
0.0794
0.4537
0.4976
0.0951
0.1293
0.1253
0.08940000000000001
0.0763
0.0826
0.10400000000000001
0.2899
0.0804
0.0366
0.06079999999999999
0.3376
0.6336
0.0
0.0
0.0
0.0
0.2842
0.269
0.2727
0.2501
0.2541
0.262
1.9716
0.1956
0.007299999999999999
0.0
0.0154
0.039400000000000004
0.0435
0.06709999999999999
0.045200000000000004
0.0935
0.09939999999999999
0.1444
1.3175999999999999
0.5267
0.40669999999999995
0.3482
0.2741
0.2721
0.2621
0.26
0.24930000000000002
0.24459999999999998
0.2323
0.5049
1.6421000000000001
0.8658
0.6139
0.4959
0.4768
0.4488
0.46950000000000003
0.5379
0.6632
0.8302
2.0723000000000003
1.5081
0.9629
1.2974999999999999
0.9075
0.8659
1.1968999999999999
0.4927
0.2975
0.2728
0.2556
0.2592
0.25129999999999997
0.2552
0.3538
1.6945000000000001
1.1357
0.8577
0.819
1.0293
1.0502
0.8793
0.7887
0.6476
0.5698
0.5179
0.5126999999999999
0.45199999999999996
0.3997
0.4292
0.6977
0.647
0.0461
0.0314
0.026799999999999997
0.0284
0.0242
0.033299999999999996
0.0805
0.2889
0.2974
0.23349999999999999
0.1829
0.1799
0.1724
0.6629
1.0716999999999999
0.6111
0.7802
2.2047
0.7767999999999999
0.6201
0.7291000000000001
0.6671
0.9983
1.5302
5.1865000000000006
3.5567
0.12190000000000001
0.1573
0.1727
0.39099999999999996
1.2345000000000002
1.2627000000000002
0.497
0.1368
0.1481
0.15960000000000002
0.14279999999999998
0.1387
0.1417
0.15589999999999998
0.20329999999999998
0.2525
0.2892
0.3477
0.4667
1.1528
1.2593
4.9802
0.6217999999999999
0.5828
0.3692
3.7256
0.1192
0.0977
2.4819
2.0348
1.3007
0.0
0.0
0.0117
0.0208
0.0238
0.20700000000000002
0.7057
0.3599
0.4617
0.34
0.10439999999999999
0.0661
0.1195
0.1034
0.11810000000000001
0.7428
0.7247
0.7285999999999999
0.6665
0.5859
0.5469999999999999
0.5142
0.4376
0.42110000000000003
0.4592
0.5659000000000001
0.8639
0.6276999999999999
0.5474
0.5644
0.5945
0.8515999999999999
1.0204
1.341
1.9196
1.1734
0.7426999999999999
0.6686
2.4981999999999998
0.497
7.1149000000000004
9.3687
3.9855
0.9771000000000001
0.9717
0.9939
2.7381
0.6793
1.1562000000000001
1.1833
1.2534
1.1384
1.0114999999999998
0.8719
1.1169
0.7162
0.5416
0.5023
0.5693999999999999
0.5572
0.44179999999999997
0.3678
0.2693
0.2621
0.26
0.24930000000000002
0.24459999999999998
0.2323
0.5049
1.6421000000000001
0.8658
0.6139
0.4959
0.4768
0.4488
0.46950000000000003
0.5379
0.6632
0.8302
2.0723000000000003
1.5081
0.9629
1.2974999999999999
0.9075
0.8659
1.1968999999999999
0.4927
0.2975
0.2728
0.2556
0.2592
0.25129999999999997
0.2552
0.3538
1.6945000000000001
1.1357
0.8577
0.819
1.0293
1.0502
0.8793
0.7887
0.6476
0.5698
0.5179
0.5126999999999999
0.45199999999999996
0.3997
0.4292
0.6977
0.647
0.0461
0.0314
0.026799999999999997
0.0284
0.0242
0.033299999999999996
0.0805
0.2889
0.2974
0.23349999999999999
0.1829
0.1799
0.1724
0.6629
1.0716999999999999
0.6111
0.7802
2.2047
0.7767999999999999
0.6201
0.7291000000000001
0.6671
0.9983
1.5302
5.1865000000000006
3.5567
0.12190000000000001
0.1573
0.1727
0.39099999999999996
1.2345000000000002
1.2627000000000002
0.497
0.1368
0.1481
0.15960000000000002
0.14279999999999998
0.1387
0.1417
0.15589999999999998
0.20329999999999998
0.2525
0.2892
0.3477
0.4667
1.1528
1.2593
4.9802
0.6217999999999999
0.5828
0.3692
3.7256
0.1192
0.0977
2.4819
2.0348
1.3007
0.0
0.0
0.0117
0.0208
0.0238
0.20700000000000002
0.7057
0.3599
0.4617
0.34
0.10439999999999999
0.0661
0.1195
0.1034
0.11810000000000001
0.7428
0.7247
0.7285999999999999
0.6665
0.5859
0.5469999999999999
0.5142
0.4376
0.42110000000000003
0.4592
0.5659000000000001
0.8639
0.6276999999999999
0.5474
0.5644
0.5945
0.8515999999999999
1.0204
1.341
1.9196
1.1734
0.7426999999999999
0.6686
2.4981999999999998
0.497
7.1149000000000004
9.3687
3.9855
0.9771000000000001
0.9717
0.9939
2.7381
0.6793
1.1562000000000001
1.1833
1.2534
1.1384
1.0114999999999998
0.8719
1.1169
0.7162
0.5416
0.5023
0.5693999999999999
0.5572
0.44179999999999997
0.3678
0.2693
0.2621
0.26
0.24930000000000002
0.24459999999999998
0.2323
0.5049
1.6421000000000001
0.8658
0.6139
0.4959
0.4768
0.4488
0.46950000000000003
0.5379
0.6632
0.8302
2.0723000000000003
1.5081
0.9629
1.2974999999999999
0.9075
0.8659
1.1968999999999999
0.4927
0.2975
0.2728
0.2556
0.2592
0.25129999999999997
0.2552
0.3538
1.6945000000000001
1.1357
0.8577
0.819
1.0293
1.0502
0.8793
0.7887
0.6476
0.5698
0.5179
0.5126999999999999
0.45199999999999996
0.3997
0.4292
0.6977
0.647
0.0461
0.0314
0.026799999999999997
0.0284
0.0242
0.033299999999999996
0.0805
0.2889
0.2974
0.23349999999999999
0.1829
0.1799
0.1724
0.6629
1.0716999999999999
0.6111
0.7802
2.2047
0.7767999999999999
0.6201
0.7291000000000001
0.6671
0.9983
1.5302
5.1865000000000006
3.5567
0.12190000000000001
0.1573
0.1727
0.39099999999999996
1.2345000000000002
1.2627000000000002
0.497
0.1368
0.1481
0.15960000000000002
0.14279999999999998
0.1387
0.1417
0.15589999999999998
0.20329999999999998
0.2525
0.2892
0.3477
0.4667
1.1528
1.2593
4.9802
0.6217999999999999
0.5828
0.3692
3.7256
0.1192
0.0977
2.4819
2.0348
1.3007
0.0
0.0
0.0117
0.0208
0.0238
0.20700000000000002
0.7057
0.3599
0.4617
0.34
0.10439999999999999
0.0661
0.1195
0.1034
0.11810000000000001
0.7428
0.7247
0.7285999999999999
0.6665
0.5859
0.5469999999999999
0.5142
0.4376
0.42110000000000003
0.4592
0.5659000000000001
0.8639
0.6276999999999999
0.5474
0.5644
0.5945
0.8515999999999999
1.0204
1.341
1.9196
1.1734
0.7426999999999999
0.6686
2.4981999999999998
0.497
7.1149000000000004
9.3687
3.9855
0.9771000000000001
0.9717
0.9939
2.7381
0.6793
1.1562000000000001
1.1833
1.2534
1.1384
1.0114999999999998
0.8719
1.1169
0.7162
0.5416
0.5023
0.5693999999999999
0.5572
0.44179999999999997
0.3678
0.2693
0.2621
0.26
0.24930000000000002
0.24459999999999998
0.2323
0.5049
1.6421000000000001
0.8658
0.6139
0.4959
0.4768
0.4488
0.46950000000000003
0.5379
0.6632
0.8302
2.0723000000000003
1.5081
0.9629
1.2974999999999999
0.9075
0.8659
1.1968999999999999
0.4927
0.2975
0.2728
0.2556
0.2592
0.25129999999999997
0.2552
0.3538
1.6945000000000001
1.1357
0.8577
0.819
1.0293
1.0502
0.8793
0.7887
0.6476
0.5698
0.5179
0.5126999999999999
0.45199999999999996
0.3997
0.4292
0.6977
0.647
0.0461
0.0314
0.026799999999999997
0.0284
0.0242
0.033299999999999996
0.0805
0.2889
0.2974
0.23349999999999999
0.1829
0.1799
0.1724
0.6629
1.0716999999999999
0.6111
0.7802
2.2047
0.7767999999999999
0.6201
0.7291000000000001
0.6671
0.9983
1.5302
5.1865000000000006
3.5567
0.12190000000000001
0.1573
0.1727
0.39099999999999996
1.2345000000000002
1.2627000000000002
0.497
0.1368
0.1481
0.15960000000000002
0.14279999999999998
0.1387
0.1417
0.15589999999999998
0.20329999999999998
0.2525
0.2892
0.3477
0.4667
1.1528
1.2593
4.9802
0.6217999999999999
0.5828
0.3692
3.7256
0.1192
0.0977
2.4819
2.0348
1.3007
0.0
0.0
0.0117
0.0208
0.0238
0.20700000000000002
0.7057
0.3599
0.4617
0.34
0.10439999999999999
0.0661
0.1195
0.1034
0.11810000000000001
0.7428
0.7247
0.7285999999999999
0.6665
0.5859
0.5469999999999999
0.5142
0.4376
0.42110000000000003
0.4592
0.5659000000000001
0.8639
0.6276999999999999
0.5474
0.5644
0.5945
0.8515999999999999
1.0204
1.341
1.9196
1.1734
0.7426999999999999
0.6686
2.4981999999999998
0.497
7.1149000000000004
9.3687
3.9855
0.9771000000000001
0.9717
0.9939
2.7381
0.6793
1.1562000000000001
1.1833
1.2534
1.1384
1.0114999999999998
0.8719
1.1169
0.7162
0.5416
0.5023
0.5693999999999999
0.5572
0.44179999999999997
0.3678
0.2693
0.2621
0.26
0.24930000000000002
0.24459999999999998
0.2323
0.5049
1.6421000000000001
0.8658
0.6139
0.4959
0.4768
0.4488
0.46950000000000003
0.5379
0.6632
0.8302
2.0723000000000003
1.5081
0.9629
1.2974999999999999
0.9075
0.8659
1.1968999999999999
0.4927
0.2975
0.2728
0.2556
0.2592
0.25129999999999997
0.2552
0.3538
1.6945000000000001
1.1357
0.8577
0.819
1.0293
1.0502
0.8793
0.7887
0.6476
0.5698
0.5179
0.5126999999999999
0.45199999999999996
0.3997
0.4292
0.6977
0.647
4.6592
5.7613
0.8495
4.5023
3.0991
2.2269
1.6632
2.6631
0.10110000000000001
0.034600000000000006
0.12940000000000002
0.2596
0.1736
0.1051
0.06659999999999999
0.0
0.0027
0.0245
0.107
0.0685
1.4664
3.5495
2.2807000000000004
1.8195999999999999
0.3286
0.44820000000000004
0.3782
0.2667
0.2244
0.18530000000000002
0.08990000000000001
0.0437
0.0424
0.0214
0.0253
0.0271
0.041800000000000004
0.1041
0.354
0.1434
0.1452
0.2858
1.4910999999999999
0.6923
0.39670000000000005
0.363
0.32630000000000003
2.7727
0.0127
0.0546
0.0431
0.034
0.023200000000000002
1.2066
0.3014
0.5231
0.3964
0.5948
0.25279999999999997
0.1617
0.1723
0.2908
1.5762
0.6583
0.3326
0.9865
0.8191999999999999
0.1489
0.0
0.0
0.0
0.0
0.14450000000000002
0.1181
0.1139
0.1119
0.1191
0.1239
0.1301
0.1472
0.2154
0.2442
0.2512
0.25780000000000003
0.26890000000000003
0.2919
0.2937
0.4264
0.3641
0.39459999999999995
0.9436
0.6911999999999999
0.3266
0.35760000000000003
0.4406
0.9468000000000001
6.4177
7.7431
5.2613
0.3668
0.0641
0.008700000000000001
0.0195
0.041499999999999995
0.038900000000000004
0.0249
0.0219
0.0202
0.0087
0.008799999999999999
0.0398
0.17149999999999999
0.2819
2.2027
1.5873
1.0567
1.0485
1.2206000000000001
1.3333
2.6216
0.2641
0.24330000000000002
0.24
0.226
0.2247
0.24459999999999998
0.2526
0.2747
0.3103
0.6108
0.7885
0.9280999999999999
1.2689
1.6211
0.45289999999999997
0.3836
1.7445
0.4199
0.4425
0.5041
0.7151
0.7642
0.54
0.34450000000000003
2.0736
1.5445
0.27959999999999996
0.5753
0.3829
0.25529999999999997
0.1558
0.1497
0.1177
0.08610000000000001
0.0559
0.1235
0.20500000000000002
0.1479
0.1109
0.0284
0.6746
0.0008
0.060899999999999996
0.0368
0.045399999999999996
0.1994
0.4483
0.6093
4.6592
5.7613
0.8495
4.5023
3.0991
2.2269
1.6632
2.6631
0.10110000000000001
0.034600000000000006
0.12940000000000002
0.2596
0.1736
0.1051
0.06659999999999999
0.0
0.0027
0.0245
0.107
0.0685
1.4664
3.5495
2.2807000000000004
1.8195999999999999
0.3286
0.44820000000000004
0.3782
0.2667
0.2244
0.18530000000000002
0.08990000000000001
0.0437
0.0424
0.0214
0.0253
0.0271
0.041800000000000004
0.1041
0.354
0.1434
0.1452
0.2858
1.4910999999999999
0.6923
0.39670000000000005
0.363
0.32630000000000003
2.7727
0.0127
0.0546
0.0431
0.034
0.023200000000000002
1.2066
0.3014
0.5231
0.3964
0.5948
0.25279999999999997
0.1617
0.1723
0.2908
1.5762
0.6583
0.3326
0.9865
0.8191999999999999
0.1489
0.0
0.0
0.0
0.0
0.14450000000000002
0.1181
0.1139
0.1119
0.1191
0.1239
0.1301
0.1472
0.2154
0.2442
0.2512
0.25780000000000003
0.26890000000000003
0.2919
0.2937
0.4264
0.3641
0.39459999999999995
0.9436
0.6911999999999999
0.3266
0.35760000000000003
0.4406
0.9468000000000001
6.4177
7.7431
5.2613
0.3668
0.0641
0.008700000000000001
0.0195
0.041499999999999995
0.038900000000000004
0.0249
0.0219
0.0202
0.0087
0.008799999999999999
0.0398
0.17149999999999999
0.2819
2.2027
1.5873
1.0567
1.0485
1.2206000000000001
1.3333
2.6216
0.2641
0.24330000000000002
0.24
0.226
0.2247
0.24459999999999998
0.2526
0.2747
0.3103
0.6108
0.7885
0.9280999999999999
1.2689
1.6211
0.45289999999999997
0.3836
1.7445
0.4199
0.4425
0.5041
0.7151
0.7642
0.54
0.34450000000000003
2.0736
1.5445
0.27959999999999996
0.5753
0.3829
0.25529999999999997
0.1558
0.1497
0.1177
0.08610000000000001
0.0559
0.1235
0.20500000000000002
0.1479
0.1109
0.0284
0.6746
0.0008
0.060899999999999996
0.0368
0.045399999999999996
0.1994
0.4483
0.6093
4.6592
5.7613
0.8495
4.5023
3.0991
2.2269
1.6632
2.6631
0.10110000000000001
0.034600000000000006
0.12940000000000002
0.2596
0.1736
0.1051
0.06659999999999999
0.0
0.0027
0.0245
0.107
0.0685
1.4664
3.5495
2.2807000000000004
1.8195999999999999
0.3286
0.44820000000000004
0.3782
0.2667
0.2244
0.18530000000000002
0.08990000000000001
0.0437
0.0424
0.0214
0.0253
0.0271
0.041800000000000004
0.1041
0.354
0.1434
0.1452
0.2858
1.4910999999999999
0.6923
0.39670000000000005
0.363
0.32630000000000003
2.7727
0.0127
0.0546
0.0431
0.034
0.023200000000000002
1.2066
0.3014
0.5231
0.3964
0.5948
0.25279999999999997
0.1617
0.1723
0.2908
1.5762
0.6583
0.3326
0.9865
0.8191999999999999
0.1489
0.0
0.0
0.0
0.0
0.14450000000000002
0.1181
0.1139
0.1119
0.1191
0.1239
0.1301
0.1472
0.2154
0.2442
0.2512
0.25780000000000003
0.26890000000000003
0.2919
0.2937
0.4264
0.3641
0.39459999999999995
0.9436
0.6911999999999999
0.3266
0.35760000000000003
0.4406
0.9468000000000001
6.4177
7.7431
5.2613
0.3668
0.0641
0.008700000000000001
0.0195
0.041499999999999995
0.038900000000000004
0.0249
0.0219
0.0202
0.0087
0.008799999999999999
0.0398
0.17149999999999999
0.2819
2.2027
1.5873
1.0567
1.0485
1.2206000000000001
1.3333
2.6216
0.2641
0.24330000000000002
0.24
0.226
0.2247
0.24459999999999998
0.2526
0.2747
0.3103
0.6108
0.7885
0.9280999999999999
1.2689
1.6211
0.45289999999999997
0.3836
1.7445
0.4199
0.4425
0.5041
0.7151
0.7642
0.54
0.34450000000000003
2.0736
1.5445
0.27959999999999996
0.5753
0.3829
0.25529999999999997
0.1558
0.1497
0.1177
0.08610000000000001
0.0559
0.1235
0.20500000000000002
0.1479
0.1109
0.0284
0.6746
0.0008
0.060899999999999996
0.0368
0.045399999999999996
0.1994
0.4483
0.6093
4.6592
5.7613
0.8495
4.5023
3.0991
2.2269
1.6632
2.6631
0.10110000000000001
0.034600000000000006
0.12940000000000002
0.2596
0.1736
0.1051
0.06659999999999999
0.0
0.0027
0.0245
0.107
0.0685
1.4664
3.5495
2.2807000000000004
1.8195999999999999
0.3286
0.44820000000000004
0.3782
0.2667
0.2244
0.18530000000000002
0.08990000000000001
0.0437
0.0424
0.0214
0.0253
0.0271
0.041800000000000004
0.1041
0.354
0.1434
0.1452
0.2858
1.4910999999999999
0.6923
0.39670000000000005
0.363
0.32630000000000003
2.7727
0.0127
0.0546
0.0431
0.034
0.023200000000000002
1.2066
0.3014
0.5231
0.3964
0.5948
0.25279999999999997
0.1617
0.1723
0.2908
1.5762
0.6583
0.3326
0.9865
0.8191999999999999
0.1489
0.0
0.0
0.0
0.0
0.14450000000000002
0.1181
0.1139
0.1119
0.1191
0.1239
0.1301
0.1472
0.2154
0.2442
0.2512
0.25780000000000003
0.26890000000000003
0.2919
0.2937
0.4264
0.3641
0.39459999999999995
0.9436
0.6911999999999999
0.3266
0.35760000000000003
0.4406
0.9468000000000001
6.4177
7.7431
5.2613
0.3668
0.0641
0.008700000000000001
0.0195
0.041499999999999995
0.038900000000000004
0.0249
0.0219
0.0202
0.0087
0.008799999999999999
0.0398
0.17149999999999999
0.2819
2.2027
1.5873
1.0567
1.0485
1.2206000000000001
1.3333
2.6216
0.2641
0.24330000000000002
0.24
0.226
0.2247
0.24459999999999998
0.2526
0.2747
0.3103
0.6108
0.7885
0.9280999999999999
1.2689
1.6211
0.45289999999999997
0.3836
1.7445
0.4199
0.4425
0.5041
0.7151
0.7642
0.54
0.34450000000000003
2.0736
1.5445
0.27959999999999996
0.5753
0.3829
0.25529999999999997
0.1558
0.1497
0.1177
0.08610000000000001
0.0559
0.1235
0.20500000000000002
0.1479
0.1109
0.0284
0.6746
0.0008
0.060899999999999996
0.0368
0.045399999999999996
0.1994
0.4483
0.6093
4.6592
5.7613
0.8495
4.5023
3.0991
2.2269
1.6632
2.6631
0.10110000000000001
0.034600000000000006
0.12940000000000002
0.2596
0.1736
0.1051
0.06659999999999999
0.0
0.0027
0.0245
0.107
0.0685
1.4664
3.5495
2.2807000000000004
1.8195999999999999
0.3286
0.44820000000000004
0.3782
0.2667
0.2244
0.18530000000000002
0.08990000000000001
0.0437
0.0424
0.0214
0.0253
0.0271
0.041800000000000004
0.1041
0.354
0.1434
0.1452
0.2858
1.4910999999999999
0.6923
0.39670000000000005
0.363
0.32630000000000003
2.7727
0.0127
0.0546
0.0431
0.034
0.023200000000000002
1.2066
0.3014
0.5231
0.3964
0.5948
0.25279999999999997
0.1617
0.1723
0.2908
1.5762
0.6583
0.3326
0.9865
0.8191999999999999
0.1489
0.0
0.0
0.0
0.0
0.3277
0.3146
0.28759999999999997
0.29000000000000004
0.2863
0.30369999999999997
0.3812
0.9818
2.2769
0.9114
1.1787
1.8357
1.1377
0.9178999999999999
0.9537
0.8378
1.0125
1.4264999999999999
1.2092
0.9967
0.7759
0.6302
0.46519999999999995
0.3771
0.7635000000000001
0.552
0.38460000000000005
0.3261
0.3115
0.3305
0.348
0.3871
0.3758
0.4017
0.4326
0.5246
0.5366
0.5303
0.5653
0.5406
0.5649
0.6258
0.797
1.01
0.5329
0.3318
0.3236
0.7662
0.0731
0.0988
0.1037
0.1019
0.0946
0.1142
0.221
0.3826
0.2821
1.2993000000000001
0.2776
0.3065
0.30579999999999996
0.39649999999999996
0.362
0.2128
0.14379999999999998
0.2731
0.0445
0.0394
0.0
0.0
0.0
0.0
0.4648
0.4991
0.48519999999999996
0.4729
0.4669
0.44999999999999996
0.5039
0.6737
0.45189999999999997
0.4779
0.6714
1.3786999999999998
0.264
0.22
0.20400000000000001
0.2077
0.21610000000000001
0.2021
0.5982000000000001
0.6806000000000001
1.0897000000000001
1.0969
0.6143000000000001
2.0638
0.0376
0.0398
0.036699999999999997
0.0359
0.031
0.0363
0.0162
0.9708000000000001
0.3077
0.0016
0.025599999999999998
0.06770000000000001
0.076
0.08660000000000001
0.0668
0.0675
0.8568
0.31720000000000004
0.2076
0.1864
0.0832
0.0062
0.0
0.0383
0.4061
0.9772000000000001
0.6209
0.2502
0.24930000000000002
0.25780000000000003
0.2972
0.4799
0.2705
0.14750000000000002
0.1184
0.1056
0.0986
0.0851
0.09440000000000001
0.111
0.125
0.9438
0.5858
0.4084
0.5197
0.6006
0.5601
1.9663
0.1381
0.16920000000000002
0.17570000000000002
0.1684
0.15139999999999998
0.1985
0.4183
0.6969000000000001
1.3114000000000001
0.3505
0.2591
0.29369999999999996
0.2725
0.1975
0.14200000000000002
0.0
0.0
0.0
0.0
0.0
0.0
0.0
0.0
0.0
0.3277
0.3146
0.28759999999999997
0.29000000000000004
0.2863
0.30369999999999997
0.3812
0.9818
2.2769
0.9114
1.1787
1.8357
1.1377
0.9178999999999999
0.9537
0.8378
1.0125
1.4264999999999999
1.2092
0.9967
0.7759
0.6302
0.46519999999999995
0.3771
0.7635000000000001
0.552
0.38460000000000005
0.3261
0.3115
0.3305
0.348
0.3871
0.3758
0.4017
0.4326
0.5246
0.5366
0.5303
0.5653
0.5406
0.5649
0.6258
0.797
1.01
0.5329
0.3318
0.3236
0.7662
0.0731
0.0988
0.1037
0.1019
0.0946
0.1142
0.221
0.3826
0.2821
1.2993000000000001
0.2776
0.3065
0.30579999999999996
0.39649999999999996
0.362
0.2128
0.14379999999999998
0.2731
0.0445
0.0394
0.0
0.0
0.0
0.0
0.4648
0.4991
0.48519999999999996
0.4729
0.4669
0.44999999999999996
0.5039
0.6737
0.45189999999999997
0.4779
0.6714
1.3786999999999998
0.264
0.22
0.20400000000000001
0.2077
0.21610000000000001
0.2021
0.5982000000000001
0.6806000000000001
1.0897000000000001
1.0969
0.6143000000000001
2.0638
0.0376
0.0398
0.036699999999999997
0.0359
0.031
0.0363
0.0162
0.9708000000000001
0.3077
0.0016
0.025599999999999998
0.06770000000000001
0.076
0.08660000000000001
0.0668
0.0675
0.8568
0.31720000000000004
0.2076
0.1864
0.0832
0.0062
0.0
0.0383
0.4061
0.9772000000000001
0.6209
0.2502
0.24930000000000002
0.25780000000000003
0.2972
0.4799
0.2705
0.14750000000000002
0.1184
0.1056
0.0986
0.0851
0.09440000000000001
0.111
0.125
0.9438
0.5858
0.4084
0.5197
0.6006
0.5601
1.9663
0.1381
0.16920000000000002
0.17570000000000002
0.1684
0.15139999999999998
0.1985
0.4183
0.6969000000000001
1.3114000000000001
0.3505
0.2591
0.29369999999999996
0.2725
0.1975
0.14200000000000002
0.0
0.0
0.0
0.0
0.0
0.0
0.0
0.0
0.0
0.3277
0.3146
0.28759999999999997
0.29000000000000004
0.2863
0.30369999999999997
0.3812
0.9818
2.2769
0.9114
1.1787
1.8357
1.1377
0.9178999999999999
0.9537
0.8378
1.0125
1.4264999999999999
1.2092
0.9967
0.7759
0.6302
0.46519999999999995
0.3771
0.7635000000000001
0.552
0.38460000000000005
0.3261
0.3115
0.3305
0.348
0.3871
0.3758
0.4017
0.4326
0.5246
0.5366
0.5303
0.5653
0.5406
0.5649
0.6258
0.797
1.01
0.5329
0.3318
0.3236
0.7662
0.0731
0.0988
0.1037
0.1019
0.0946
0.1142
0.221
0.3826
0.2821
1.2993000000000001
0.2776
0.3065
0.30579999999999996
0.39649999999999996
0.362
0.2128
0.14379999999999998
0.2731
0.0445
0.0394
0.0
0.0
0.0
0.0
0.4648
0.4991
0.48519999999999996
0.4729
0.4669
0.44999999999999996
0.5039
0.6737
0.45189999999999997
0.4779
0.6714
1.3786999999999998
0.264
0.22
0.20400000000000001
0.2077
0.21610000000000001
0.2021
0.5982000000000001
0.6806000000000001
1.0897000000000001
1.0969
0.6143000000000001
2.0638
0.0376
0.0398
0.036699999999999997
0.0359
0.031
0.0363
0.0162
0.9708000000000001
0.3077
0.0016
0.025599999999999998
0.06770000000000001
0.076
0.08660000000000001
0.0668
0.0675
0.8568
0.31720000000000004
0.2076
0.1864
0.0832
0.0062
0.0
0.0383
0.4061
0.9772000000000001
0.6209
0.2502
0.24930000000000002
0.25780000000000003
0.2972
0.4799
0.2705
0.14750000000000002
0.1184
0.1056
0.0986
0.0851
0.09440000000000001
0.111
0.125
0.9438
0.5858
0.4084
0.5197
0.6006
0.5601
1.9663
0.1381
0.16920000000000002
0.17570000000000002
0.1684
0.15139999999999998
0.1985
0.4183
0.6969000000000001
1.3114000000000001
0.3505
0.2591
0.29369999999999996
0.2725
0.1975
0.14200000000000002
0.0
0.0
0.0
0.0
0.0
0.0
0.0
0.0
0.0
0.3277
0.3146
0.28759999999999997
0.29000000000000004
0.2863
0.30369999999999997
0.3812
0.9818
2.2769
0.9114
1.1787
1.8357
1.1377
0.9178999999999999
0.9537
0.8378
1.0125
1.4264999999999999
1.2092
0.9967
0.7759
0.6302
0.46519999999999995
0.3771
0.7635000000000001
0.552
0.38460000000000005
0.3261
0.3115
0.3305
0.348
0.3871
0.3758
0.4017
0.4326
0.5246
0.5366
0.5303
0.5653
0.5406
0.5649
0.6258
0.797
1.01
0.5329
0.3318
0.3236
0.7662
0.0731
0.0988
0.1037
0.1019
0.0946
0.1142
0.221
0.3826
0.2821
1.2993000000000001
0.2776
0.3065
0.30579999999999996
0.39649999999999996
0.362
0.2128
0.14379999999999998
0.2731
0.0445
0.0394
0.0
0.0
0.0
0.0
0.4648
0.4991
0.48519999999999996
0.4729
0.4669
0.44999999999999996
0.5039
0.6737
0.45189999999999997
0.4779
0.6714
1.3786999999999998
0.264
0.22
0.20400000000000001
0.2077
0.21610000000000001
0.2021
0.5982000000000001
0.6806000000000001
1.0897000000000001
1.0969
0.6143000000000001
2.0638
0.0376
0.0398
0.036699999999999997
0.0359
0.031
0.0363
0.0162
0.9708000000000001
0.3077
0.0016
0.025599999999999998
0.06770000000000001
0.076
0.08660000000000001
0.0668
0.0675
0.8568
0.31720000000000004
0.2076
0.1864
0.0832
0.0062
0.0
0.0383
0.4061
0.9772000000000001
0.6209
0.2502
0.24930000000000002
0.25780000000000003
0.2972
0.4799
0.2705
0.14750000000000002
0.1184
0.1056
0.0986
0.0851
0.09440000000000001
0.111
0.125
0.9438
0.5858
0.4084
0.5197
0.6006
0.5601
1.9663
0.1381
0.16920000000000002
0.17570000000000002
0.1684
0.15139999999999998
0.1985
0.4183
0.6969000000000001
1.3114000000000001
0.3505
0.2591
0.29369999999999996
0.2725
0.1975
0.14200000000000002
0.0
0.0
0.0
0.0
0.0
0.0
0.0
0.0
0.0
0.3277
0.3146
0.28759999999999997
0.29000000000000004
0.2863
0.30369999999999997
0.3812
0.9818
2.2769
0.9114
1.1787
1.8357
1.1377
0.9178999999999999
0.9537
0.8378
1.0125
1.4264999999999999
1.2092
0.9967
0.7759
0.6302
0.46519999999999995
0.3771
0.7635000000000001
0.552
0.38460000000000005
0.3261
0.3115
0.3305
0.348
0.3871
0.3758
0.4017
0.4326
0.5246
0.5366
0.5303
0.5653
0.5406
0.5649
0.6258
0.797
1.01
0.5329
0.3318
0.3236
0.7662
0.48109999999999997
0.5829
1.9333
0.1666
0.3387
0.3555
0.3701
0.3383
0.3202
0.3161
0.3048
0.3139
0.3046
0.3169
1.5965
0.46630000000000005
0.49310000000000004
0.40380000000000005
0.2966
0.2168
0.1547
0.08579999999999999
0.0665
0.0763
0.2569
0.2562
0.2492
0.2496
0.2474
0.2501
0.2419
0.2115
0.224
0.2153
0.21289999999999998
0.217
0.2224
0.24080000000000001
0.26780000000000004
0.2617
0.2293
0.2339
0.2318
0.24430000000000002
0.2434
0.2439
0.2622
0.2645
0.2993
0.2865
0.27549999999999997
0.2727
0.27159999999999995
0.2874
0.3256
0.45589999999999997
0.6311
0.6908
0.6891
0.7744
0.5896
0.5311
0.511
0.48109999999999997
0.5023
1.3136
0.6312
1.9042
0.7121
0.756
0.7238
0.45780000000000004
0.3209
0.0
0.0562
0.0504
0.0933
0.2848
0.2691
0.1077
0.046
0.652
0.6184999999999999
0.0764
0.0
0.0
2.8059000000000003
0.0
0.0
0.0
0.0
0.0124
0.0227
0.0165
2.2076
4.4619
0.2384
0.21989999999999998
0.2148
0.2223
0.2343
0.3003
0.6507000000000001
0.6335999999999999
0.5521
0.45799999999999996
0.3993
0.3756
0.38780000000000003
0.4144
0.47419999999999995
0.8069999999999999
0.5186999999999999
0.5038
0.5165
0.6049
0.8116
0.7072
1.084
1.4919000000000002
0.488
0.4692
0.453
0.4587
0.4511
0.5078
0.6643
0.7444
0.9913
0.8374
0.8606
1.7145000000000001
1.4254
1.437
1.4176
1.0615999999999999
1.2770000000000001
1.6629
2.8596000000000004
0.9136
0.9388
0.6018
0.4414
0.389
9.3368
8.5766
6.4435
2.9481
2.5827
2.6014
1.4856
0.9827
1.19
0.0385
0.0238
0.0201
0.0558
0.0597
0.0374
0.0491
0.1091
0.13319999999999999
0.28759999999999997
0.3522
0.6108
1.4491
1.6738
4.8957
0.48109999999999997
0.5829
1.9333
0.1666
0.3387
0.3555
0.3701
0.3383
0.3202
0.3161
0.3048
0.3139
0.3046
0.3169
1.5965
0.46630000000000005
0.49310000000000004
0.40380000000000005
0.2966
0.2168
0.1547
0.08579999999999999
0.0665
0.0763
0.2569
0.2562
0.2492
0.2496
0.2474
0.2501
0.2419
0.2115
0.224
0.2153
0.21289999999999998
0.217
0.2224
0.24080000000000001
0.26780000000000004
0.2617
0.2293
0.2339
0.2318
0.24430000000000002
0.2434
0.2439
0.2622
0.2645
0.2993
0.2865
0.27549999999999997
0.2727
0.27159999999999995
0.2874
0.3256
0.45589999999999997
0.6311
0.6908
0.6891
0.7744
0.5896
0.5311
0.511
0.48109999999999997
0.5023
1.3136
0.6312
1.9042
0.7121
0.756
0.7238
0.45780000000000004
0.3209
0.0
0.0562
0.0504
0.0933
0.2848
0.2691
0.1077
0.046
0.652
0.6184999999999999
0.0764
0.0
0.0
2.8059000000000003
0.0
0.0
0.0
0.0
0.0124
0.0227
0.0165
2.2076
4.4619
0.2384
0.21989999999999998
0.2148
0.2223
0.2343
0.3003
0.6507000000000001
0.6335999999999999
0.5521
0.45799999999999996
0.3993
0.3756
0.38780000000000003
0.4144
0.47419999999999995
0.8069999999999999
0.5186999999999999
0.5038
0.5165
0.6049
0.8116
0.7072
1.084
1.4919000000000002
0.488
0.4692
0.453
0.4587
0.4511
0.5078
0.6643
0.7444
0.9913
0.8374
0.8606
1.7145000000000001
1.4254
1.437
1.4176
1.0615999999999999
1.2770000000000001
1.6629
2.8596000000000004
0.9136
0.9388
0.6018
0.4414
0.389
9.3368
8.5766
6.4435
2.9481
2.5827
2.6014
1.4856
0.9827
1.19
0.0385
0.0238
0.0201
0.0558
0.0597
0.0374
0.0491
0.1091
0.13319999999999999
0.28759999999999997
0.3522
0.6108
1.4491
1.6738
4.8957
0.48109999999999997
0.5829
1.9333
0.1666
0.3387
0.3555
0.3701
0.3383
0.3202
0.3161
0.3048
0.3139
0.3046
0.3169
1.5965
0.46630000000000005
0.49310000000000004
0.40380000000000005
0.2966
0.2168
0.1547
0.08579999999999999
0.0665
0.0763
0.2569
0.2562
0.2492
0.2496
0.2474
0.2501
0.2419
0.2115
0.224
0.2153
0.21289999999999998
0.217
0.2224
0.24080000000000001
0.26780000000000004
0.2617
0.2293
0.2339
0.2318
0.24430000000000002
0.2434
0.2439
0.2622
0.2645
0.2993
0.2865
0.27549999999999997
0.2727
0.27159999999999995
0.2874
0.3256
0.45589999999999997
0.6311
0.6908
0.6891
0.7744
0.5896
0.5311
0.511
0.48109999999999997
0.5023
1.3136
0.6312
1.9042
0.7121
0.756
0.7238
0.45780000000000004
0.3209
0.0
0.0562
0.0504
0.0933
0.2848
0.2691
0.1077
0.046
0.652
0.6184999999999999
0.0764
0.0
0.0
2.8059000000000003
0.0
0.0
0.0
0.0
0.0124
0.0227
0.0165
2.2076
4.4619
0.2384
0.21989999999999998
0.2148
0.2223
0.2343
0.3003
0.6507000000000001
0.6335999999999999
0.5521
0.45799999999999996
0.3993
0.3756
0.38780000000000003
0.4144
0.47419999999999995
0.8069999999999999
0.5186999999999999
0.5038
0.5165
0.6049
0.8116
0.7072
1.084
1.4919000000000002
0.488
0.4692
0.453
0.4587
0.4511
0.5078
0.6643
0.7444
0.9913
0.8374
0.8606
1.7145000000000001
1.4254
1.437
1.4176
1.0615999999999999
1.2770000000000001
1.6629
2.8596000000000004
0.9136
0.9388
0.6018
0.4414
0.389
9.3368
8.5766
6.4435
2.9481
2.5827
2.6014
1.4856
0.9827
1.19
0.0385
0.0238
0.0201
0.0558
0.0597
0.0374
0.0491
0.1091
0.13319999999999999
0.28759999999999997
0.3522
0.6108
1.4491
1.6738
4.8957
0.48109999999999997
0.5829
1.9333
0.1666
0.3387
0.3555
0.3701
0.3383
0.3202
0.3161
0.3048
0.3139
0.3046
0.3169
1.5965
0.46630000000000005
0.49310000000000004
0.40380000000000005
0.2966
0.2168
0.1547
0.08579999999999999
0.0665
0.0763
0.2569
0.2562
0.2492
0.2496
0.2474
0.2501
0.2419
0.2115
0.224
0.2153
0.21289999999999998
0.217
0.2224
0.24080000000000001
0.26780000000000004
0.2617
0.2293
0.2339
0.2318
0.24430000000000002
0.2434
0.2439
0.2622
0.2645
0.2993
0.2865
0.27549999999999997
0.2727
0.27159999999999995
0.2874
0.3256
0.45589999999999997
0.6311
0.6908
0.6891
0.7744
0.5896
0.5311
0.511
0.48109999999999997
0.5023
1.3136
0.6312
1.9042
0.7121
0.756
0.7238
0.45780000000000004
0.3209
0.0
0.0562
0.0504
0.0933
0.2848
0.2691
0.1077
0.046
0.652
0.6184999999999999
0.0764
0.0
0.0
2.8059000000000003
0.0
0.0
0.0
0.0
0.0124
0.0227
0.0165
2.2076
4.4619
0.2384
0.21989999999999998
0.2148
0.2223
0.2343
0.3003
0.6507000000000001
0.6335999999999999
0.5521
0.45799999999999996
0.3993
0.3756
0.38780000000000003
0.4144
0.47419999999999995
0.8069999999999999
0.5186999999999999
0.5038
0.5165
0.6049
0.8116
0.7072
1.084
1.4919000000000002
0.488
0.4692
0.453
0.4587
0.4511
0.5078
0.6643
0.7444
0.9913
0.8374
0.8606
1.7145000000000001
1.4254
1.437
1.4176
1.0615999999999999
1.2770000000000001
1.6629
2.8596000000000004
0.9136
0.9388
0.6018
0.4414
0.389
9.3368
8.5766
6.4435
2.9481
2.5827
2.6014
1.4856
0.9827
1.19
0.0385
0.0238
0.0201
0.0558
0.0597
0.0374
0.0491
0.1091
0.13319999999999999
0.28759999999999997
0.3522
0.6108
1.4491
1.6738
4.8957
0.48109999999999997
0.5829
1.9333
0.1666
0.3387
0.3555
0.3701
0.3383
0.3202
0.3161
0.3048
0.3139
0.3046
0.3169
1.5965
0.46630000000000005
0.49310000000000004
0.40380000000000005
0.2966
0.2168
0.1547
0.08579999999999999
0.0665
0.0763
0.2569
0.2562
0.2492
0.2496
0.2474
0.2501
0.2419
0.2115
0.224
0.2153
0.21289999999999998
0.217
0.2224
0.24080000000000001
0.26780000000000004
0.2617
0.2293
0.2339
0.2318
0.24430000000000002
0.2434
0.2439
0.2622
0.2645
0.2993
0.2865
0.27549999999999997
0.2727
0.27159999999999995
0.2874
0.3256
0.45589999999999997
0.6311
0.6908
0.6891
0.7744
0.5896
0.5311
0.511
0.48109999999999997
0.5023
1.3136
0.6312
1.9042
0.7121
0.756
0.7238
0.45780000000000004
0.35819999999999996
0.34409999999999996
0.3407
0.2661
0.2723
0.31620000000000004
0.6769000000000001
1.0383
0.25229999999999997
0.3159
0.3345
0.35609999999999997
0.374
0.3737
0.3725
0.3906
0.4044
0.38849999999999996
0.4081
0.4515
0.9369000000000001
1.0215999999999998
0.3413
1.1446
0.0508
0.06559999999999999
0.06620000000000001
0.06520000000000001
0.06620000000000001
0.1497
0.38839999999999997
0.6974
1.5835
0.0779
0.0953
0.1181
0.1136
0.1328
0.2021
0.256
0.1955
1.0252
0.3502
0.3399
0.2072
0.0857
0.009000000000000001
0.0304
0.30300000000000005
1.5110999999999999
0.459
0.496
0.40149999999999997
0.3809
0.3755
0.3866
0.3557
0.35050000000000003
0.3323
0.3326
0.31579999999999997
0.2911
0.2783
0.2535
0.3268
0.2993
0.30920000000000003
0.4327
0.4344
0.257
0.2015
0.1995
1.1057000000000001
0.923
0.6535
0.6236999999999999
0.6029
0.7834000000000001
1.3016999999999999
0.9468000000000001
0.2064
0.0693
0.0531
0.0414
0.0349
0.032100000000000004
0.0403
0.0456
0.08990000000000001
0.2609
1.2259
0.731
0.8842
0.802
0.5851
1.6961
2.3042
0.24109999999999998
0.2394
0.2698
0.27070000000000005
0.3137
0.3424
0.38839999999999997
0.31120000000000003
0.2973
0.2904
0.31420000000000003
1.3408
0.3478
0.1845
0.2091
0.17109999999999997
0.1654
0.1639
0.1592
0.1061
0.2117
0.637
2.3738
0.20600000000000002
0.1875
0.16999999999999998
0.1609
0.1537
0.1325
0.12279999999999999
0.12290000000000001
0.1282
0.1432
0.16599999999999998
0.23970000000000002
0.2902
0.3087
0.4537
0.3055
0.23420000000000002
0.2358
0.2702
0.5994999999999999
0.647
0.3366
0.4323
0.3327
0.4535
0.3971
0.3859
0.36560000000000004
0.3447
0.3538
0.3054
0.2528
0.20379999999999998
0.17959999999999998
0.1603
0.1472
0.1441
0.1373
0.4316
0.6496999999999999
0.4561
0.2686
0.1934
0.2643
0.8482000000000001
1.0277
1.1535
1.0239
0.35819999999999996
0.34409999999999996
0.3407
0.2661
0.2723
0.31620000000000004
0.6769000000000001
1.0383
0.25229999999999997
0.3159
0.3345
0.35609999999999997
0.374
0.3737
0.3725
0.3906
0.4044
0.38849999999999996
0.4081
0.4515
0.9369000000000001
1.0215999999999998
0.3413
1.1446
0.0508
0.06559999999999999
0.06620000000000001
0.06520000000000001
0.06620000000000001
0.1497
0.38839999999999997
0.6974
1.5835
0.0779
0.0953
0.1181
0.1136
0.1328
0.2021
0.256
0.1955
1.0252
0.3502
0.3399
0.2072
0.0857
0.009000000000000001
0.0304
0.30300000000000005
1.5110999999999999
0.459
0.496
0.40149999999999997
0.3809
0.3755
0.3866
0.3557
0.35050000000000003
0.3323
0.3326
0.31579999999999997
0.2911
0.2783
0.2535
0.3268
0.2993
0.30920000000000003
0.4327
0.4344
0.257
0.2015
0.1995
1.1057000000000001
0.923
0.6535
0.6236999999999999
0.6029
0.7834000000000001
1.3016999999999999
0.9468000000000001
0.2064
0.0693
0.0531
0.0414
0.0349
0.032100000000000004
0.0403
0.0456
0.08990000000000001
0.2609
1.2259
0.731
0.8842
0.802
0.5851
1.6961
2.3042
0.24109999999999998
0.2394
0.2698
0.27070000000000005
0.3137
0.3424
0.38839999999999997
0.31120000000000003
0.2973
0.2904
0.31420000000000003
1.3408
0.3478
0.1845
0.2091
0.17109999999999997
0.1654
0.1639
0.1592
0.1061
0.2117
0.637
2.3738
0.20600000000000002
0.1875
0.16999999999999998
0.1609
0.1537
0.1325
0.12279999999999999
0.12290000000000001
0.1282
0.1432
0.16599999999999998
0.23970000000000002
0.2902
0.3087
0.4537
0.3055
0.23420000000000002
0.2358
0.2702
0.5994999999999999
0.647
0.3366
0.4323
0.3327
0.4535
0.3971
0.3859
0.36560000000000004
0.3447
0.3538
0.3054
0.2528
0.20379999999999998
0.17959999999999998
0.1603
0.1472
0.1441
0.1373
0.4316
0.6496999999999999
0.4561
0.2686
0.1934
0.2643
0.8482000000000001
1.0277
1.1535
1.0239
0.35819999999999996
0.34409999999999996
0.3407
0.2661
0.2723
0.31620000000000004
0.6769000000000001
1.0383
0.25229999999999997
0.3159
0.3345
0.35609999999999997
0.374
0.3737
0.3725
0.3906
0.4044
0.38849999999999996
0.4081
0.4515
0.9369000000000001
1.0215999999999998
0.3413
1.1446
0.0508
0.06559999999999999
0.06620000000000001
0.06520000000000001
0.06620000000000001
0.1497
0.38839999999999997
0.6974
1.5835
0.0779
0.0953
0.1181
0.1136
0.1328
0.2021
0.256
0.1955
1.0252
0.3502
0.3399
0.2072
0.0857
0.009000000000000001
0.0304
0.30300000000000005
1.5110999999999999
0.459
0.496
0.40149999999999997
0.3809
0.3755
0.3866
0.3557
0.35050000000000003
0.3323
0.3326
0.31579999999999997
0.2911
0.2783
0.2535
0.3268
0.2993
0.30920000000000003
0.4327
0.4344
0.257
0.2015
0.1995
1.1057000000000001
0.923
0.6535
0.6236999999999999
0.6029
0.7834000000000001
1.3016999999999999
0.9468000000000001
0.2064
0.0693
0.0531
0.0414
0.0349
0.032100000000000004
0.0403
0.0456
0.08990000000000001
0.2609
1.2259
0.731
0.8842
0.802
0.5851
1.6961
2.3042
0.24109999999999998
0.2394
0.2698
0.27070000000000005
0.3137
0.3424
0.38839999999999997
0.31120000000000003
0.2973
0.2904
0.31420000000000003
1.3408
0.3478
0.1845
0.2091
0.17109999999999997
0.1654
0.1639
0.1592
0.1061
0.2117
0.637
2.3738
0.20600000000000002
0.1875
0.16999999999999998
0.1609
0.1537
0.1325
0.12279999999999999
0.12290000000000001
0.1282
0.1432
0.16599999999999998
0.23970000000000002
0.2902
0.3087
0.4537
0.3055
0.23420000000000002
0.2358
0.2702
0.5994999999999999
0.647
0.3366
0.4323
0.3327
0.4535
0.3971
0.3859
0.36560000000000004
0.3447
0.3538
0.3054
0.2528
0.20379999999999998
0.17959999999999998
0.1603
0.1472
0.1441
0.1373
0.4316
0.6496999999999999
0.4561
0.2686
0.1934
0.2643
0.8482000000000001
1.0277
1.1535
1.0239
0.35819999999999996
0.34409999999999996
0.3407
0.2661
0.2723
0.31620000000000004
0.6769000000000001
1.0383
0.25229999999999997
0.3159
0.3345
0.35609999999999997
0.374
0.3737
0.3725
0.3906
0.4044
0.38849999999999996
0.4081
0.4515
0.9369000000000001
1.0215999999999998
0.3413
1.1446
0.0508
0.06559999999999999
0.06620000000000001
0.06520000000000001
0.06620000000000001
0.1497
0.38839999999999997
0.6974
1.5835
0.0779
0.0953
0.1181
0.1136
0.1328
0.2021
0.256
0.1955
1.0252
0.3502
0.3399
0.2072
0.0857
0.009000000000000001
0.0304
0.30300000000000005
1.5110999999999999
0.459
0.496
0.40149999999999997
0.3809
0.3755
0.3866
0.3557
0.35050000000000003
0.3323
0.3326
0.31579999999999997
0.2911
0.2783
0.2535
0.3268
0.2993
0.30920000000000003
0.4327
0.4344
0.257
0.2015
0.1995
1.1057000000000001
0.923
0.6535
0.6236999999999999
0.6029
0.7834000000000001
1.3016999999999999
0.9468000000000001
0.2064
0.0693
0.0531
0.0414
0.0349
0.032100000000000004
0.0403
0.0456
0.08990000000000001
0.2609
1.2259
0.731
0.8842
0.802
0.5851
1.6961
2.3042
0.24109999999999998
0.2394
0.2698
0.27070000000000005
0.3137
0.3424
0.38839999999999997
0.31120000000000003
0.2973
0.2904
0.31420000000000003
1.3408
0.3478
0.1845
0.2091
0.17109999999999997
0.1654
0.1639
0.1592
0.1061
0.2117
0.637
2.3738
0.20600000000000002
0.1875
0.16999999999999998
0.1609
0.1537
0.1325
0.12279999999999999
0.12290000000000001
0.1282
0.1432
0.16599999999999998
0.23970000000000002
0.2902
0.3087
0.4537
0.3055
0.23420000000000002
0.2358
0.2702
0.5994999999999999
0.647
0.3366
0.4323
0.3327
0.4535
0.3971
0.3859
0.36560000000000004
0.3447
0.3538
0.3054
0.2528
0.20379999999999998
0.17959999999999998
0.1603
0.1472
0.1441
0.1373
0.4316
0.6496999999999999
0.4561
0.2686
0.1934
0.2643
0.8482000000000001
1.0277
1.1535
1.0239
0.35819999999999996
0.34409999999999996
0.3407
0.2661
0.2723
0.31620000000000004
0.6769000000000001
1.0383
0.25229999999999997
0.3159
0.3345
0.35609999999999997
0.374
0.3737
0.3725
0.3906
0.4044
0.38849999999999996
0.4081
0.4515
0.9369000000000001
1.0215999999999998
0.3413
1.1446
0.0508
0.06559999999999999
0.06620000000000001
0.06520000000000001
0.06620000000000001
0.1497
0.38839999999999997
0.6974
1.5835
0.0779
0.0953
0.1181
0.1136
0.1328
0.2021
0.256
0.1955
1.0252
0.3502
0.3399
0.2072
0.0857
0.009000000000000001
0.0304
0.30300000000000005
1.5110999999999999
0.459
0.496
0.40149999999999997
0.3809
0.3755
0.3866
0.3557
0.35050000000000003
0.3323
0.3326
0.31579999999999997
0.2911
0.2783
0.2535
0.3268
0.2993
0.30920000000000003
0.4327
0.4344
0.257
0.2015
0.1995
4.1136
3.2279
0.21009999999999998
0.124
0.12140000000000001
0.0988
0.1092
0.10919999999999999
0.1157
0.12739999999999999
0.13379999999999997
0.2712
0.35209999999999997
0.1291
0.1298
0.5277
1.11
0.10719999999999999
0.0862
0.0487
0.043
0.0718
0.106
0.9733
2.7268
0.14989999999999998
0.14950000000000002
0.1456
0.1602
0.19519999999999998
0.2228
0.2733
0.30410000000000004
0.2907
0.278
0.2913
0.2717
1.069
0.5848
0.3739
0.4202
1.2999
0.6448
0.48109999999999997
0.4882
0.46599999999999997
0.374
0.4407
2.0303
1.6656
0.4621
0.3724
0.4328
0.8892
0.25539999999999996
0.185
0.1679
0.1684
0.1568
0.1523
0.1606
0.1624
0.1636
0.1878
0.1751
0.8988
0.267
0.14350000000000002
0.13069999999999998
0.1869
0.3125
0.3633
0.3617
0.30979999999999996
0.2559
0.2408
0.2183
0.2067
0.1707
0.1627
0.1794
0.217
0.2476
0.1999
0.2361
0.1994
0.5669
0.5887
0.1802
0.1915
0.37029999999999996
0.8223
0.5838
0.5954
0.506
0.43810000000000004
1.2313999999999998
0.4778
0.1775
0.1839
0.19519999999999998
0.2238
0.2562
0.2968
0.3205
0.35050000000000003
0.3708
0.3889
0.3583
0.3186
0.3084
0.2796
0.2976
0.2871
1.3971
0.7877
0.7184999999999999
0.4505
0.2471
3.4427999999999996
0.4419
0.4306
0.3997
0.39049999999999996
0.3758
0.3895
0.4163
1.5194999999999999
2.0934
0.4466
0.5235000000000001
0.7566999999999999
1.0457
0.8003
0.6093999999999999
0.5917
0.5847
0.6337
1.779
0.8211999999999999
0.7750999999999999
0.6762
0.5224
0.45430000000000004
0.9186
1.7344
2.2113
0.0404
0.07139999999999999
0.12730000000000002
0.0915
0.045500000000000006
0.0295
0.0557
0.0594
0.0665
0.0618
0.0732
0.0713
0.0461
0.0158
0.0
0.0
0.6713
0.07880000000000001
0.019700000000000002
0.0
0.0
4.1136
3.2279
0.21009999999999998
0.124
0.12140000000000001
0.0988
0.1092
0.10919999999999999
0.1157
0.12739999999999999
0.13379999999999997
0.2712
0.35209999999999997
0.1291
0.1298
0.5277
1.11
0.10719999999999999
0.0862
0.0487
0.043
0.0718
0.106
0.9733
2.7268
0.14989999999999998
0.14950000000000002
0.1456
0.1602
0.19519999999999998
0.2228
0.2733
0.30410000000000004
0.2907
0.278
0.2913
0.2717
1.069
0.5848
0.3739
0.4202
1.2999
0.6448
0.48109999999999997
0.4882
0.46599999999999997
0.374
0.4407
2.0303
1.6656
0.4621
0.3724
0.4328
0.8892
0.25539999999999996
0.185
0.1679
0.1684
0.1568
0.1523
0.1606
0.1624
0.1636
0.1878
0.1751
0.8988
0.267
0.14350000000000002
0.13069999999999998
0.1869
0.3125
0.3633
0.3617
0.30979999999999996
0.2559
0.2408
0.2183
0.2067
0.1707
0.1627
0.1794
0.217
0.2476
0.1999
0.2361
0.1994
0.5669
0.5887
0.1802
0.1915
0.37029999999999996
0.8223
0.5838
0.5954
0.506
0.43810000000000004
1.2313999999999998
0.4778
0.1775
0.1839
0.19519999999999998
0.2238
0.2562
0.2968
0.3205
0.35050000000000003
0.3708
0.3889
0.3583
0.3186
0.3084
0.2796
0.2976
0.2871
1.3971
0.7877
0.7184999999999999
0.4505
0.2471
3.4427999999999996
0.4419
0.4306
0.3997
0.39049999999999996
0.3758
0.3895
0.4163
1.5194999999999999
2.0934
0.4466
0.5235000000000001
0.7566999999999999
1.0457
0.8003
0.6093999999999999
0.5917
0.5847
0.6337
1.779
0.8211999999999999
0.7750999999999999
0.6762
0.5224
0.45430000000000004
0.9186
1.7344
2.2113
0.0404
0.07139999999999999
0.12730000000000002
0.0915
0.045500000000000006
0.0295
0.0557
0.0594
0.0665
0.0618
0.0732
0.0713
0.0461
0.0158
0.0
0.0
0.6713
0.07880000000000001
0.019700000000000002
0.0
0.0
4.1136
3.2279
0.21009999999999998
0.124
0.12140000000000001
0.0988
0.1092
0.10919999999999999
0.1157
0.12739999999999999
0.13379999999999997
0.2712
0.35209999999999997
0.1291
0.1298
0.5277
1.11
0.10719999999999999
0.0862
0.0487
0.043
0.0718
0.106
0.9733
2.7268
0.14989999999999998
0.14950000000000002
0.1456
0.1602
0.19519999999999998
0.2228
0.2733
0.30410000000000004
0.2907
0.278
0.2913
0.2717
1.069
0.5848
0.3739
0.4202
1.2999
0.6448
0.48109999999999997
0.4882
0.46599999999999997
0.374
0.4407
2.0303
1.6656
0.4621
0.3724
0.4328
0.8892
0.25539999999999996
0.185
0.1679
0.1684
0.1568
0.1523
0.1606
0.1624
0.1636
0.1878
0.1751
0.8988
0.267
0.14350000000000002
0.13069999999999998
0.1869
0.3125
0.3633
0.3617
0.30979999999999996
0.2559
0.2408
0.2183
0.2067
0.1707
0.1627
0.1794
0.217
0.2476
0.1999
0.2361
0.1994
0.5669
0.5887
0.1802
0.1915
0.37029999999999996
0.8223
0.5838
0.5954
0.506
0.43810000000000004
1.2313999999999998
0.4778
0.1775
0.1839
0.19519999999999998
0.2238
0.2562
0.2968
0.3205
0.35050000000000003
0.3708
0.3889
0.3583
0.3186
0.3084
0.2796
0.2976
0.2871
1.3971
0.7877
0.7184999999999999
0.4505
0.2471
3.4427999999999996
0.4419
0.4306
0.3997
0.39049999999999996
0.3758
0.3895
0.4163
1.5194999999999999
2.0934
0.4466
0.5235000000000001
0.7566999999999999
1.0457
0.8003
0.6093999999999999
0.5917
0.5847
0.6337
1.779
0.8211999999999999
0.7750999999999999
0.6762
0.5224
0.45430000000000004
0.9186
1.7344
2.2113
0.0404
0.07139999999999999
0.12730000000000002
0.0915
0.045500000000000006
0.0295
0.0557
0.0594
0.0665
0.0618
0.0732
0.0713
0.0461
0.0158
0.0
0.0
0.6713
0.07880000000000001
0.019700000000000002
0.0
0.0
4.1136
3.2279
0.21009999999999998
0.124
0.12140000000000001
0.0988
0.1092
0.10919999999999999
0.1157
0.12739999999999999
0.13379999999999997
0.2712
0.35209999999999997
0.1291
0.1298
0.5277
1.11
0.10719999999999999
0.0862
0.0487
0.043
0.0718
0.106
0.9733
2.7268
0.14989999999999998
0.14950000000000002
0.1456
0.1602
0.19519999999999998
0.2228
0.2733
0.30410000000000004
0.2907
0.278
0.2913
0.2717
1.069
0.5848
0.3739
0.4202
1.2999
0.6448
0.48109999999999997
0.4882
0.46599999999999997
0.374
0.4407
2.0303
1.6656
0.4621
0.3724
0.4328
0.8892
0.25539999999999996
0.185
0.1679
0.1684
0.1568
0.1523
0.1606
0.1624
0.1636
0.1878
0.1751
0.8988
0.267
0.14350000000000002
0.13069999999999998
0.1869
0.3125
0.3633
0.3617
0.30979999999999996
0.2559
0.2408
0.2183
0.2067
0.1707
0.1627
0.1794
0.217
0.2476
0.1999
0.2361
0.1994
0.5669
0.5887
0.1802
0.1915
0.37029999999999996
0.8223
0.5838
0.5954
0.506
0.43810000000000004
1.2313999999999998
0.4778
0.1775
0.1839
0.19519999999999998
0.2238
0.2562
0.2968
0.3205
0.35050000000000003
0.3708
0.3889
0.3583
0.3186
0.3084
0.2796
0.2976
0.2871
1.3971
0.7877
0.7184999999999999
0.4505
0.2471
3.4427999999999996
0.4419
0.4306
0.3997
0.39049999999999996
0.3758
0.3895
0.4163
1.5194999999999999
2.0934
0.4466
0.5235000000000001
0.7566999999999999
1.0457
0.8003
0.6093999999999999
0.5917
0.5847
0.6337
1.779
0.8211999999999999
0.7750999999999999
0.6762
0.5224
0.45430000000000004
0.9186
1.7344
2.2113
0.0404
0.07139999999999999
0.12730000000000002
0.0915
0.045500000000000006
0.0295
0.0557
0.0594
0.0665
0.0618
0.0732
0.0713
0.0461
0.0158
0.0
0.0
0.6713
0.07880000000000001
0.019700000000000002
0.0
0.0
4.1136
3.2279
0.21009999999999998
0.124
0.12140000000000001
0.0988
0.1092
0.10919999999999999
0.1157
0.12739999999999999
0.13379999999999997
0.2712
0.35209999999999997
0.1291
0.1298
0.5277
1.11
0.10719999999999999
0.0862
0.0487
0.043
0.0718
0.106
0.9733
2.7268
0.14989999999999998
0.14950000000000002
0.1456
0.1602
0.19519999999999998
0.2228
0.2733
0.30410000000000004
0.2907
0.278
0.2913
0.2717
1.069
0.5848
0.3739
0.4202
1.2999
0.6448
0.48109999999999997
0.4882
0.46599999999999997
0.374
0.4407
4.1043
3.9210000000000003
3.8895
3.6485000000000003
1.5718
1.4809
1.7177
1.806
1.7313999999999998
1.6488
1.6013
1.6101999999999999
1.5442
1.454
1.3420999999999998
1.4158
2.4417999999999997
2.3433
1.8763
2.147
3.3014
3.6151999999999997
2.3993
3.3567
0.34909999999999997
0.2579
0.2092
0.18819999999999998
0.1807
0.1731
0.1553
0.13979999999999998
0.1479
0.1625
0.1815
0.2475
0.412
0.7611
0.8941000000000001
0.3395
0.3362
0.9196
0.6274
0.5763
0.47
0.3851
0.3137
0.5984
0.5789
0.4568
0.3903
0.35609999999999997
0.3478
0.3606
0.371
0.377
0.39
0.3649
0.3704
0.3943
0.4468
1.3351000000000002
1.3956
0.9392
1.0053
1.0478
1.037
0.8428
0.7859
0.7533
0.6800999999999999
1.0142
0.3322
0.32489999999999997
0.3266
0.3275
0.3375
0.4117
0.7161
1.3154
1.0838
1.924
0.5469
0.4268
0.48919999999999997
0.5285
0.601
0.9003
0.9503
1.5766
2.4364
1.0561
0.5518
0.5135
0.45099999999999996
0.3805
0.9323
0.0224
0.2654
0.2153
0.2061
0.2515
0.2821
0.1807
0.1516
0.11850000000000001
0.1136
0.0532
0.21919999999999998
0.12090000000000001
0.11710000000000001
0.46330000000000005
0.367
0.5952999999999999
1.3688
0.5782
0.48550000000000004
0.5219
0.4953
0.4184
0.3282
0.3214
0.315
0.311
0.3173
0.35109999999999997
0.45299999999999996
0.6229
0.7358
0.7342
0.6706000000000001
0.6481
1.0492
1.405
0.6305000000000001
0.6333
0.7585
0.9459
1.0413999999999999
2.1658
1.4082
0.9521999999999999
0.478
0.3715
0.2509
0.2308
0.2151
0.2028
0.19979999999999998
0.2153
0.20829999999999999
0.3529
0.5787
0.3436
0.3347
0.3373
0.4175
1.5687000000000002
0.3281
0.4036
0.6952
0.4698
0.5361
0.4116
0.5716
0.3523
0.2942
0.24659999999999999
4.1043
3.9210000000000003
3.8895
3.6485000000000003
1.5718
1.4809
1.7177
1.806
1.7313999999999998
1.6488
1.6013
1.6101999999999999
1.5442
1.454
1.3420999999999998
1.4158
2.4417999999999997
2.3433
1.8763
2.147
3.3014
3.6151999999999997
2.3993
3.3567
0.34909999999999997
0.2579
0.2092
0.18819999999999998
0.1807
0.1731
0.1553
0.13979999999999998
0.1479
0.1625
0.1815
0.2475
0.412
0.7611
0.8941000000000001
0.3395
0.3362
0.9196
0.6274
0.5763
0.47
0.3851
0.3137
0.5984
0.5789
0.4568
0.3903
0.35609999999999997
0.3478
0.3606
0.371
0.377
0.39
0.3649
0.3704
0.3943
0.4468
1.3351000000000002
1.3956
0.9392
1.0053
1.0478
1.037
0.8428
0.7859
0.7533
0.6800999999999999
1.0142
0.3322
0.32489999999999997
0.3266
0.3275
0.3375
0.4117
0.7161
1.3154
1.0838
1.924
0.5469
0.4268
0.48919999999999997
0.5285
0.601
0.9003
0.9503
1.5766
2.4364
1.0561
0.5518
0.5135
0.45099999999999996
0.3805
0.9323
0.0224
0.2654
0.2153
0.2061
0.2515
0.2821
0.1807
0.1516
0.11850000000000001
0.1136
0.0532
0.21919999999999998
0.12090000000000001
0.11710000000000001
0.46330000000000005
0.367
0.5952999999999999
1.3688
0.5782
0.48550000000000004
0.5219
0.4953
0.4184
0.3282
0.3214
0.315
0.311
0.3173
0.35109999999999997
0.45299999999999996
0.6229
0.7358
0.7342
0.6706000000000001
0.6481
1.0492
1.405
0.6305000000000001
0.6333
0.7585
0.9459
1.0413999999999999
2.1658
1.4082
0.9521999999999999
0.478
0.3715
0.2509
0.2308
0.2151
0.2028
0.19979999999999998
0.2153
0.20829999999999999
0.3529
0.5787
0.3436
0.3347
0.3373
0.4175
1.5687000000000002
0.3281
0.4036
0.6952
0.4698
0.5361
0.4116
0.5716
0.3523
0.2942
0.24659999999999999
4.1043
3.9210000000000003
3.8895
3.6485000000000003
1.5718
1.4809
1.7177
1.806
1.7313999999999998
1.6488
1.6013
1.6101999999999999
1.5442
1.454
1.3420999999999998
1.4158
2.4417999999999997
2.3433
1.8763
2.147
3.3014
3.6151999999999997
2.3993
3.3567
0.34909999999999997
0.2579
0.2092
0.18819999999999998
0.1807
0.1731
0.1553
0.13979999999999998
0.1479
0.1625
0.1815
0.2475
0.412
0.7611
0.8941000000000001
0.3395
0.3362
0.9196
0.6274
0.5763
0.47
0.3851
0.3137
0.5984
0.5789
0.4568
0.3903
0.35609999999999997
0.3478
0.3606
0.371
0.377
0.39
0.3649
0.3704
0.3943
0.4468
1.3351000000000002
1.3956
0.9392
1.0053
1.0478
1.037
0.8428
0.7859
0.7533
0.6800999999999999
1.0142
0.3322
0.32489999999999997
0.3266
0.3275
0.3375
0.4117
0.7161
1.3154
1.0838
1.924
0.5469
0.4268
0.48919999999999997
0.5285
0.601
0.9003
0.9503
1.5766
2.4364
1.0561
0.5518
0.5135
0.45099999999999996
0.3805
0.9323
0.0224
0.2654
0.2153
0.2061
0.2515
0.2821
0.1807
0.1516
0.11850000000000001
0.1136
0.0532
0.21919999999999998
0.12090000000000001
0.11710000000000001
0.46330000000000005
0.367
0.5952999999999999
1.3688
0.5782
0.48550000000000004
0.5219
0.4953
0.4184
0.3282
0.3214
0.315
0.311
0.3173
0.35109999999999997
0.45299999999999996
0.6229
0.7358
0.7342
0.6706000000000001
0.6481
1.0492
1.405
0.6305000000000001
0.6333
0.7585
0.9459
1.0413999999999999
2.1658
1.4082
0.9521999999999999
0.478
0.3715
0.2509
0.2308
0.2151
0.2028
0.19979999999999998
0.2153
0.20829999999999999
0.3529
0.5787
0.3436
0.3347
0.3373
0.4175
1.5687000000000002
0.3281
0.4036
0.6952
0.4698
0.5361
0.4116
0.5716
0.3523
0.2942
0.24659999999999999
4.1043
3.9210000000000003
3.8895
3.6485000000000003
1.5718
1.4809
1.7177
1.806
1.7313999999999998
1.6488
1.6013
1.6101999999999999
1.5442
1.454
1.3420999999999998
1.4158
2.4417999999999997
2.3433
1.8763
2.147
3.3014
3.6151999999999997
2.3993
3.3567
0.34909999999999997
0.2579
0.2092
0.18819999999999998
0.1807
0.1731
0.1553
0.13979999999999998
0.1479
0.1625
0.1815
0.2475
0.412
0.7611
0.8941000000000001
0.3395
0.3362
0.9196
0.6274
0.5763
0.47
0.3851
0.3137
0.5984
0.5789
0.4568
0.3903
0.35609999999999997
0.3478
0.3606
0.371
0.377
0.39
0.3649
0.3704
0.3943
0.4468
1.3351000000000002
1.3956
0.9392
1.0053
1.0478
1.037
0.8428
0.7859
0.7533
0.6800999999999999
1.0142
0.3322
0.32489999999999997
0.3266
0.3275
0.3375
0.4117
0.7161
1.3154
1.0838
1.924
0.5469
0.4268
0.48919999999999997
0.5285
0.601
0.9003
0.9503
1.5766
2.4364
1.0561
0.5518
0.5135
0.45099999999999996
0.3805
0.9323
0.0224
0.2654
0.2153
0.2061
0.2515
0.2821
0.1807
0.1516
0.11850000000000001
0.1136
0.0532
0.21919999999999998
0.12090000000000001
0.11710000000000001
0.46330000000000005
0.367
0.5952999999999999
1.3688
0.5782
0.48550000000000004
0.5219
0.4953
0.4184
0.3282
0.3214
0.315
0.311
0.3173
0.35109999999999997
0.45299999999999996
0.6229
0.7358
0.7342
0.6706000000000001
0.6481
1.0492
1.405
0.6305000000000001
0.6333
0.7585
0.9459
1.0413999999999999
2.1658
1.4082
0.9521999999999999
0.478
0.3715
0.2509
0.2308
0.2151
0.2028
0.19979999999999998
0.2153
0.20829999999999999
0.3529
0.5787
0.3436
0.3347
0.3373
0.4175
1.5687000000000002
0.3281
0.4036
0.6952
0.4698
0.5361
0.4116
0.5716
0.3523
0.2942
0.24659999999999999
4.1043
3.9210000000000003
3.8895
3.6485000000000003
1.5718
1.4809
1.7177
1.806
1.7313999999999998
1.6488
1.6013
1.6101999999999999
1.5442
1.454
1.3420999999999998
1.4158
2.4417999999999997
2.3433
1.8763
2.147
3.3014
3.6151999999999997
2.3993
3.3567
0.34909999999999997
0.2579
0.2092
0.18819999999999998
0.1807
0.1731
0.1553
0.13979999999999998
0.1479
0.1625
0.1815
0.2475
0.412
0.7611
0.8941000000000001
0.3395
0.3362
0.9196
0.6274
0.5763
0.47
0.3851
0.3137
0.5984
0.5789
0.4568
0.3903
0.35609999999999997
0.3478
0.3606
0.371
0.377
0.39
0.3649
0.3704
0.3943
0.4468
1.3351000000000002
1.3956
0.9392
1.0053
1.0478
1.037
0.8428
0.7859
0.7533
0.6800999999999999
1.0142
0.1382
0.1273
0.12890000000000001
0.1206
0.09409999999999999
0.1862
0.6296999999999999
0.7589
0.0181
0.010100000000000001
0.0595
0.0627
0.1042
0.1495
0.2595
0.381
0.2449
0.3439
1.4665
0.8402000000000001
0.5839
0.0499
0.17220000000000002
0.10619999999999999
0.5956
0.6119
0.6845
0.7965
0.594
0.2502
0.2768
0.6575
0.5922000000000001
0.432
0.2958
0.2635
0.2601
0.24180000000000001
0.2547
0.26539999999999997
0.2671
0.5105
0.7899
0.6411
0.7273000000000001
0.538
0.3235
0.39
0.1764
0.1623
0.1597
0.1483
0.1557
0.17070000000000002
0.2056
0.3197
0.4235
0.4504
0.4406
0.4776
0.8106
2.0507
0.9677
0.5516000000000001
0.5203
1.1914
0.7297
1.3189
1.0636
0.5856
0.4168
0.2655
0.3068
0.31020000000000003
0.2929
0.2967
0.2952
0.31779999999999997
0.4941
1.2458
2.125
1.0647
0.8993
0.8043
0.8110999999999999
0.8858
2.3789
1.7346
1.0619999999999998
1.1637
2.9154
1.6688999999999998
0.9642999999999999
0.7472
0.47850000000000004
0.3317
0.6667000000000001
0.6422
0.6434
0.6235999999999999
0.6564
2.1010999999999997
0.8559
1.0795
1.0057
0.9468
0.8783
0.8204
0.827
0.7828999999999999
0.7764
0.7896000000000001
0.8098000000000001
0.9504
1.0952000000000002
0.966
0.8849
0.8486
0.8031999999999999
0.7419
2.6898
1.5979999999999999
0.8018000000000001
0.5313
0.4012
0.32720000000000005
0.2582
0.24630000000000002
0.2502
0.27590000000000003
0.3085
0.3986
0.3608
0.308
0.3153
0.3086
0.3509
1.5631
0.3725
0.3529
0.3925
0.45740000000000003
0.6299
0.6255
0.6376999999999999
0.6197999999999999
0.605
0.5889
0.5662
0.5763
0.6759
1.4620000000000002
0.9332
0.6849
0.5647
0.5253
0.4985
0.49319999999999997
0.5002
0.5758
1.4165
1.6368
1.3876
0.962
0.9113
0.764
0.6295999999999999
0.6169
0.1382
0.1273
0.12890000000000001
0.1206
0.09409999999999999
0.1862
0.6296999999999999
0.7589
0.0181
0.010100000000000001
0.0595
0.0627
0.1042
0.1495
0.2595
0.381
0.2449
0.3439
1.4665
0.8402000000000001
0.5839
0.0499
0.17220000000000002
0.10619999999999999
0.5956
0.6119
0.6845
0.7965
0.594
0.2502
0.2768
0.6575
0.5922000000000001
0.432
0.2958
0.2635
0.2601
0.24180000000000001
0.2547
0.26539999999999997
0.2671
0.5105
0.7899
0.6411
0.7273000000000001
0.538
0.3235
0.39
0.1764
0.1623
0.1597
0.1483
0.1557
0.17070000000000002
0.2056
0.3197
0.4235
0.4504
0.4406
0.4776
0.8106
2.0507
0.9677
0.5516000000000001
0.5203
1.1914
0.7297
1.3189
1.0636
0.5856
0.4168
0.2655
0.3068
0.31020000000000003
0.2929
0.2967
0.2952
0.31779999999999997
0.4941
1.2458
2.125
1.0647
0.8993
0.8043
0.8110999999999999
0.8858
2.3789
1.7346
1.0619999999999998
1.1637
2.9154
1.6688999999999998
0.9642999999999999
0.7472
0.47850000000000004
0.3317
0.6667000000000001
0.6422
0.6434
0.6235999999999999
0.6564
2.1010999999999997
0.8559
1.0795
1.0057
0.9468
0.8783
0.8204
0.827
0.7828999999999999
0.7764
0.7896000000000001
0.8098000000000001
0.9504
1.0952000000000002
0.966
0.8849
0.8486
0.8031999999999999
0.7419
2.6898
1.5979999999999999
0.8018000000000001
0.5313
0.4012
0.32720000000000005
0.2582
0.24630000000000002
0.2502
0.27590000000000003
0.3085
0.3986
0.3608
0.308
0.3153
0.3086
0.3509
1.5631
0.3725
0.3529
0.3925
0.45740000000000003
0.6299
0.6255
0.6376999999999999
0.6197999999999999
0.605
0.5889
0.5662
0.5763
0.6759
1.4620000000000002
0.9332
0.6849
0.5647
0.5253
0.4985
0.49319999999999997
0.5002
0.5758
1.4165
1.6368
1.3876
0.962
0.9113
0.764
0.6295999999999999
0.6169
0.1382
0.1273
0.12890000000000001
0.1206
0.09409999999999999
0.1862
0.6296999999999999
0.7589
0.0181
0.010100000000000001
0.0595
0.0627
0.1042
0.1495
0.2595
0.381
0.2449
0.3439
1.4665
0.8402000000000001
0.5839
0.0499
0.17220000000000002
0.10619999999999999
0.5956
0.6119
0.6845
0.7965
0.594
0.2502
0.2768
0.6575
0.5922000000000001
0.432
0.2958
0.2635
0.2601
0.24180000000000001
0.2547
0.26539999999999997
0.2671
0.5105
0.7899
0.6411
0.7273000000000001
0.538
0.3235
0.39
0.1764
0.1623
0.1597
0.1483
0.1557
0.17070000000000002
0.2056
0.3197
0.4235
0.4504
0.4406
0.4776
0.8106
2.0507
0.9677
0.5516000000000001
0.5203
1.1914
0.7297
1.3189
1.0636
0.5856
0.4168
0.2655
0.3068
0.31020000000000003
0.2929
0.2967
0.2952
0.31779999999999997
0.4941
1.2458
2.125
1.0647
0.8993
0.8043
0.8110999999999999
0.8858
2.3789
1.7346
1.0619999999999998
1.1637
2.9154
1.6688999999999998
0.9642999999999999
0.7472
0.47850000000000004
0.3317
0.6667000000000001
0.6422
0.6434
0.6235999999999999
0.6564
2.1010999999999997
0.8559
1.0795
1.0057
0.9468
0.8783
0.8204
0.827
0.7828999999999999
0.7764
0.7896000000000001
0.8098000000000001
0.9504
1.0952000000000002
0.966
0.8849
0.8486
0.8031999999999999
0.7419
2.6898
1.5979999999999999
0.8018000000000001
0.5313
0.4012
0.32720000000000005
0.2582
0.24630000000000002
0.2502
0.27590000000000003
0.3085
0.3986
0.3608
0.308
0.3153
0.3086
0.3509
1.5631
0.3725
0.3529
0.3925
0.45740000000000003
0.6299
0.6255
0.6376999999999999
0.6197999999999999
0.605
0.5889
0.5662
0.5763
0.6759
1.4620000000000002
0.9332
0.6849
0.5647
0.5253
0.4985
0.49319999999999997
0.5002
0.5758
1.4165
1.6368
1.3876
0.962
0.9113
0.764
0.6295999999999999
0.6169
0.1382
0.1273
0.12890000000000001
0.1206
0.09409999999999999
0.1862
0.6296999999999999
0.7589
0.0181
0.010100000000000001
0.0595
0.0627
0.1042
0.1495
0.2595
0.381
0.2449
0.3439
1.4665
0.8402000000000001
0.5839
0.0499
0.17220000000000002
0.10619999999999999
0.5956
0.6119
0.6845
0.7965
0.594
0.2502
0.2768
0.6575
0.5922000000000001
0.432
0.2958
0.2635
0.2601
0.24180000000000001
0.2547
0.26539999999999997
0.2671
0.5105
0.7899
0.6411
0.7273000000000001
0.538
0.3235
0.39
0.1764
0.1623
0.1597
0.1483
0.1557
0.17070000000000002
0.2056
0.3197
0.4235
0.4504
0.4406
0.4776
0.8106
2.0507
0.9677
0.5516000000000001
0.5203
1.1914
0.7297
1.3189
1.0636
0.5856
0.4168
0.2655
0.3068
0.31020000000000003
0.2929
0.2967
0.2952
0.31779999999999997
0.4941
1.2458
2.125
1.0647
0.8993
0.8043
0.8110999999999999
0.8858
2.3789
1.7346
1.0619999999999998
1.1637
2.9154
1.6688999999999998
0.9642999999999999
0.7472
0.47850000000000004
0.3317
0.6667000000000001
0.6422
0.6434
0.6235999999999999
0.6564
2.1010999999999997
0.8559
1.0795
1.0057
0.9468
0.8783
0.8204
0.827
0.7828999999999999
0.7764
0.7896000000000001
0.8098000000000001
0.9504
1.0952000000000002
0.966
0.8849
0.8486
0.8031999999999999
0.7419
2.6898
1.5979999999999999
0.8018000000000001
0.5313
0.4012
0.32720000000000005
0.2582
0.24630000000000002
0.2502
0.27590000000000003
0.3085
0.3986
0.3608
0.308
0.3153
0.3086
0.3509
1.5631
0.3725
0.3529
0.3925
0.45740000000000003
0.6299
0.6255
0.6376999999999999
0.6197999999999999
0.605
0.5889
0.5662
0.5763
0.6759
1.4620000000000002
0.9332
0.6849
0.5647
0.5253
0.4985
0.49319999999999997
0.5002
0.5758
1.4165
1.6368
1.3876
0.962
0.9113
0.764
0.6295999999999999
0.6169
0.1382
0.1273
0.12890000000000001
0.1206
0.09409999999999999
0.1862
0.6296999999999999
0.7589
0.0181
0.010100000000000001
0.0595
0.0627
0.1042
0.1495
0.2595
0.381
0.2449
0.3439
1.4665
0.8402000000000001
0.5839
0.0499
0.17220000000000002
0.10619999999999999
0.5956
0.6119
0.6845
0.7965
0.594
0.2502
0.2768
0.6575
0.5922000000000001
0.432
0.2958
0.2635
0.2601
0.24180000000000001
0.2547
0.26539999999999997
0.2671
0.5105
0.7899
0.6411
0.7273000000000001
0.538
0.3235
0.39
0.0331
0.0649
0.0762
0.08230000000000001
0.0881
0.13040000000000002
0.24630000000000002
0.258
1.3035999999999999
1.1385
0.1789
0.19069999999999998
0.1764
1.718
1.3399999999999999
0.1224
1.2629000000000001
0.413
0.1367
0.1517
0.0
0.0
0.0
0.0
0.6627000000000001
0.0
0.1714
1.9759
0.0219
0.1542
0.1388
0.0513
0.0566
0.0706
0.07869999999999999
0.0839
0.0812
0.2415
0.5561
0.030699999999999998
0.0492
0.036199999999999996
0.1116
0.0764
0.0629
0.058
0.0247
0.0077
1.0406
0.7863
0.7361
0.7066
0.6985
0.7401
0.8785000000000001
0.9531000000000001
1.0115
0.9245
0.8125
0.7722
0.8173
0.8323
0.8913
1.167
1.94
2.1037
2.0417
1.9447
1.7921
1.2906
1.1987
1.7877999999999998
0.21939999999999998
0.18919999999999998
0.1703
0.1728
0.1698
0.1709
0.1472
0.1694
2.7105
0.4659
0.5517
0.8089
0.42969999999999997
0.3886
0.6692
0.7054
0.4863
0.9921
2.0251
0.9618
0.9172
0.7283
0.5268999999999999
0.34609999999999996
7.7286
8.09
6.6655999999999995
5.5771
3.789
0.7295
0.5303
0.248
0.094
0.0576
0.0502
0.038099999999999995
0.033299999999999996
0.0466
0.0416
0.0267
0.0322
0.0541
0.1456
0.3306
0.8236
0.9421999999999999
0.8478
6.222300000000001
0.6063000000000001
1.0426
0.2687
0.31110000000000004
0.5116
0.47659999999999997
0.5337
0.7727999999999999
0.5036
0.4939
0.272
1.8477
0.5065999999999999
0.49040000000000006
0.5376
0.6552
0.7249
0.7268
0.788
0.6856
0.6069
0.6175999999999999
0.6622
0.6412
0.33030000000000004
0.34550000000000003
0.3571
0.3195
0.31189999999999996
0.3116
0.3552
1.3931
0.5598
0.5059
0.6912
1.4978
0.5644
0.4793
0.5245
0.5319
0.8134
0.9808
1.1214
0.9802
0.2176
0.1095
0.0653
0.0422
0.0331
0.0649
0.0762
0.08230000000000001
0.0881
0.13040000000000002
0.24630000000000002
0.258
1.3035999999999999
1.1385
0.1789
0.19069999999999998
0.1764
1.718
1.3399999999999999
0.1224
1.2629000000000001
0.413
0.1367
0.1517
0.0
0.0
0.0
0.0
0.6627000000000001
0.0
0.1714
1.9759
0.0219
0.1542
0.1388
0.0513
0.0566
0.0706
0.07869999999999999
0.0839
0.0812
0.2415
0.5561
0.030699999999999998
0.0492
0.036199999999999996
0.1116
0.0764
0.0629
0.058
0.0247
0.0077
1.0406
0.7863
0.7361
0.7066
0.6985
0.7401
0.8785000000000001
0.9531000000000001
1.0115
0.9245
0.8125
0.7722
0.8173
0.8323
0.8913
1.167
1.94
2.1037
2.0417
1.9447
1.7921
1.2906
1.1987
1.7877999999999998
0.21939999999999998
0.18919999999999998
0.1703
0.1728
0.1698
0.1709
0.1472
0.1694
2.7105
0.4659
0.5517
0.8089
0.42969999999999997
0.3886
0.6692
0.7054
0.4863
0.9921
2.0251
0.9618
0.9172
0.7283
0.5268999999999999
0.34609999999999996
7.7286
8.09
6.6655999999999995
5.5771
3.789
0.7295
0.5303
0.248
0.094
0.0576
0.0502
0.038099999999999995
0.033299999999999996
0.0466
0.0416
0.0267
0.0322
0.0541
0.1456
0.3306
0.8236
0.9421999999999999
0.8478
6.222300000000001
0.6063000000000001
1.0426
0.2687
0.31110000000000004
0.5116
0.47659999999999997
0.5337
0.7727999999999999
0.5036
0.4939
0.272
1.8477
0.5065999999999999
0.49040000000000006
0.5376
0.6552
0.7249
0.7268
0.788
0.6856
0.6069
0.6175999999999999
0.6622
0.6412
0.33030000000000004
0.34550000000000003
0.3571
0.3195
0.31189999999999996
0.3116
0.3552
1.3931
0.5598
0.5059
0.6912
1.4978
0.5644
0.4793
0.5245
0.5319
0.8134
0.9808
1.1214
0.9802
0.2176
0.1095
0.0653
0.0422
0.0331
0.0649
0.0762
0.08230000000000001
0.0881
0.13040000000000002
0.24630000000000002
0.258
1.3035999999999999
1.1385
0.1789
0.19069999999999998
0.1764
1.718
1.3399999999999999
0.1224
1.2629000000000001
0.413
0.1367
0.1517
0.0
0.0
0.0
0.0
0.6627000000000001
0.0
0.1714
1.9759
0.0219
0.1542
0.1388
0.0513
0.0566
0.0706
0.07869999999999999
0.0839
0.0812
0.2415
0.5561
0.030699999999999998
0.0492
0.036199999999999996
0.1116
0.0764
0.0629
0.058
0.0247
0.0077
1.0406
0.7863
0.7361
0.7066
0.6985
0.7401
0.8785000000000001
0.9531000000000001
1.0115
0.9245
0.8125
0.7722
0.8173
0.8323
0.8913
1.167
1.94
2.1037
2.0417
1.9447
1.7921
1.2906
1.1987
1.7877999999999998
0.21939999999999998
0.18919999999999998
0.1703
0.1728
0.1698
0.1709
0.1472
0.1694
2.7105
0.4659
0.5517
0.8089
0.42969999999999997
0.3886
0.6692
0.7054
0.4863
0.9921
2.0251
0.9618
0.9172
0.7283
0.5268999999999999
0.34609999999999996
7.7286
8.09
6.6655999999999995
5.5771
3.789
0.7295
0.5303
0.248
0.094
0.0576
0.0502
0.038099999999999995
0.033299999999999996
0.0466
0.0416
0.0267
0.0322
0.0541
0.1456
0.3306
0.8236
0.9421999999999999
0.8478
6.222300000000001
0.6063000000000001
1.0426
0.2687
0.31110000000000004
0.5116
0.47659999999999997
0.5337
0.7727999999999999
0.5036
0.4939
0.272
1.8477
0.5065999999999999
0.49040000000000006
0.5376
0.6552
0.7249
0.7268
0.788
0.6856
0.6069
0.6175999999999999
0.6622
0.6412
0.33030000000000004
0.34550000000000003
0.3571
0.3195
0.31189999999999996
0.3116
0.3552
1.3931
0.5598
0.5059
0.6912
1.4978
0.5644
0.4793
0.5245
0.5319
0.8134
0.9808
1.1214
0.9802
0.2176
0.1095
0.0653
0.0422
0.0331
0.0649
0.0762
0.08230000000000001
0.0881
0.13040000000000002
0.24630000000000002
0.258
1.3035999999999999
1.1385
0.1789
0.19069999999999998
0.1764
1.718
1.3399999999999999
0.1224
1.2629000000000001
0.413
0.1367
0.1517
0.0
0.0
0.0
0.0
0.6627000000000001
0.0
0.1714
1.9759
0.0219
0.1542
0.1388
0.0513
0.0566
0.0706
0.07869999999999999
0.0839
0.0812
0.2415
0.5561
0.030699999999999998
0.0492
0.036199999999999996
0.1116
0.0764
0.0629
0.058
0.0247
0.0077
1.0406
0.7863
0.7361
0.7066
0.6985
0.7401
0.8785000000000001
0.9531000000000001
1.0115
0.9245
0.8125
0.7722
0.8173
0.8323
0.8913
1.167
1.94
2.1037
2.0417
1.9447
1.7921
1.2906
1.1987
1.7877999999999998
0.21939999999999998
0.18919999999999998
0.1703
0.1728
0.1698
0.1709
0.1472
0.1694
2.7105
0.4659
0.5517
0.8089
0.42969999999999997
0.3886
0.6692
0.7054
0.4863
0.9921
2.0251
0.9618
0.9172
0.7283
0.5268999999999999
0.34609999999999996
7.7286
8.09
6.6655999999999995
5.5771
3.789
0.7295
0.5303
0.248
0.094
0.0576
0.0502
0.038099999999999995
0.033299999999999996
0.0466
0.0416
0.0267
0.0322
0.0541
0.1456
0.3306
0.8236
0.9421999999999999
0.8478
6.222300000000001
0.6063000000000001
1.0426
0.2687
0.31110000000000004
0.5116
0.47659999999999997
0.5337
0.7727999999999999
0.5036
0.4939
0.272
1.8477
0.5065999999999999
0.49040000000000006
0.5376
0.6552
0.7249
0.7268
0.788
0.6856
0.6069
0.6175999999999999
0.6622
0.6412
0.33030000000000004
0.34550000000000003
0.3571
0.3195
0.31189999999999996
0.3116
0.3552
1.3931
0.5598
0.5059
0.6912
1.4978
0.5644
0.4793
0.5245
0.5319
0.8134
0.9808
1.1214
0.9802
0.2176
0.1095
0.0653
0.0422
0.0331
0.0649
0.0762
0.08230000000000001
0.0881
0.13040000000000002
0.24630000000000002
0.258
1.3035999999999999
1.1385
0.1789
0.19069999999999998
0.1764
1.718
1.3399999999999999
0.1224
1.2629000000000001
0.413
0.1367
0.1517
0.0
0.0
0.0
0.0
0.6627000000000001
0.0
0.1714
1.9759
0.0219
0.1542
0.1388
0.0513
0.0566
0.0706
0.07869999999999999
0.0839
0.0812
0.2415
0.5561
0.030699999999999998
0.0492
0.036199999999999996
0.1116
0.0764
0.0629
0.058
0.0247
0.0077
1.0406
0.7863
0.7361
0.7066
0.6985
0.7401
0.8785000000000001
0.9531000000000001
1.0115
0.9245
0.8125
0.7722
0.8173
0.8323
0.8913
1.167
1.94
2.1037
2.0417
1.9447
1.7921
1.2906
1.1987
1.7877999999999998
