0.4281
0.43000000000000005
0.4133
0.4171
0.4225
0.4566
0.5753
0.8055
2.2446
1.0471
0.8018
0.8331
0.8046
1.7835999999999999
1.6022
0.806
0.8082
1.228
0.9510000000000001
0.763
0.6092
0.5164
0.4163
0.40049999999999997
1.8096
0.5107999999999999
0.4722
0.48260000000000003
0.4616
0.5089
0.8933
2.1085000000000003
1.0895
0.621
0.40800000000000003
0.3809
0.3919
0.3883
0.4508
0.6732
0.5808
0.6214999999999999
0.6675
0.7093
0.9187
0.7305
0.6173
2.9458
0.1397
0.15000000000000002
0.14040000000000002
0.14500000000000002
0.14479999999999998
0.1651
0.2505
1.0793
2.6378000000000004
0.41569999999999996
0.39549999999999996
0.6659999999999999
1.1219000000000001
1.2082000000000002
1.0889
1.1247
1.6720000000000002
1.1231
0.6608
0.4474
0.24419999999999997
0.1326
0.0998
0.1243
0.0482
0.06219999999999999
0.0624
0.0668
0.0674
0.0587
0.10469999999999999
0.5028
0.5736
0.3405
0.013699999999999999
0.0155
0.030100000000000002
0.0427
0.0467
0.0
0.0
0.0291
1.442
0.29710000000000003
0.0
0.0
0.0
0.0225
0.3044
0.316
0.3284
0.3236
0.3154
0.3431
0.542
1.1774
0.6244000000000001
0.5775
0.5238
0.48619999999999997
0.8279
0.7745
0.42300000000000004
0.4276
0.4314
1.2387000000000001
0.40290000000000004
1.0106
0.7459
0.9261999999999999
1.5484
0.6607
0.5509999999999999
0.4659
0.4403
0.41400000000000003
0.4239
0.4768
0.6118
0.9819
1.0842
1.1357
1.1259000000000001
1.0794000000000001
1.0505
1.1573
2.5191
1.1204999999999998
1.3225
1.3363999999999998
1.1553
1.0232999999999999
1.3999
1.1421
0.8806
0.9909
0.7885
0.9779
0.2253
0.1515
0.1568
0.2379
0.4823
0.1126
0.0874
0.07100000000000001
0.0834
0.0874
0.1019
0.0864
0.1383
0.2566
0.1632
0.18969999999999998
0.2284
0.3049
0.32
0.4248
0.4584
0.16299999999999998
0.4281
0.43000000000000005
0.4133
0.4171
0.4225
0.4566
0.5753
0.8055
2.2446
1.0471
0.8018
0.8331
0.8046
1.7835999999999999
1.6022
0.806
0.8082
1.228
0.9510000000000001
0.763
0.6092
0.5164
0.4163
0.40049999999999997
1.8096
0.5107999999999999
0.4722
0.48260000000000003
0.4616
0.5089
0.8933
2.1085000000000003
1.0895
0.621
0.40800000000000003
0.3809
0.3919
0.3883
0.4508
0.6732
0.5808
0.6214999999999999
0.6675
0.7093
0.9187
0.7305
0.6173
2.9458
0.1397
0.15000000000000002
0.14040000000000002
0.14500000000000002
0.14479999999999998
0.1651
0.2505
1.0793
2.6378000000000004
0.41569999999999996
0.39549999999999996
0.6659999999999999
1.1219000000000001
1.2082000000000002
1.0889
1.1247
1.6720000000000002
1.1231
0.6608
0.4474
0.24419999999999997
0.1326
0.0998
0.1243
0.0482
0.06219999999999999
0.0624
0.0668
0.0674
0.0587
0.10469999999999999
0.5028
0.5736
0.3405
0.013699999999999999
0.0155
0.030100000000000002
0.0427
0.0467
0.0
0.0
0.0291
1.442
0.29710000000000003
0.0
0.0
0.0
0.0225
0.3044
0.316
0.3284
0.3236
0.3154
0.3431
0.542
1.1774
0.6244000000000001
0.5775
0.5238
0.48619999999999997
0.8279
0.7745
0.42300000000000004
0.4276
0.4314
1.2387000000000001
0.40290000000000004
1.0106
0.7459
0.9261999999999999
1.5484
0.6607
0.5509999999999999
0.4659
0.4403
0.41400000000000003
0.4239
0.4768
0.6118
0.9819
1.0842
1.1357
1.1259000000000001
1.0794000000000001
1.0505
1.1573
2.5191
1.1204999999999998
1.3225
1.3363999999999998
1.1553
1.0232999999999999
1.3999
1.1421
0.8806
0.9909
0.7885
0.9779
0.2253
0.1515
0.1568
0.2379
0.4823
0.1126
0.0874
0.07100000000000001
0.0834
0.0874
0.1019
0.0864
0.1383
0.2566
0.1632
0.18969999999999998
0.2284
0.3049
0.32
0.4248
0.4584
0.16299999999999998
0.4281
0.43000000000000005
0.4133
0.4171
0.4225
0.4566
0.5753
0.8055
2.2446
1.0471
0.8018
0.8331
0.8046
1.7835999999999999
1.6022
0.806
0.8082
1.228
0.9510000000000001
0.763
0.6092
0.5164
0.4163
0.40049999999999997
1.8096
0.5107999999999999
0.4722
0.48260000000000003
0.4616
0.5089
0.8933
2.1085000000000003
1.0895
0.621
0.40800000000000003
0.3809
0.3919
0.3883
0.4508
0.6732
0.5808
0.6214999999999999
0.6675
0.7093
0.9187
0.7305
0.6173
2.9458
0.1397
0.15000000000000002
0.14040000000000002
0.14500000000000002
0.14479999999999998
0.1651
0.2505
1.0793
2.6378000000000004
0.41569999999999996
0.39549999999999996
0.6659999999999999
1.1219000000000001
1.2082000000000002
1.0889
1.1247
1.6720000000000002
1.1231
0.6608
0.4474
0.24419999999999997
0.1326
0.0998
0.1243
0.0482
0.06219999999999999
0.0624
0.0668
0.0674
0.0587
0.10469999999999999
0.5028
0.5736
0.3405
0.013699999999999999
0.0155
0.030100000000000002
0.0427
0.0467
0.0
0.0
0.0291
1.442
0.29710000000000003
0.0
0.0
0.0
0.0225
0.3044
0.316
0.3284
0.3236
0.3154
0.3431
0.542
1.1774
0.6244000000000001
0.5775
0.5238
0.48619999999999997
0.8279
0.7745
0.42300000000000004
0.4276
0.4314
1.2387000000000001
0.40290000000000004
1.0106
0.7459
0.9261999999999999
1.5484
0.6607
0.5509999999999999
0.4659
0.4403
0.41400000000000003
0.4239
0.4768
0.6118
0.9819
1.0842
1.1357
1.1259000000000001
1.0794000000000001
1.0505
1.1573
2.5191
1.1204999999999998
1.3225
1.3363999999999998
1.1553
1.0232999999999999
1.3999
1.1421
0.8806
0.9909
0.7885
0.9779
0.2253
0.1515
0.1568
0.2379
0.4823
0.1126
0.0874
0.07100000000000001
0.0834
0.0874
0.1019
0.0864
0.1383
0.2566
0.1632
0.18969999999999998
0.2284
0.3049
0.32
0.4248
0.4584
0.16299999999999998
0.4281
0.43000000000000005
0.4133
0.4171
0.4225
0.4566
0.5753
0.8055
2.2446
1.0471
0.8018
0.8331
0.8046
1.7835999999999999
1.6022
0.806
0.8082
1.228
0.9510000000000001
0.763
0.6092
0.5164
0.4163
0.40049999999999997
1.8096
0.5107999999999999
0.4722
0.48260000000000003
0.4616
0.5089
0.8933
2.1085000000000003
1.0895
0.621
0.40800000000000003
0.3809
0.3919
0.3883
0.4508
0.6732
0.5808
0.6214999999999999
0.6675
0.7093
0.9187
0.7305
0.6173
2.9458
0.1397
0.15000000000000002
0.14040000000000002
0.14500000000000002
0.14479999999999998
0.1651
0.2505
1.0793
2.6378000000000004
0.41569999999999996
0.39549999999999996
0.6659999999999999
1.1219000000000001
1.2082000000000002
1.0889
1.1247
1.6720000000000002
1.1231
0.6608
0.4474
0.24419999999999997
0.1326
0.0998
0.1243
0.0482
0.06219999999999999
0.0624
0.0668
0.0674
0.0587
0.10469999999999999
0.5028
0.5736
0.3405
0.013699999999999999
0.0155
0.030100000000000002
0.0427
0.0467
0.0
0.0
0.0291
1.442
0.29710000000000003
0.0
0.0
0.0
0.0225
0.3044
0.316
0.3284
0.3236
0.3154
0.3431
0.542
1.1774
0.6244000000000001
0.5775
0.5238
0.48619999999999997
0.8279
0.7745
0.42300000000000004
0.4276
0.4314
1.2387000000000001
0.40290000000000004
1.0106
0.7459
0.9261999999999999
1.5484
0.6607
0.5509999999999999
0.4659
0.4403
0.41400000000000003
0.4239
0.4768
0.6118
0.9819
1.0842
1.1357
1.1259000000000001
1.0794000000000001
1.0505
1.1573
2.5191
1.1204999999999998
1.3225
1.3363999999999998
1.1553
1.0232999999999999
1.3999
1.1421
0.8806
0.9909
0.7885
0.9779
0.2253
0.1515
0.1568
0.2379
0.4823
0.1126
0.0874
0.07100000000000001
0.0834
0.0874
0.1019
0.0864
0.1383
0.2566
0.1632
0.18969999999999998
0.2284
0.3049
0.32
0.4248
0.4584
0.16299999999999998
0.4281
0.43000000000000005
0.4133
0.4171
0.4225
0.4566
0.5753
0.8055
2.2446
1.0471
0.8018
0.8331
0.8046
1.7835999999999999
1.6022
0.806
0.8082
1.228
0.9510000000000001
0.763
0.6092
0.5164
0.4163
0.40049999999999997
1.8096
0.5107999999999999
0.4722
0.48260000000000003
0.4616
0.5089
0.8933
2.1085000000000003
1.0895
0.621
0.40800000000000003
0.3809
0.3919
0.3883
0.4508
0.6732
0.5808
0.6214999999999999
0.6675
0.7093
0.9187
0.7305
0.6173
2.9458
0.1397
0.15000000000000002
0.14040000000000002
0.14500000000000002
0.14479999999999998
0.1651
0.2505
1.0793
2.6378000000000004
0.41569999999999996
0.39549999999999996
0.6659999999999999
1.1219000000000001
1.2082000000000002
1.0889
1.1247
1.6720000000000002
1.1231
0.6608
0.4474
0.24419999999999997
0.1326
0.0998
0.1243
3.5732
3.62
3.3577000000000004
3.1885000000000003
3.1292
6.1996
5.614800000000001
3.0895
2.1812
1.8002
1.7713
1.9175
2.3295
3.067
2.9409
2.2201
2.1364
1.9935999999999998
2.125
4.3527000000000005
6.5253
4.6658
1.7229999999999999
1.5043
0.5490999999999999
0.5248999999999999
0.5121
0.5105
0.495
0.48939999999999995
0.48619999999999997
2.2045
1.0839
0.9361999999999999
0.8898
0.7107
0.5965
0.5446
0.5217
1.093
1.3207
0.9312
0.9433
1.7867
1.2538999999999998
1.2168
1.2389000000000001
0.7605999999999999
0.4686
0.4152
0.397
0.4081
0.9478
1.2673999999999999
0.6073999999999999
0.91
0.9268000000000001
1.0923
1.1669
0.8694
0.6308
0.5453
0.5648
0.6282
1.2724
0.7921
0.6780999999999999
0.6231
0.5985
0.6326
0.8737999999999999
0.8207
0.32230000000000003
0.3226
0.3156
0.2843
0.2827
0.2693
0.1603
1.6970999999999998
0.0248
0.15739999999999998
0.271
0.2998
0.31220000000000003
0.5742
0.8952
0.4464
0.22089999999999999
0.0558
0.7666999999999999
0.1023
0.2138
0.1248
0.0879
0.10500000000000001
3.6084000000000005
0.1824
0.0237
0.0
0.0
1.9356
4.2297
0.1064
0.0
0.0346
0.0281
0.044399999999999995
0.0047
0.008
0.0228
0.0
0.0316
0.2256
1.0346000000000002
5.4241
1.0995
8.1741
8.837399999999999
10.6447
4.9392
3.6658
1.5532
0.3935
0.4393
0.699
0.5978
0.3918
0.3282
3.7159
0.3123
0.0626
0.0038
0.0213
0.0
0.0
0.0
0.0
0.0
0.0043
0.6332
3.4333
2.1401
4.7626
0.2036
0.1834
0.1747
0.1723
0.1763
0.17830000000000001
0.18530000000000002
0.2037
0.4185
0.5277
0.38539999999999996
0.2167
0.1822
0.189
0.1936
0.44
0.3255
0.6089
0.5216000000000001
0.35050000000000003
1.1583
0.9088
0.8851
0.2697
3.5732
3.62
3.3577000000000004
3.1885000000000003
3.1292
6.1996
5.614800000000001
3.0895
2.1812
1.8002
1.7713
1.9175
2.3295
3.067
2.9409
2.2201
2.1364
1.9935999999999998
2.125
4.3527000000000005
6.5253
4.6658
1.7229999999999999
1.5043
0.5490999999999999
0.5248999999999999
0.5121
0.5105
0.495
0.48939999999999995
0.48619999999999997
2.2045
1.0839
0.9361999999999999
0.8898
0.7107
0.5965
0.5446
0.5217
1.093
1.3207
0.9312
0.9433
1.7867
1.2538999999999998
1.2168
1.2389000000000001
0.7605999999999999
0.4686
0.4152
0.397
0.4081
0.9478
1.2673999999999999
0.6073999999999999
0.91
0.9268000000000001
1.0923
1.1669
0.8694
0.6308
0.5453
0.5648
0.6282
1.2724
0.7921
0.6780999999999999
0.6231
0.5985
0.6326
0.8737999999999999
0.8207
0.32230000000000003
0.3226
0.3156
0.2843
0.2827
0.2693
0.1603
1.6970999999999998
0.0248
0.15739999999999998
0.271
0.2998
0.31220000000000003
0.5742
0.8952
0.4464
0.22089999999999999
0.0558
0.7666999999999999
0.1023
0.2138
0.1248
0.0879
0.10500000000000001
3.6084000000000005
0.1824
0.0237
0.0
0.0
1.9356
4.2297
0.1064
0.0
0.0346
0.0281
0.044399999999999995
0.0047
0.008
0.0228
0.0
0.0316
0.2256
1.0346000000000002
5.4241
1.0995
8.1741
8.837399999999999
10.6447
4.9392
3.6658
1.5532
0.3935
0.4393
0.699
0.5978
0.3918
0.3282
3.7159
0.3123
0.0626
0.0038
0.0213
0.0
0.0
0.0
0.0
0.0
0.0043
0.6332
3.4333
2.1401
4.7626
0.2036
0.1834
0.1747
0.1723
0.1763
0.17830000000000001
0.18530000000000002
0.2037
0.4185
0.5277
0.38539999999999996
0.2167
0.1822
0.189
0.1936
0.44
0.3255
0.6089
0.5216000000000001
0.35050000000000003
1.1583
0.9088
0.8851
0.2697
3.5732
3.62
3.3577000000000004
3.1885000000000003
3.1292
6.1996
5.614800000000001
3.0895
2.1812
1.8002
1.7713
1.9175
2.3295
3.067
2.9409
2.2201
2.1364
1.9935999999999998
2.125
4.3527000000000005
6.5253
4.6658
1.7229999999999999
1.5043
0.5490999999999999
0.5248999999999999
0.5121
0.5105
0.495
0.48939999999999995
0.48619999999999997
2.2045
1.0839
0.9361999999999999
0.8898
0.7107
0.5965
0.5446
0.5217
1.093
1.3207
0.9312
0.9433
1.7867
1.2538999999999998
1.2168
1.2389000000000001
0.7605999999999999
0.4686
0.4152
0.397
0.4081
0.9478
1.2673999999999999
0.6073999999999999
0.91
0.9268000000000001
1.0923
1.1669
0.8694
0.6308
0.5453
0.5648
0.6282
1.2724
0.7921
0.6780999999999999
0.6231
0.5985
0.6326
0.8737999999999999
0.8207
0.32230000000000003
0.3226
0.3156
0.2843
0.2827
0.2693
0.1603
1.6970999999999998
0.0248
0.15739999999999998
0.271
0.2998
0.31220000000000003
0.5742
0.8952
0.4464
0.22089999999999999
0.0558
0.7666999999999999
0.1023
0.2138
0.1248
0.0879
0.10500000000000001
3.6084000000000005
0.1824
0.0237
0.0
0.0
1.9356
4.2297
0.1064
0.0
0.0346
0.0281
0.044399999999999995
0.0047
0.008
0.0228
0.0
0.0316
0.2256
1.0346000000000002
5.4241
1.0995
8.1741
8.837399999999999
10.6447
4.9392
3.6658
1.5532
0.3935
0.4393
0.699
0.5978
0.3918
0.3282
3.7159
0.3123
0.0626
0.0038
0.0213
0.0
0.0
0.0
0.0
0.0
0.0043
0.6332
3.4333
2.1401
4.7626
0.2036
0.1834
0.1747
0.1723
0.1763
0.17830000000000001
0.18530000000000002
0.2037
0.4185
0.5277
0.38539999999999996
0.2167
0.1822
0.189
0.1936
0.44
0.3255
0.6089
0.5216000000000001
0.35050000000000003
1.1583
0.9088
0.8851
0.2697
3.5732
3.62
3.3577000000000004
3.1885000000000003
3.1292
6.1996
5.614800000000001
3.0895
2.1812
1.8002
1.7713
1.9175
2.3295
3.067
2.9409
2.2201
2.1364
1.9935999999999998
2.125
4.3527000000000005
6.5253
4.6658
1.7229999999999999
1.5043
0.5490999999999999
0.5248999999999999
0.5121
0.5105
0.495
0.48939999999999995
0.48619999999999997
2.2045
1.0839
0.9361999999999999
0.8898
0.7107
0.5965
0.5446
0.5217
1.093
1.3207
0.9312
0.9433
1.7867
1.2538999999999998
1.2168
1.2389000000000001
0.7605999999999999
0.4686
0.4152
0.397
0.4081
0.9478
1.2673999999999999
0.6073999999999999
0.91
0.9268000000000001
1.0923
1.1669
0.8694
0.6308
0.5453
0.5648
0.6282
1.2724
0.7921
0.6780999999999999
0.6231
0.5985
0.6326
0.8737999999999999
0.8207
0.32230000000000003
0.3226
0.3156
0.2843
0.2827
0.2693
0.1603
1.6970999999999998
0.0248
0.15739999999999998
0.271
0.2998
0.31220000000000003
0.5742
0.8952
0.4464
0.22089999999999999
0.0558
0.7666999999999999
0.1023
0.2138
0.1248
0.0879
0.10500000000000001
3.6084000000000005
0.1824
0.0237
0.0
0.0
1.9356
4.2297
0.1064
0.0
0.0346
0.0281
0.044399999999999995
0.0047
0.008
0.0228
0.0
0.0316
0.2256
1.0346000000000002
5.4241
1.0995
8.1741
8.837399999999999
10.6447
4.9392
3.6658
1.5532
0.3935
0.4393
0.699
0.5978
0.3918
0.3282
3.7159
0.3123
0.0626
0.0038
0.0213
0.0
0.0
0.0
0.0
0.0
0.0043
0.6332
3.4333
2.1401
4.7626
0.2036
0.1834
0.1747
0.1723
0.1763
0.17830000000000001
0.18530000000000002
0.2037
0.4185
0.5277
0.38539999999999996
0.2167
0.1822
0.189
0.1936
0.44
0.3255
0.6089
0.5216000000000001
0.35050000000000003
1.1583
0.9088
0.8851
0.2697
0.4475
0.5116
0.5118
0.5438000000000001
0.5508
1.3416000000000001
2.3416
0.5075000000000001
0.5235
0.41659999999999997
0.3184
0.2503
0.2333
0.21389999999999998
0.1923
0.5075000000000001
0.2112
0.18130000000000002
0.2208
0.28790000000000004
0.2802
0.2151
0.1941
0.1763
6.9628
6.0678
5.6872
5.308
4.8187
2.7045
2.0945
1.9423
1.7951000000000001
1.3434
1.0301
0.8832
0.7664
0.6574
0.5401
0.5610999999999999
0.6392
0.9575
0.9019999999999999
1.1888999999999998
1.4657
1.0093
0.5937
2.3030999999999997
6.0248
5.526999999999999
1.0008
0.7109
0.5668
0.5907
0.8134
1.5023
1.6521
1.4279
1.0925
0.7686
0.5977
0.5466
0.5003
0.5724
0.631
0.6011
0.5913999999999999
1.5359
4.0811
1.8718
1.9051
9.4831
0.35419999999999996
0.49
0.5513
0.6033999999999999
0.5534
0.6331
1.1987999999999999
0.4944
0.5914
0.5726
0.5346
0.503
0.5077
0.4985
0.5798
1.0214
0.6113999999999999
0.7163999999999999
0.5223
0.32389999999999997
0.3377
0.32089999999999996
0.3716
0.39390000000000003
5.1454
5.237299999999999
5.2683
1.6932
0.06259999999999999
0.0499
0.0309
0.0722
0.0475
0.0
0.0016
0.0231
0.0
2.0856
1.0783
1.29
3.1513
1.3534000000000002
0.6605000000000001
0.5375
0.5219
0.6513
1.4533
2.2800000000000002
0.2825
0.3386
0.3521
0.37170000000000003
0.3577
0.3975
0.5698
0.6963999999999999
2.2156000000000002
0.3185
0.3346
0.4533
0.40449999999999997
0.4157
0.3261
0.1592
0.0907
0.0911
0.312
0.1226
0.0175
0.0
0.0
0.0
1.8994
0.7968999999999999
0.5458000000000001
0.4621
0.4363
0.4837
0.5327999999999999
0.5796
0.5920000000000001
0.6321
0.6656
0.8166
0.9909
0.8387
0.7292000000000001
1.5585999999999998
0.8838
0.47250000000000003
0.4588
0.44999999999999996
0.4608
0.4454
0.42710000000000004
1.7792000000000001
0.4475
0.5116
0.5118
0.5438000000000001
0.5508
1.3416000000000001
2.3416
0.5075000000000001
0.5235
0.41659999999999997
0.3184
0.2503
0.2333
0.21389999999999998
0.1923
0.5075000000000001
0.2112
0.18130000000000002
0.2208
0.28790000000000004
0.2802
0.2151
0.1941
0.1763
6.9628
6.0678
5.6872
5.308
4.8187
2.7045
2.0945
1.9423
1.7951000000000001
1.3434
1.0301
0.8832
0.7664
0.6574
0.5401
0.5610999999999999
0.6392
0.9575
0.9019999999999999
1.1888999999999998
1.4657
1.0093
0.5937
2.3030999999999997
6.0248
5.526999999999999
1.0008
0.7109
0.5668
0.5907
0.8134
1.5023
1.6521
1.4279
1.0925
0.7686
0.5977
0.5466
0.5003
0.5724
0.631
0.6011
0.5913999999999999
1.5359
4.0811
1.8718
1.9051
9.4831
0.35419999999999996
0.49
0.5513
0.6033999999999999
0.5534
0.6331
1.1987999999999999
0.4944
0.5914
0.5726
0.5346
0.503
0.5077
0.4985
0.5798
1.0214
0.6113999999999999
0.7163999999999999
0.5223
0.32389999999999997
0.3377
0.32089999999999996
0.3716
0.39390000000000003
5.1454
5.237299999999999
5.2683
1.6932
0.06259999999999999
0.0499
0.0309
0.0722
0.0475
0.0
0.0016
0.0231
0.0
2.0856
1.0783
1.29
3.1513
1.3534000000000002
0.6605000000000001
0.5375
0.5219
0.6513
1.4533
2.2800000000000002
0.2825
0.3386
0.3521
0.37170000000000003
0.3577
0.3975
0.5698
0.6963999999999999
2.2156000000000002
0.3185
0.3346
0.4533
0.40449999999999997
0.4157
0.3261
0.1592
0.0907
0.0911
0.312
0.1226
0.0175
0.0
0.0
0.0
1.8994
0.7968999999999999
0.5458000000000001
0.4621
0.4363
0.4837
0.5327999999999999
0.5796
0.5920000000000001
0.6321
0.6656
0.8166
0.9909
0.8387
0.7292000000000001
1.5585999999999998
0.8838
0.47250000000000003
0.4588
0.44999999999999996
0.4608
0.4454
0.42710000000000004
1.7792000000000001
0.4475
0.5116
0.5118
0.5438000000000001
0.5508
1.3416000000000001
2.3416
0.5075000000000001
0.5235
0.41659999999999997
0.3184
0.2503
0.2333
0.21389999999999998
0.1923
0.5075000000000001
0.2112
0.18130000000000002
0.2208
0.28790000000000004
0.2802
0.2151
0.1941
0.1763
6.9628
6.0678
5.6872
5.308
4.8187
2.7045
2.0945
1.9423
1.7951000000000001
1.3434
1.0301
0.8832
0.7664
0.6574
0.5401
0.5610999999999999
0.6392
0.9575
0.9019999999999999
1.1888999999999998
1.4657
1.0093
0.5937
2.3030999999999997
6.0248
5.526999999999999
1.0008
0.7109
0.5668
0.5907
0.8134
1.5023
1.6521
1.4279
1.0925
0.7686
0.5977
0.5466
0.5003
0.5724
0.631
0.6011
0.5913999999999999
1.5359
4.0811
1.8718
1.9051
9.4831
0.35419999999999996
0.49
0.5513
0.6033999999999999
0.5534
0.6331
1.1987999999999999
0.4944
0.5914
0.5726
0.5346
0.503
0.5077
0.4985
0.5798
1.0214
0.6113999999999999
0.7163999999999999
0.5223
0.32389999999999997
0.3377
0.32089999999999996
0.3716
0.39390000000000003
5.1454
5.237299999999999
5.2683
1.6932
0.06259999999999999
0.0499
0.0309
0.0722
0.0475
0.0
0.0016
0.0231
0.0
2.0856
1.0783
1.29
3.1513
1.3534000000000002
0.6605000000000001
0.5375
0.5219
0.6513
1.4533
2.2800000000000002
0.2825
0.3386
0.3521
0.37170000000000003
0.3577
0.3975
0.5698
0.6963999999999999
2.2156000000000002
0.3185
0.3346
0.4533
0.40449999999999997
0.4157
0.3261
0.1592
0.0907
0.0911
0.312
0.1226
0.0175
0.0
0.0
0.0
1.8994
0.7968999999999999
0.5458000000000001
0.4621
0.4363
0.4837
0.5327999999999999
0.5796
0.5920000000000001
0.6321
0.6656
0.8166
0.9909
0.8387
0.7292000000000001
1.5585999999999998
0.8838
0.47250000000000003
0.4588
0.44999999999999996
0.4608
0.4454
0.42710000000000004
1.7792000000000001
0.4475
0.5116
0.5118
0.5438000000000001
0.5508
1.3416000000000001
2.3416
0.5075000000000001
0.5235
0.41659999999999997
0.3184
0.2503
0.2333
0.21389999999999998
0.1923
0.5075000000000001
0.2112
0.18130000000000002
0.2208
0.28790000000000004
0.2802
0.2151
0.1941
0.1763
6.9628
6.0678
5.6872
5.308
4.8187
2.7045
2.0945
1.9423
1.7951000000000001
1.3434
1.0301
0.8832
0.7664
0.6574
0.5401
0.5610999999999999
0.6392
0.9575
0.9019999999999999
1.1888999999999998
1.4657
1.0093
0.5937
2.3030999999999997
6.0248
5.526999999999999
1.0008
0.7109
0.5668
0.5907
0.8134
1.5023
1.6521
1.4279
1.0925
0.7686
0.5977
0.5466
0.5003
0.5724
0.631
0.6011
0.5913999999999999
1.5359
4.0811
1.8718
1.9051
9.4831
0.35419999999999996
0.49
0.5513
0.6033999999999999
0.5534
0.6331
1.1987999999999999
0.4944
0.5914
0.5726
0.5346
0.503
0.5077
0.4985
0.5798
1.0214
0.6113999999999999
0.7163999999999999
0.5223
0.32389999999999997
0.3377
0.32089999999999996
0.3716
0.39390000000000003
5.1454
5.237299999999999
5.2683
1.6932
0.06259999999999999
0.0499
0.0309
0.0722
0.0475
0.0
0.0016
0.0231
0.0
2.0856
1.0783
1.29
3.1513
1.3534000000000002
0.6605000000000001
0.5375
0.5219
0.6513
1.4533
2.2800000000000002
0.2825
0.3386
0.3521
0.37170000000000003
0.3577
0.3975
0.5698
0.6963999999999999
2.2156000000000002
0.3185
0.3346
0.4533
0.40449999999999997
0.4157
0.3261
0.1592
0.0907
0.0911
0.312
0.1226
0.0175
0.0
0.0
0.0
1.8994
0.7968999999999999
0.5458000000000001
0.4621
0.4363
0.4837
0.5327999999999999
0.5796
0.5920000000000001
0.6321
0.6656
0.8166
0.9909
0.8387
0.7292000000000001
1.5585999999999998
0.8838
0.47250000000000003
0.4588
0.44999999999999996
0.4608
0.4454
0.42710000000000004
1.7792000000000001
0.4475
0.5116
0.5118
0.5438000000000001
0.5508
1.3416000000000001
2.3416
0.5075000000000001
0.5235
0.41659999999999997
0.3184
0.2503
0.2333
0.21389999999999998
0.1923
0.5075000000000001
0.2112
0.18130000000000002
0.2208
0.28790000000000004
0.2802
0.2151
0.1941
0.1763
6.9628
6.0678
5.6872
5.308
4.8187
2.7045
2.0945
1.9423
1.7951000000000001
1.3434
1.0301
0.8832
0.7664
0.6574
0.5401
0.5610999999999999
0.6392
0.9575
0.9019999999999999
1.1888999999999998
1.4657
1.0093
0.5937
2.3030999999999997
6.0248
5.526999999999999
1.0008
0.7109
0.5668
0.5907
0.8134
1.5023
1.6521
1.4279
1.0925
0.7686
0.5977
0.5466
0.5003
0.5724
0.631
0.6011
0.5913999999999999
1.5359
4.0811
1.8718
1.9051
9.4831
0.8583000000000001
0.4448
0.19940000000000002
0.18309999999999998
0.1467
0.1412
0.1753
0.2057
0.22249999999999998
0.2111
0.2102
0.23049999999999998
0.3869
1.0070000000000001
0.5551999999999999
0.3246
0.2617
0.4147
0.7572000000000001
0.31920000000000004
0.2054
0.16599999999999998
0.1641
0.9460999999999999
0.0189
0.045899999999999996
0.037
0.0193
0.4055
0.26
0.19640000000000002
0.2755
0.067
0.18330000000000002
0.2939
0.1638
0.1466
0.1033
0.0406
0.015
0.0189
0.0083
0.0019
0.030199999999999998
0.0205
0.004
0.0281
0.0226
1.6562000000000001
1.3229
0.1376
0.1471
0.1971
0.22820000000000001
0.2022
0.1594
0.0673
0.052000000000000005
0.044
0.031
0.0168
0.0242
0.020900000000000002
0.031599999999999996
0.15039999999999998
0.0174
0.0003
0.0
0.07619999999999999
0.6121
0.7662
0.5358
5.3698
3.1658999999999997
3.2263
2.0594
0.0
0.0
0.0
0.0184
0.048100000000000004
0.0521
0.0686
0.0708
0.06
0.0547
0.0837
0.039
0.0593
2.7805999999999997
0.5652999999999999
0.7586999999999999
1.0871
1.63
1.2932000000000001
3.7772
3.5953999999999997
3.1717
0.8733
0.5148
0.27390000000000003
0.38
0.4098
1.1341999999999999
2.0137
2.5899
2.6766
1.3274
0.8715999999999999
0.6885
0.6799999999999999
0.8404
1.5514000000000001
4.9758
2.9726
2.4337
3.1173
3.9847
4.1777
6.3428
0.323
0.3235
0.3176
0.3172
0.2979
0.5656
1.4219
0.6169
0.49829999999999997
0.3618
0.34319999999999995
0.33699999999999997
0.3651
1.5547
0.8784
0.3581
1.5835
0.8649
0.4859
1.7044
0.1797
0.1557
0.191
0.1626
0.3416
1.3323
0.6266
0.2811
0.276
0.2783
0.29669999999999996
0.35960000000000003
0.38880000000000003
0.3815
0.345
0.3271
0.3353
0.345
0.35619999999999996
0.49329999999999996
0.518
0.5057
0.5675
0.8504
1.0711
0.7178
0.4969
0.3824
0.8583000000000001
0.4448
0.19940000000000002
0.18309999999999998
0.1467
0.1412
0.1753
0.2057
0.22249999999999998
0.2111
0.2102
0.23049999999999998
0.3869
1.0070000000000001
0.5551999999999999
0.3246
0.2617
0.4147
0.7572000000000001
0.31920000000000004
0.2054
0.16599999999999998
0.1641
0.9460999999999999
0.0189
0.045899999999999996
0.037
0.0193
0.4055
0.26
0.19640000000000002
0.2755
0.067
0.18330000000000002
0.2939
0.1638
0.1466
0.1033
0.0406
0.015
0.0189
0.0083
0.0019
0.030199999999999998
0.0205
0.004
0.0281
0.0226
1.6562000000000001
1.3229
0.1376
0.1471
0.1971
0.22820000000000001
0.2022
0.1594
0.0673
0.052000000000000005
0.044
0.031
0.0168
0.0242
0.020900000000000002
0.031599999999999996
0.15039999999999998
0.0174
0.0003
0.0
0.07619999999999999
0.6121
0.7662
0.5358
5.3698
3.1658999999999997
3.2263
2.0594
0.0
0.0
0.0
0.0184
0.048100000000000004
0.0521
0.0686
0.0708
0.06
0.0547
0.0837
0.039
0.0593
2.7805999999999997
0.5652999999999999
0.7586999999999999
1.0871
1.63
1.2932000000000001
3.7772
3.5953999999999997
3.1717
0.8733
0.5148
0.27390000000000003
0.38
0.4098
1.1341999999999999
2.0137
2.5899
2.6766
1.3274
0.8715999999999999
0.6885
0.6799999999999999
0.8404
1.5514000000000001
4.9758
2.9726
2.4337
3.1173
3.9847
4.1777
6.3428
0.323
0.3235
0.3176
0.3172
0.2979
0.5656
1.4219
0.6169
0.49829999999999997
0.3618
0.34319999999999995
0.33699999999999997
0.3651
1.5547
0.8784
0.3581
1.5835
0.8649
0.4859
1.7044
0.1797
0.1557
0.191
0.1626
0.3416
1.3323
0.6266
0.2811
0.276
0.2783
0.29669999999999996
0.35960000000000003
0.38880000000000003
0.3815
0.345
0.3271
0.3353
0.345
0.35619999999999996
0.49329999999999996
0.518
0.5057
0.5675
0.8504
1.0711
0.7178
0.4969
0.3824
0.8583000000000001
0.4448
0.19940000000000002
0.18309999999999998
0.1467
0.1412
0.1753
0.2057
0.22249999999999998
0.2111
0.2102
0.23049999999999998
0.3869
1.0070000000000001
0.5551999999999999
0.3246
0.2617
0.4147
0.7572000000000001
0.31920000000000004
0.2054
0.16599999999999998
0.1641
0.9460999999999999
0.0189
0.045899999999999996
0.037
0.0193
0.4055
0.26
0.19640000000000002
0.2755
0.067
0.18330000000000002
0.2939
0.1638
0.1466
0.1033
0.0406
0.015
0.0189
0.0083
0.0019
0.030199999999999998
0.0205
0.004
0.0281
0.0226
1.6562000000000001
1.3229
0.1376
0.1471
0.1971
0.22820000000000001
0.2022
0.1594
0.0673
0.052000000000000005
0.044
0.031
0.0168
0.0242
0.020900000000000002
0.031599999999999996
0.15039999999999998
0.0174
0.0003
0.0
0.07619999999999999
0.6121
0.7662
0.5358
5.3698
3.1658999999999997
3.2263
2.0594
0.0
0.0
0.0
0.0184
0.048100000000000004
0.0521
0.0686
0.0708
0.06
0.0547
0.0837
0.039
0.0593
2.7805999999999997
0.5652999999999999
0.7586999999999999
1.0871
1.63
1.2932000000000001
3.7772
3.5953999999999997
3.1717
0.8733
0.5148
0.27390000000000003
0.38
0.4098
1.1341999999999999
2.0137
2.5899
2.6766
1.3274
0.8715999999999999
0.6885
0.6799999999999999
0.8404
1.5514000000000001
4.9758
2.9726
2.4337
3.1173
3.9847
4.1777
6.3428
0.323
0.3235
0.3176
0.3172
0.2979
0.5656
1.4219
0.6169
0.49829999999999997
0.3618
0.34319999999999995
0.33699999999999997
0.3651
1.5547
0.8784
0.3581
1.5835
0.8649
0.4859
1.7044
0.1797
0.1557
0.191
0.1626
0.3416
1.3323
0.6266
0.2811
0.276
0.2783
0.29669999999999996
0.35960000000000003
0.38880000000000003
0.3815
0.345
0.3271
0.3353
0.345
0.35619999999999996
0.49329999999999996
0.518
0.5057
0.5675
0.8504
1.0711
0.7178
0.4969
0.3824
0.8583000000000001
0.4448
0.19940000000000002
0.18309999999999998
0.1467
0.1412
0.1753
0.2057
0.22249999999999998
0.2111
0.2102
0.23049999999999998
0.3869
1.0070000000000001
0.5551999999999999
0.3246
0.2617
0.4147
0.7572000000000001
0.31920000000000004
0.2054
0.16599999999999998
0.1641
0.9460999999999999
0.0189
0.045899999999999996
0.037
0.0193
0.4055
0.26
0.19640000000000002
0.2755
0.067
0.18330000000000002
0.2939
0.1638
0.1466
0.1033
0.0406
0.015
0.0189
0.0083
0.0019
0.030199999999999998
0.0205
0.004
0.0281
0.0226
1.6562000000000001
1.3229
0.1376
0.1471
0.1971
0.22820000000000001
0.2022
0.1594
0.0673
0.052000000000000005
0.044
0.031
0.0168
0.0242
0.020900000000000002
0.031599999999999996
0.15039999999999998
0.0174
0.0003
0.0
0.07619999999999999
0.6121
0.7662
0.5358
5.3698
3.1658999999999997
3.2263
2.0594
0.0
0.0
0.0
0.0184
0.048100000000000004
0.0521
0.0686
0.0708
0.06
0.0547
0.0837
0.039
0.0593
2.7805999999999997
0.5652999999999999
0.7586999999999999
1.0871
1.63
1.2932000000000001
3.7772
3.5953999999999997
3.1717
0.8733
0.5148
0.27390000000000003
0.38
0.4098
1.1341999999999999
2.0137
2.5899
2.6766
1.3274
0.8715999999999999
0.6885
0.6799999999999999
0.8404
1.5514000000000001
4.9758
2.9726
2.4337
3.1173
3.9847
4.1777
6.3428
0.323
0.3235
0.3176
0.3172
0.2979
0.5656
1.4219
0.6169
0.49829999999999997
0.3618
0.34319999999999995
0.33699999999999997
0.3651
1.5547
0.8784
0.3581
1.5835
0.8649
0.4859
1.7044
0.1797
0.1557
0.191
0.1626
0.3416
1.3323
0.6266
0.2811
0.276
0.2783
0.29669999999999996
0.35960000000000003
0.38880000000000003
0.3815
0.345
0.3271
0.3353
0.345
0.35619999999999996
0.49329999999999996
0.518
0.5057
0.5675
0.8504
1.0711
0.7178
0.4969
0.3824
0.8583000000000001
0.4448
0.19940000000000002
0.18309999999999998
0.1467
0.1412
0.1753
0.2057
0.22249999999999998
0.2111
0.2102
0.23049999999999998
0.3869
1.0070000000000001
0.5551999999999999
0.3246
0.2617
0.4147
0.7572000000000001
0.31920000000000004
0.2054
0.16599999999999998
0.1641
0.9460999999999999
0.0189
0.045899999999999996
0.037
0.0193
0.4055
0.26
0.19640000000000002
0.2755
0.067
0.18330000000000002
0.2939
0.1638
0.1466
0.1033
0.0406
0.015
0.0189
0.0083
0.0019
0.030199999999999998
0.0205
0.004
0.0281
0.0226
0.1163
0.1149
0.1118
0.11410000000000001
0.11510000000000001
0.121
0.1116
0.1048
0.1318
0.1258
0.1199
0.1238
0.1253
0.14539999999999997
0.1631
0.15460000000000002
0.1222
0.1233
0.122
0.1298
0.1182
0.1089
0.1168
0.12109999999999999
2.4581999999999997
2.2021
0.7446999999999999
0.3094
0.1754
0.1412
0.1379
0.15789999999999998
0.185
0.2107
0.2281
0.2384
0.2398
0.2371
0.25170000000000003
0.3102
0.4138
0.5077
0.441
0.3135
0.26839999999999997
0.24120000000000003
0.2145
0.20090000000000002
0.0853
0.0827
0.0847
0.08449999999999999
0.0896
0.09090000000000001
0.09490000000000001
0.1674
0.9917
0.5018
0.3301
0.2921
0.3468
1.5793
0.4431
0.2314
0.2306
1.0840999999999998
0.9845999999999999
0.3896
0.4
0.31110000000000004
0.17370000000000002
0.1112
0.0407
0.0487
0.0442
0.032600000000000004
0.030900000000000004
0.1328
0.5650999999999999
0.8287
0.10389999999999999
1.352
0.794
0.1876
0.15689999999999998
0.1746
0.13690000000000002
0.4104
0.3139
0.0504
0.0314
0.07189999999999999
0.07500000000000001
0.0911
0.0833
0.0862
1.5391000000000001
0.3823
0.36750000000000005
0.3623
0.3574
0.3773
0.3844
0.406
0.4073
0.4397
0.5911
1.0517
0.48610000000000003
0.3594
0.34540000000000004
0.30879999999999996
0.31320000000000003
0.3327
0.424
1.3436
0.4653
0.5254
0.5073
2.2624
4.0706
0.23099999999999998
0.2567
0.1624
0.0504
0.0065
0.0
0.0607
0.1022
0.0691
0.038400000000000004
0.0
0.059
0.037
0.0125
0.0249
0.0
0.0
0.0
1.903
6.3523
4.4927
5.1759
8.236799999999999
0.8707
0.8628
0.804
0.8177000000000001
0.847
1.0598
1.1169
0.5283
0.4023
0.3389
0.3312
0.3337
0.3516
0.3623
0.37770000000000004
0.4425
0.6353
0.9381
2.0714
1.9185999999999999
0.9487000000000001
0.7569
0.6584
2.8409999999999997
0.1163
0.1149
0.1118
0.11410000000000001
0.11510000000000001
0.121
0.1116
0.1048
0.1318
0.1258
0.1199
0.1238
0.1253
0.14539999999999997
0.1631
0.15460000000000002
0.1222
0.1233
0.122
0.1298
0.1182
0.1089
0.1168
0.12109999999999999
2.4581999999999997
2.2021
0.7446999999999999
0.3094
0.1754
0.1412
0.1379
0.15789999999999998
0.185
0.2107
0.2281
0.2384
0.2398
0.2371
0.25170000000000003
0.3102
0.4138
0.5077
0.441
0.3135
0.26839999999999997
0.24120000000000003
0.2145
0.20090000000000002
0.0853
0.0827
0.0847
0.08449999999999999
0.0896
0.09090000000000001
0.09490000000000001
0.1674
0.9917
0.5018
0.3301
0.2921
0.3468
1.5793
0.4431
0.2314
0.2306
1.0840999999999998
0.9845999999999999
0.3896
0.4
0.31110000000000004
0.17370000000000002
0.1112
0.0407
0.0487
0.0442
0.032600000000000004
0.030900000000000004
0.1328
0.5650999999999999
0.8287
0.10389999999999999
1.352
0.794
0.1876
0.15689999999999998
0.1746
0.13690000000000002
0.4104
0.3139
0.0504
0.0314
0.07189999999999999
0.07500000000000001
0.0911
0.0833
0.0862
1.5391000000000001
0.3823
0.36750000000000005
0.3623
0.3574
0.3773
0.3844
0.406
0.4073
0.4397
0.5911
1.0517
0.48610000000000003
0.3594
0.34540000000000004
0.30879999999999996
0.31320000000000003
0.3327
0.424
1.3436
0.4653
0.5254
0.5073
2.2624
4.0706
0.23099999999999998
0.2567
0.1624
0.0504
0.0065
0.0
0.0607
0.1022
0.0691
0.038400000000000004
0.0
0.059
0.037
0.0125
0.0249
0.0
0.0
0.0
1.903
6.3523
4.4927
5.1759
8.236799999999999
0.8707
0.8628
0.804
0.8177000000000001
0.847
1.0598
1.1169
0.5283
0.4023
0.3389
0.3312
0.3337
0.3516
0.3623
0.37770000000000004
0.4425
0.6353
0.9381
2.0714
1.9185999999999999
0.9487000000000001
0.7569
0.6584
2.8409999999999997
0.1163
0.1149
0.1118
0.11410000000000001
0.11510000000000001
0.121
0.1116
0.1048
0.1318
0.1258
0.1199
0.1238
0.1253
0.14539999999999997
0.1631
0.15460000000000002
0.1222
0.1233
0.122
0.1298
0.1182
0.1089
0.1168
0.12109999999999999
2.4581999999999997
2.2021
0.7446999999999999
0.3094
0.1754
0.1412
0.1379
0.15789999999999998
0.185
0.2107
0.2281
0.2384
0.2398
0.2371
0.25170000000000003
0.3102
0.4138
0.5077
0.441
0.3135
0.26839999999999997
0.24120000000000003
0.2145
0.20090000000000002
0.0853
0.0827
0.0847
0.08449999999999999
0.0896
0.09090000000000001
0.09490000000000001
0.1674
0.9917
0.5018
0.3301
0.2921
0.3468
1.5793
0.4431
0.2314
0.2306
1.0840999999999998
0.9845999999999999
0.3896
0.4
0.31110000000000004
0.17370000000000002
0.1112
0.0407
0.0487
0.0442
0.032600000000000004
0.030900000000000004
0.1328
0.5650999999999999
0.8287
0.10389999999999999
1.352
0.794
0.1876
0.15689999999999998
0.1746
0.13690000000000002
0.4104
0.3139
0.0504
0.0314
0.07189999999999999
0.07500000000000001
0.0911
0.0833
0.0862
1.5391000000000001
0.3823
0.36750000000000005
0.3623
0.3574
0.3773
0.3844
0.406
0.4073
0.4397
0.5911
1.0517
0.48610000000000003
0.3594
0.34540000000000004
0.30879999999999996
0.31320000000000003
0.3327
0.424
1.3436
0.4653
0.5254
0.5073
2.2624
4.0706
0.23099999999999998
0.2567
0.1624
0.0504
0.0065
0.0
0.0607
0.1022
0.0691
0.038400000000000004
0.0
0.059
0.037
0.0125
0.0249
0.0
0.0
0.0
1.903
6.3523
4.4927
5.1759
8.236799999999999
0.8707
0.8628
0.804
0.8177000000000001
0.847
1.0598
1.1169
0.5283
0.4023
0.3389
0.3312
0.3337
0.3516
0.3623
0.37770000000000004
0.4425
0.6353
0.9381
2.0714
1.9185999999999999
0.9487000000000001
0.7569
0.6584
2.8409999999999997
0.1163
0.1149
0.1118
0.11410000000000001
0.11510000000000001
0.121
0.1116
0.1048
0.1318
0.1258
0.1199
0.1238
0.1253
0.14539999999999997
0.1631
0.15460000000000002
0.1222
0.1233
0.122
0.1298
0.1182
0.1089
0.1168
0.12109999999999999
2.4581999999999997
2.2021
0.7446999999999999
0.3094
0.1754
0.1412
0.1379
0.15789999999999998
0.185
0.2107
0.2281
0.2384
0.2398
0.2371
0.25170000000000003
0.3102
0.4138
0.5077
0.441
0.3135
0.26839999999999997
0.24120000000000003
0.2145
0.20090000000000002
0.0853
0.0827
0.0847
0.08449999999999999
0.0896
0.09090000000000001
0.09490000000000001
0.1674
0.9917
0.5018
0.3301
0.2921
0.3468
1.5793
0.4431
0.2314
0.2306
1.0840999999999998
0.9845999999999999
0.3896
0.4
0.31110000000000004
0.17370000000000002
0.1112
0.0407
0.0487
0.0442
0.032600000000000004
0.030900000000000004
0.1328
0.5650999999999999
0.8287
0.10389999999999999
1.352
0.794
0.1876
0.15689999999999998
0.1746
0.13690000000000002
0.4104
0.3139
0.0504
0.0314
0.07189999999999999
0.07500000000000001
0.0911
0.0833
0.0862
1.5391000000000001
0.3823
0.36750000000000005
0.3623
0.3574
0.3773
0.3844
0.406
0.4073
0.4397
0.5911
1.0517
0.48610000000000003
0.3594
0.34540000000000004
0.30879999999999996
0.31320000000000003
0.3327
0.424
1.3436
0.4653
0.5254
0.5073
2.2624
4.0706
0.23099999999999998
0.2567
0.1624
0.0504
0.0065
0.0
0.0607
0.1022
0.0691
0.038400000000000004
0.0
0.059
0.037
0.0125
0.0249
0.0
0.0
0.0
1.903
6.3523
4.4927
5.1759
8.236799999999999
0.8707
0.8628
0.804
0.8177000000000001
0.847
1.0598
1.1169
0.5283
0.4023
0.3389
0.3312
0.3337
0.3516
0.3623
0.37770000000000004
0.4425
0.6353
0.9381
2.0714
1.9185999999999999
0.9487000000000001
0.7569
0.6584
2.8409999999999997
0.1163
0.1149
0.1118
0.11410000000000001
0.11510000000000001
0.121
0.1116
0.1048
0.1318
0.1258
0.1199
0.1238
0.1253
0.14539999999999997
0.1631
0.15460000000000002
0.1222
0.1233
0.122
0.1298
0.1182
0.1089
0.1168
0.12109999999999999
2.4581999999999997
2.2021
0.7446999999999999
0.3094
0.1754
0.1412
0.1379
0.15789999999999998
0.185
0.2107
0.2281
0.2384
0.2398
0.2371
0.25170000000000003
0.3102
0.4138
0.5077
0.441
0.3135
0.26839999999999997
0.24120000000000003
0.2145
0.20090000000000002
0.0853
0.0827
0.0847
0.08449999999999999
0.0896
0.09090000000000001
0.09490000000000001
0.1674
0.9917
0.5018
0.3301
0.2921
0.3468
1.5793
0.4431
0.2314
0.2306
1.0840999999999998
0.9845999999999999
0.3896
0.4
0.31110000000000004
0.17370000000000002
0.1112
0.5278
0.9197
0.3679
0.43589999999999995
0.44289999999999996
0.3938
0.3825
0.3584
0.29410000000000003
0.2841
0.2737
0.5909
0.5674
0.4311
0.486
0.6991
1.1423999999999999
1.2157
0.8908
0.5855999999999999
0.5736
0.5881
0.6058
0.6311
0.5958
0.5466
0.5094
0.4672
0.48760000000000003
0.7431
1.4691999999999998
0.6758
0.2824
0.2475
0.2273
0.2373
0.2272
0.2278
0.2621
0.386
0.6412
0.3987
0.4317
0.4413
0.5305
0.869
1.0518
3.3838
1.4466
0.0
0.0491
0.0
0.0
0.0
1.3723
1.2321
0.8867
0.3361
0.1725
0.3899
0.23829999999999998
0.1962
2.9231000000000003
3.094
2.4512
6.266
4.391
1.4306999999999999
0.47750000000000004
0.054
0.0
0.0
0.363
0.3267
0.3147
0.3067
0.3106
0.32099999999999995
0.3417
0.3851
0.5039
0.6188
0.6900999999999999
0.7398
0.6706000000000001
0.6592
0.8665
0.898
0.7977000000000001
0.6852
0.7835
0.5621
0.5968
0.7216
1.4633
1.5402
3.0739
6.8461
8.199300000000001
9.754
0.3952
0.2721
1.2652
2.641
0.0285
0.10189999999999999
0.21710000000000002
0.2996
0.2746
0.2733
0.21039999999999998
0.1394
0.1387
0.0698
1.55
0.7893
0.6786
0.8819
1.3519
1.2894
0.2492
0.2557
0.25570000000000004
0.2513
0.2445
0.24980000000000002
0.3437
0.415
1.7127
0.32030000000000003
0.2585
0.3389
0.3508
0.4088
1.9421
0.4288
1.4266
0.6453
0.42979999999999996
0.3488
0.127
0.032
0.0288
0.0431
2.003
1.0405
0.22849999999999998
0.1895
0.2379
0.2885
0.634
0.7030000000000001
0.3599
0.3242
0.3174
0.3045
0.2979
0.3025
0.3315
0.3186
0.3075
0.3278
0.3577
0.5936
0.5368999999999999
0.5746
0.5589999999999999
0.717
0.5278
0.9197
0.3679
0.43589999999999995
0.44289999999999996
0.3938
0.3825
0.3584
0.29410000000000003
0.2841
0.2737
0.5909
0.5674
0.4311
0.486
0.6991
1.1423999999999999
1.2157
0.8908
0.5855999999999999
0.5736
0.5881
0.6058
0.6311
0.5958
0.5466
0.5094
0.4672
0.48760000000000003
0.7431
1.4691999999999998
0.6758
0.2824
0.2475
0.2273
0.2373
0.2272
0.2278
0.2621
0.386
0.6412
0.3987
0.4317
0.4413
0.5305
0.869
1.0518
3.3838
1.4466
0.0
0.0491
0.0
0.0
0.0
1.3723
1.2321
0.8867
0.3361
0.1725
0.3899
0.23829999999999998
0.1962
2.9231000000000003
3.094
2.4512
6.266
4.391
1.4306999999999999
0.47750000000000004
0.054
0.0
0.0
0.363
0.3267
0.3147
0.3067
0.3106
0.32099999999999995
0.3417
0.3851
0.5039
0.6188
0.6900999999999999
0.7398
0.6706000000000001
0.6592
0.8665
0.898
0.7977000000000001
0.6852
0.7835
0.5621
0.5968
0.7216
1.4633
1.5402
3.0739
6.8461
8.199300000000001
9.754
0.3952
0.2721
1.2652
2.641
0.0285
0.10189999999999999
0.21710000000000002
0.2996
0.2746
0.2733
0.21039999999999998
0.1394
0.1387
0.0698
1.55
0.7893
0.6786
0.8819
1.3519
1.2894
0.2492
0.2557
0.25570000000000004
0.2513
0.2445
0.24980000000000002
0.3437
0.415
1.7127
0.32030000000000003
0.2585
0.3389
0.3508
0.4088
1.9421
0.4288
1.4266
0.6453
0.42979999999999996
0.3488
0.127
0.032
0.0288
0.0431
2.003
1.0405
0.22849999999999998
0.1895
0.2379
0.2885
0.634
0.7030000000000001
0.3599
0.3242
0.3174
0.3045
0.2979
0.3025
0.3315
0.3186
0.3075
0.3278
0.3577
0.5936
0.5368999999999999
0.5746
0.5589999999999999
0.717
0.5278
0.9197
0.3679
0.43589999999999995
0.44289999999999996
0.3938
0.3825
0.3584
0.29410000000000003
0.2841
0.2737
0.5909
0.5674
0.4311
0.486
0.6991
1.1423999999999999
1.2157
0.8908
0.5855999999999999
0.5736
0.5881
0.6058
0.6311
0.5958
0.5466
0.5094
0.4672
0.48760000000000003
0.7431
1.4691999999999998
0.6758
0.2824
0.2475
0.2273
0.2373
0.2272
0.2278
0.2621
0.386
0.6412
0.3987
0.4317
0.4413
0.5305
0.869
1.0518
3.3838
1.4466
0.0
0.0491
0.0
0.0
0.0
1.3723
1.2321
0.8867
0.3361
0.1725
0.3899
0.23829999999999998
0.1962
2.9231000000000003
3.094
2.4512
6.266
4.391
1.4306999999999999
0.47750000000000004
0.054
0.0
0.0
0.363
0.3267
0.3147
0.3067
0.3106
0.32099999999999995
0.3417
0.3851
0.5039
0.6188
0.6900999999999999
0.7398
0.6706000000000001
0.6592
0.8665
0.898
0.7977000000000001
0.6852
0.7835
0.5621
0.5968
0.7216
1.4633
1.5402
3.0739
6.8461
8.199300000000001
9.754
0.3952
0.2721
1.2652
2.641
0.0285
0.10189999999999999
0.21710000000000002
0.2996
0.2746
0.2733
0.21039999999999998
0.1394
0.1387
0.0698
1.55
0.7893
0.6786
0.8819
1.3519
1.2894
0.2492
0.2557
0.25570000000000004
0.2513
0.2445
0.24980000000000002
0.3437
0.415
1.7127
0.32030000000000003
0.2585
0.3389
0.3508
0.4088
1.9421
0.4288
1.4266
0.6453
0.42979999999999996
0.3488
0.127
0.032
0.0288
0.0431
2.003
1.0405
0.22849999999999998
0.1895
0.2379
0.2885
0.634
0.7030000000000001
0.3599
0.3242
0.3174
0.3045
0.2979
0.3025
0.3315
0.3186
0.3075
0.3278
0.3577
0.5936
0.5368999999999999
0.5746
0.5589999999999999
0.717
0.5278
0.9197
0.3679
0.43589999999999995
0.44289999999999996
0.3938
0.3825
0.3584
0.29410000000000003
0.2841
0.2737
0.5909
0.5674
0.4311
0.486
0.6991
1.1423999999999999
1.2157
0.8908
0.5855999999999999
0.5736
0.5881
0.6058
0.6311
0.5958
0.5466
0.5094
0.4672
0.48760000000000003
0.7431
1.4691999999999998
0.6758
0.2824
0.2475
0.2273
0.2373
0.2272
0.2278
0.2621
0.386
0.6412
0.3987
0.4317
0.4413
0.5305
0.869
1.0518
3.3838
1.4466
0.0
0.0491
0.0
0.0
0.0
1.3723
1.2321
0.8867
0.3361
0.1725
0.3899
0.23829999999999998
0.1962
2.9231000000000003
3.094
2.4512
6.266
4.391
1.4306999999999999
0.47750000000000004
0.054
0.0
0.0
0.363
0.3267
0.3147
0.3067
0.3106
0.32099999999999995
0.3417
0.3851
0.5039
0.6188
0.6900999999999999
0.7398
0.6706000000000001
0.6592
0.8665
0.898
0.7977000000000001
0.6852
0.7835
0.5621
0.5968
0.7216
1.4633
1.5402
3.0739
6.8461
8.199300000000001
9.754
0.3952
0.2721
1.2652
2.641
0.0285
0.10189999999999999
0.21710000000000002
0.2996
0.2746
0.2733
0.21039999999999998
0.1394
0.1387
0.0698
1.55
0.7893
0.6786
0.8819
1.3519
1.2894
0.2492
0.2557
0.25570000000000004
0.2513
0.2445
0.24980000000000002
0.3437
0.415
1.7127
0.32030000000000003
0.2585
0.3389
0.3508
0.4088
1.9421
0.4288
1.4266
0.6453
0.42979999999999996
0.3488
0.127
0.032
0.0288
0.0431
2.003
1.0405
0.22849999999999998
0.1895
0.2379
0.2885
0.634
0.7030000000000001
0.3599
0.3242
0.3174
0.3045
0.2979
0.3025
0.3315
0.3186
0.3075
0.3278
0.3577
0.5936
0.5368999999999999
0.5746
0.5589999999999999
0.717
0.5278
0.9197
0.3679
0.43589999999999995
0.44289999999999996
0.3938
0.3825
0.3584
0.29410000000000003
0.2841
0.2737
0.5909
0.5674
0.4311
0.486
0.6991
1.1423999999999999
1.2157
0.8908
0.5855999999999999
0.5736
0.5881
0.6058
0.6311
0.5958
0.5466
0.5094
0.4672
0.48760000000000003
0.7431
1.4691999999999998
0.6758
0.2824
0.2475
0.2273
0.2373
0.2272
0.2278
0.2621
0.386
0.6412
0.3987
0.4317
0.4413
0.5305
0.869
1.0518
3.3838
0.1679
0.0
0.0
0.0
0.0
0.0
0.0
0.0151
0.0711
0.0608
0.055
0.019799999999999998
0.0794
2.0983
0.4221
0.0125
0.0
1.2251
0.013999999999999999
0.0
0.0
0.0
0.0675
2.8037
1.8107
5.0195
5.265
5.2943999999999996
3.5746
1.2415
0.813
0.8109999999999999
0.4142
0.3049
0.27
0.2857
0.2598
0.22870000000000001
0.1953
0.2028
0.2185
0.1439
2.0633
0.19640000000000002
0.45020000000000004
0.5376
2.8810000000000002
4.276
0.4628
0.5566
0.5133000000000001
0.3993
1.046
0.39039999999999997
0.6332
1.1516
0.7856000000000001
0.9311
2.0856000000000003
1.24
0.7369
0.6476
0.6191
0.9104000000000001
1.7854999999999999
1.8202
1.3223
0.3552
0.0854
0.0654
0.0611
0.0659
0.1593
0.1629
0.16499999999999998
0.1592
0.1581
0.15610000000000002
0.163
0.14579999999999999
0.17020000000000002
0.2059
0.2187
0.183
0.2566
0.4571
0.1062
0.0844
0.13899999999999998
0.1517
0.0259
0.0032
0.0029
0.0134
0.29300000000000004
0.24860000000000002
1.115
1.8927
1.3092000000000001
0.3242
0.241
0.2224
0.2611
0.3667
0.5811
0.7924
0.9568
0.4681
0.1518
0.13319999999999999
0.13419999999999999
0.1305
0.1258
1.8462
0.27749999999999997
0.3688
0.4053
0.36560000000000004
0.3146
0.2496
1.2412999999999998
0.7429
0.6009
0.5809
0.5671999999999999
0.6011
0.6523
0.7031000000000001
0.7714000000000001
0.8303
0.9178
1.0171000000000001
0.8685
0.8245
0.8324
0.8577
1.5423
1.4609999999999999
1.6069
1.4642
1.1019999999999999
0.8264
0.6574
1.0695000000000001
0.3649
0.38070000000000004
0.6491
0.8955
0.2947
0.3326
0.36519999999999997
0.395
0.3982
0.4184
0.44410000000000005
0.4759
0.52
0.5670999999999999
0.6767000000000001
0.5763
0.7191000000000001
1.5842
1.3258999999999999
0.9224999999999999
0.5640000000000001
0.4195
0.3357
0.3296
0.1679
0.0
0.0
0.0
0.0
0.0
0.0
0.0151
0.0711
0.0608
0.055
0.019799999999999998
0.0794
2.0983
0.4221
0.0125
0.0
1.2251
0.013999999999999999
0.0
0.0
0.0
0.0675
2.8037
1.8107
5.0195
5.265
5.2943999999999996
3.5746
1.2415
0.813
0.8109999999999999
0.4142
0.3049
0.27
0.2857
0.2598
0.22870000000000001
0.1953
0.2028
0.2185
0.1439
2.0633
0.19640000000000002
0.45020000000000004
0.5376
2.8810000000000002
4.276
0.4628
0.5566
0.5133000000000001
0.3993
1.046
0.39039999999999997
0.6332
1.1516
0.7856000000000001
0.9311
2.0856000000000003
1.24
0.7369
0.6476
0.6191
0.9104000000000001
1.7854999999999999
1.8202
1.3223
0.3552
0.0854
0.0654
0.0611
0.0659
0.1593
0.1629
0.16499999999999998
0.1592
0.1581
0.15610000000000002
0.163
0.14579999999999999
0.17020000000000002
0.2059
0.2187
0.183
0.2566
0.4571
0.1062
0.0844
0.13899999999999998
0.1517
0.0259
0.0032
0.0029
0.0134
0.29300000000000004
0.24860000000000002
1.115
1.8927
1.3092000000000001
0.3242
0.241
0.2224
0.2611
0.3667
0.5811
0.7924
0.9568
0.4681
0.1518
0.13319999999999999
0.13419999999999999
0.1305
0.1258
1.8462
0.27749999999999997
0.3688
0.4053
0.36560000000000004
0.3146
0.2496
1.2412999999999998
0.7429
0.6009
0.5809
0.5671999999999999
0.6011
0.6523
0.7031000000000001
0.7714000000000001
0.8303
0.9178
1.0171000000000001
0.8685
0.8245
0.8324
0.8577
1.5423
1.4609999999999999
1.6069
1.4642
1.1019999999999999
0.8264
0.6574
1.0695000000000001
0.3649
0.38070000000000004
0.6491
0.8955
0.2947
0.3326
0.36519999999999997
0.395
0.3982
0.4184
0.44410000000000005
0.4759
0.52
0.5670999999999999
0.6767000000000001
0.5763
0.7191000000000001
1.5842
1.3258999999999999
0.9224999999999999
0.5640000000000001
0.4195
0.3357
0.3296
0.1679
0.0
0.0
0.0
0.0
0.0
0.0
0.0151
0.0711
0.0608
0.055
0.019799999999999998
0.0794
2.0983
0.4221
0.0125
0.0
1.2251
0.013999999999999999
0.0
0.0
0.0
0.0675
2.8037
1.8107
5.0195
5.265
5.2943999999999996
3.5746
1.2415
0.813
0.8109999999999999
0.4142
0.3049
0.27
0.2857
0.2598
0.22870000000000001
0.1953
0.2028
0.2185
0.1439
2.0633
0.19640000000000002
0.45020000000000004
0.5376
2.8810000000000002
4.276
0.4628
0.5566
0.5133000000000001
0.3993
1.046
0.39039999999999997
0.6332
1.1516
0.7856000000000001
0.9311
2.0856000000000003
1.24
0.7369
0.6476
0.6191
0.9104000000000001
1.7854999999999999
1.8202
1.3223
0.3552
0.0854
0.0654
0.0611
0.0659
0.1593
0.1629
0.16499999999999998
0.1592
0.1581
0.15610000000000002
0.163
0.14579999999999999
0.17020000000000002
0.2059
0.2187
0.183
0.2566
0.4571
0.1062
0.0844
0.13899999999999998
0.1517
0.0259
0.0032
0.0029
0.0134
0.29300000000000004
0.24860000000000002
1.115
1.8927
1.3092000000000001
0.3242
0.241
0.2224
0.2611
0.3667
0.5811
0.7924
0.9568
0.4681
0.1518
0.13319999999999999
0.13419999999999999
0.1305
0.1258
1.8462
0.27749999999999997
0.3688
0.4053
0.36560000000000004
0.3146
0.2496
1.2412999999999998
0.7429
0.6009
0.5809
0.5671999999999999
0.6011
0.6523
0.7031000000000001
0.7714000000000001
0.8303
0.9178
1.0171000000000001
0.8685
0.8245
0.8324
0.8577
1.5423
1.4609999999999999
1.6069
1.4642
1.1019999999999999
0.8264
0.6574
1.0695000000000001
0.3649
0.38070000000000004
0.6491
0.8955
0.2947
0.3326
0.36519999999999997
0.395
0.3982
0.4184
0.44410000000000005
0.4759
0.52
0.5670999999999999
0.6767000000000001
0.5763
0.7191000000000001
1.5842
1.3258999999999999
0.9224999999999999
0.5640000000000001
0.4195
0.3357
0.3296
0.1679
0.0
0.0
0.0
0.0
0.0
0.0
0.0151
0.0711
0.0608
0.055
0.019799999999999998
0.0794
2.0983
0.4221
0.0125
0.0
1.2251
0.013999999999999999
0.0
0.0
0.0
0.0675
2.8037
1.8107
5.0195
5.265
5.2943999999999996
3.5746
1.2415
0.813
0.8109999999999999
0.4142
0.3049
0.27
0.2857
0.2598
0.22870000000000001
0.1953
0.2028
0.2185
0.1439
2.0633
0.19640000000000002
0.45020000000000004
0.5376
2.8810000000000002
4.276
0.4628
0.5566
0.5133000000000001
0.3993
1.046
0.39039999999999997
0.6332
1.1516
0.7856000000000001
0.9311
2.0856000000000003
1.24
0.7369
0.6476
0.6191
0.9104000000000001
1.7854999999999999
1.8202
1.3223
0.3552
0.0854
0.0654
0.0611
0.0659
0.1593
0.1629
0.16499999999999998
0.1592
0.1581
0.15610000000000002
0.163
0.14579999999999999
0.17020000000000002
0.2059
0.2187
0.183
0.2566
0.4571
0.1062
0.0844
0.13899999999999998
0.1517
0.0259
0.0032
0.0029
0.0134
0.29300000000000004
0.24860000000000002
1.115
1.8927
1.3092000000000001
0.3242
0.241
0.2224
0.2611
0.3667
0.5811
0.7924
0.9568
0.4681
0.1518
0.13319999999999999
0.13419999999999999
0.1305
0.1258
1.8462
0.27749999999999997
0.3688
0.4053
0.36560000000000004
0.3146
0.2496
1.2412999999999998
0.7429
0.6009
0.5809
0.5671999999999999
0.6011
0.6523
0.7031000000000001
0.7714000000000001
0.8303
0.9178
1.0171000000000001
0.8685
0.8245
0.8324
0.8577
1.5423
1.4609999999999999
1.6069
1.4642
1.1019999999999999
0.8264
0.6574
1.0695000000000001
0.3649
0.38070000000000004
0.6491
0.8955
0.2947
0.3326
0.36519999999999997
0.395
0.3982
0.4184
0.44410000000000005
0.4759
0.52
0.5670999999999999
0.6767000000000001
0.5763
0.7191000000000001
1.5842
1.3258999999999999
0.9224999999999999
0.5640000000000001
0.4195
0.3357
0.3296
0.1679
0.0
0.0
0.0
0.0
0.0
0.0
0.0151
0.0711
0.0608
0.055
0.019799999999999998
0.0794
2.0983
0.4221
0.0125
0.0
1.2251
0.013999999999999999
0.0
0.0
0.0
0.0675
2.8037
1.8107
5.0195
5.265
5.2943999999999996
3.5746
1.2415
0.813
0.8109999999999999
0.4142
0.3049
0.27
0.2857
0.2598
0.22870000000000001
0.1953
0.2028
0.2185
0.1439
2.0633
0.19640000000000002
0.45020000000000004
0.5376
2.8810000000000002
4.276
0.4628
0.5566
0.5133000000000001
0.3993
1.046
0.39039999999999997
0.6332
1.1516
0.7856000000000001
0.9311
2.0856000000000003
1.24
0.7369
0.6476
0.6191
0.9104000000000001
1.7854999999999999
1.8202
1.3223
0.3552
0.0854
0.0654
0.0611
0.0659
3.1518
2.9207
1.8220999999999998
0.4654
0.6452
0.5769
0.1897
0.1885
0.09290000000000001
0.0824
0.08460000000000001
0.010400000000000001
0.0428
0.0484
0.098
0.0076
0.0
0.0
0.0
4.1178
0.056
5.181
5.475099999999999
4.9109
0.0482
0.0383
0.0195
0.0213
0.0224
0.026099999999999998
0.0095
0.0023
0.0162
0.0222
0.038
0.054400000000000004
0.1356
1.2477
0.2776
0.0124
0.0032
0.0143
0.0122
0.157
0.2464
0.17170000000000002
0.0906
0.1077
0.15460000000000002
0.1488
0.1486
0.1449
0.1491
0.15860000000000002
0.1779
0.2489
0.3004
0.9749
0.745
0.7367
0.3095
0.2691
0.2669
0.2741
0.32089999999999996
0.6505000000000001
0.6035999999999999
0.5877
0.4965
0.3398
0.2233
0.1748
0.26180000000000003
0.27080000000000004
0.2601
0.248
0.23859999999999998
0.24270000000000003
0.2714
0.3022
0.9286000000000001
0.5234000000000001
0.5550999999999999
0.7425999999999999
0.47250000000000003
0.4108
0.435
0.5078
1.4777
2.2095000000000002
1.1113
0.33909999999999996
0.3778
0.34819999999999995
0.3356
0.30210000000000004
0.8186
0.1026
0.221
0.0978
0.0322
0.0228
0.0281
0.0382
0.0466
0.07
0.0458
0.0632
0.043
0.0324
0.0308
0.019
0.0179
0.047599999999999996
0.687
0.1689
0.0
0.0017
0.2021
0.7581
0.2888
0.2909
0.2901
0.2937
0.2976
0.3145
0.2998
0.30610000000000004
0.3792
0.4629
0.5782
0.7039
0.42179999999999995
0.3176
0.5744
0.6257
0.5849
0.4758
0.2626
0.4689
0.5936
0.5264
0.5467
2.1344
2.6749
1.5069
0.7363
0.6674
0.5022
0.3735
0.3056
0.3029
0.4496
0.5381
0.48869999999999997
0.1857
0.0594
0.036699999999999997
0.0317
0.0574
0.08460000000000001
0.20199999999999999
0.9527
0.1775
0.0988
0.0889
0.8843000000000001
1.0346
3.1518
2.9207
1.8220999999999998
0.4654
0.6452
0.5769
0.1897
0.1885
0.09290000000000001
0.0824
0.08460000000000001
0.010400000000000001
0.0428
0.0484
0.098
0.0076
0.0
0.0
0.0
4.1178
0.056
5.181
5.475099999999999
4.9109
0.0482
0.0383
0.0195
0.0213
0.0224
0.026099999999999998
0.0095
0.0023
0.0162
0.0222
0.038
0.054400000000000004
0.1356
1.2477
0.2776
0.0124
0.0032
0.0143
0.0122
0.157
0.2464
0.17170000000000002
0.0906
0.1077
0.15460000000000002
0.1488
0.1486
0.1449
0.1491
0.15860000000000002
0.1779
0.2489
0.3004
0.9749
0.745
0.7367
0.3095
0.2691
0.2669
0.2741
0.32089999999999996
0.6505000000000001
0.6035999999999999
0.5877
0.4965
0.3398
0.2233
0.1748
0.26180000000000003
0.27080000000000004
0.2601
0.248
0.23859999999999998
0.24270000000000003
0.2714
0.3022
0.9286000000000001
0.5234000000000001
0.5550999999999999
0.7425999999999999
0.47250000000000003
0.4108
0.435
0.5078
1.4777
2.2095000000000002
1.1113
0.33909999999999996
0.3778
0.34819999999999995
0.3356
0.30210000000000004
0.8186
0.1026
0.221
0.0978
0.0322
0.0228
0.0281
0.0382
0.0466
0.07
0.0458
0.0632
0.043
0.0324
0.0308
0.019
0.0179
0.047599999999999996
0.687
0.1689
0.0
0.0017
0.2021
0.7581
0.2888
0.2909
0.2901
0.2937
0.2976
0.3145
0.2998
0.30610000000000004
0.3792
0.4629
0.5782
0.7039
0.42179999999999995
0.3176
0.5744
0.6257
0.5849
0.4758
0.2626
0.4689
0.5936
0.5264
0.5467
2.1344
2.6749
1.5069
0.7363
0.6674
0.5022
0.3735
0.3056
0.3029
0.4496
0.5381
0.48869999999999997
0.1857
0.0594
0.036699999999999997
0.0317
0.0574
0.08460000000000001
0.20199999999999999
0.9527
0.1775
0.0988
0.0889
0.8843000000000001
1.0346
3.1518
2.9207
1.8220999999999998
0.4654
0.6452
0.5769
0.1897
0.1885
0.09290000000000001
0.0824
0.08460000000000001
0.010400000000000001
0.0428
0.0484
0.098
0.0076
0.0
0.0
0.0
4.1178
0.056
5.181
5.475099999999999
4.9109
0.0482
0.0383
0.0195
0.0213
0.0224
0.026099999999999998
0.0095
0.0023
0.0162
0.0222
0.038
0.054400000000000004
0.1356
1.2477
0.2776
0.0124
0.0032
0.0143
0.0122
0.157
0.2464
0.17170000000000002
0.0906
0.1077
0.15460000000000002
0.1488
0.1486
0.1449
0.1491
0.15860000000000002
0.1779
0.2489
0.3004
0.9749
0.745
0.7367
0.3095
0.2691
0.2669
0.2741
0.32089999999999996
0.6505000000000001
0.6035999999999999
0.5877
0.4965
0.3398
0.2233
0.1748
0.26180000000000003
0.27080000000000004
0.2601
0.248
0.23859999999999998
0.24270000000000003
0.2714
0.3022
0.9286000000000001
0.5234000000000001
0.5550999999999999
0.7425999999999999
0.47250000000000003
0.4108
0.435
0.5078
1.4777
2.2095000000000002
1.1113
0.33909999999999996
0.3778
0.34819999999999995
0.3356
0.30210000000000004
0.8186
0.1026
0.221
0.0978
0.0322
0.0228
0.0281
0.0382
0.0466
0.07
0.0458
0.0632
0.043
0.0324
0.0308
0.019
0.0179
0.047599999999999996
0.687
0.1689
0.0
0.0017
0.2021
0.7581
0.2888
0.2909
0.2901
0.2937
0.2976
0.3145
0.2998
0.30610000000000004
0.3792
0.4629
0.5782
0.7039
0.42179999999999995
0.3176
0.5744
0.6257
0.5849
0.4758
0.2626
0.4689
0.5936
0.5264
0.5467
2.1344
2.6749
1.5069
0.7363
0.6674
0.5022
0.3735
0.3056
0.3029
0.4496
0.5381
0.48869999999999997
0.1857
0.0594
0.036699999999999997
0.0317
0.0574
0.08460000000000001
0.20199999999999999
0.9527
0.1775
0.0988
0.0889
0.8843000000000001
1.0346
3.1518
2.9207
1.8220999999999998
0.4654
0.6452
0.5769
0.1897
0.1885
0.09290000000000001
0.0824
0.08460000000000001
0.010400000000000001
0.0428
0.0484
0.098
0.0076
0.0
0.0
0.0
4.1178
0.056
5.181
5.475099999999999
4.9109
0.0482
0.0383
0.0195
0.0213
0.0224
0.026099999999999998
0.0095
0.0023
0.0162
0.0222
0.038
0.054400000000000004
0.1356
1.2477
0.2776
0.0124
0.0032
0.0143
0.0122
0.157
0.2464
0.17170000000000002
0.0906
0.1077
0.15460000000000002
0.1488
0.1486
0.1449
0.1491
0.15860000000000002
0.1779
0.2489
0.3004
0.9749
0.745
0.7367
0.3095
0.2691
0.2669
0.2741
0.32089999999999996
0.6505000000000001
0.6035999999999999
0.5877
0.4965
0.3398
0.2233
0.1748
0.26180000000000003
0.27080000000000004
0.2601
0.248
0.23859999999999998
0.24270000000000003
0.2714
0.3022
0.9286000000000001
0.5234000000000001
0.5550999999999999
0.7425999999999999
0.47250000000000003
0.4108
0.435
0.5078
1.4777
2.2095000000000002
1.1113
0.33909999999999996
0.3778
0.34819999999999995
0.3356
0.30210000000000004
0.8186
0.1026
0.221
0.0978
0.0322
0.0228
0.0281
0.0382
0.0466
0.07
0.0458
0.0632
0.043
0.0324
0.0308
0.019
0.0179
0.047599999999999996
0.687
0.1689
0.0
0.0017
0.2021
0.7581
0.2888
0.2909
0.2901
0.2937
0.2976
0.3145
0.2998
0.30610000000000004
0.3792
0.4629
0.5782
0.7039
0.42179999999999995
0.3176
0.5744
0.6257
0.5849
0.4758
0.2626
0.4689
0.5936
0.5264
0.5467
2.1344
2.6749
1.5069
0.7363
0.6674
0.5022
0.3735
0.3056
0.3029
0.4496
0.5381
0.48869999999999997
0.1857
0.0594
0.036699999999999997
0.0317
0.0574
0.08460000000000001
0.20199999999999999
0.9527
0.1775
0.0988
0.0889
0.8843000000000001
1.0346
3.1518
2.9207
1.8220999999999998
0.4654
0.6452
0.5769
0.1897
0.1885
0.09290000000000001
0.0824
0.08460000000000001
0.010400000000000001
0.0428
0.0484
0.098
0.0076
0.0
0.0
0.0
4.1178
0.056
5.181
5.475099999999999
4.9109
0.0482
0.0383
0.0195
0.0213
0.0224
0.026099999999999998
0.0095
0.0023
0.0162
0.0222
0.038
0.054400000000000004
0.1356
1.2477
0.2776
0.0124
0.0032
0.0143
0.0122
0.157
0.2464
0.17170000000000002
0.0906
0.1077
0.15460000000000002
0.1488
0.1486
0.1449
0.1491
0.15860000000000002
0.1779
0.2489
0.3004
0.9749
0.745
0.7367
0.3095
0.2691
0.2669
0.2741
0.32089999999999996
0.6505000000000001
0.6035999999999999
0.5877
0.4965
0.3398
0.2233
0.1748
0.19390000000000002
2.3728
0.448
0.4587
0.2768
0.2069
0.1876
0.20350000000000001
0.19240000000000002
0.1785
0.1856
0.1858
0.1941
0.4263
1.0487
0.25129999999999997
0.2304
0.2569
0.3155
0.3733
0.3201
0.24130000000000001
0.2002
0.19590000000000002
2.3651
1.9721000000000002
0.1981
0.1595
0.2203
0.30820000000000003
0.4363
0.1639
0.15039999999999998
0.1263
0.1285
0.13440000000000002
0.14
0.1515
0.2077
0.35829999999999995
1.8965
1.4824000000000002
0.8182
0.7721
0.6471
0.54
0.4073
0.4717
4.7846
2.1296
4.9498
3.2341
0.1898
0.6864
0.8980999999999999
2.9086999999999996
0.2426
0.42879999999999996
0.3744
0.4881
0.5322
0.4749
0.4676
1.1371
0.8612
0.7444
0.6233
0.5984
0.5688
0.423
1.7229
0.0256
0.6263000000000001
0.6649
0.6258
0.6037
0.589
0.6219
0.7351000000000001
0.8763000000000001
0.3952
0.3861
0.38539999999999996
0.38939999999999997
0.402
0.3932
0.4162
0.4558
0.5588
1.941
1.0513
0.8452999999999999
0.845
0.7696000000000001
0.7207
2.0764
2.7187
0.12619999999999998
0.1599
0.1688
0.16210000000000002
0.2077
0.2509
0.7518
1.0892
1.0986
0.8338000000000001
0.5129999999999999
0.47150000000000003
0.43320000000000003
0.3952
0.412
0.4615
1.6541000000000001
0.5478000000000001
0.4804
0.48940000000000006
0.8786
1.6152000000000002
1.6568
1.3445
0.1061
0.11810000000000001
0.13140000000000002
0.13269999999999998
0.1632
0.21209999999999998
0.7644
0.9187
0.835
0.4596
0.3087
0.2865
0.24
0.2132
0.2119
0.9742999999999999
0.3286
0.2267
0.2431
0.263
0.3859
0.4312
0.8054999999999999
6.622299999999999
7.2212
2.2824
0.0116
0.0666
0.0098
0.0141
0.0
0.1444
0.0
0.0858
0.0
0.3093
0.8674999999999999
0.0572
0.0
0.0
0.0367
0.0688
0.1255
0.15289999999999998
2.9038999999999997
7.958500000000001
9.9941
0.19390000000000002
2.3728
0.448
0.4587
0.2768
0.2069
0.1876
0.20350000000000001
0.19240000000000002
0.1785
0.1856
0.1858
0.1941
0.4263
1.0487
0.25129999999999997
0.2304
0.2569
0.3155
0.3733
0.3201
0.24130000000000001
0.2002
0.19590000000000002
2.3651
1.9721000000000002
0.1981
0.1595
0.2203
0.30820000000000003
0.4363
0.1639
0.15039999999999998
0.1263
0.1285
0.13440000000000002
0.14
0.1515
0.2077
0.35829999999999995
1.8965
1.4824000000000002
0.8182
0.7721
0.6471
0.54
0.4073
0.4717
4.7846
2.1296
4.9498
3.2341
0.1898
0.6864
0.8980999999999999
2.9086999999999996
0.2426
0.42879999999999996
0.3744
0.4881
0.5322
0.4749
0.4676
1.1371
0.8612
0.7444
0.6233
0.5984
0.5688
0.423
1.7229
0.0256
0.6263000000000001
0.6649
0.6258
0.6037
0.589
0.6219
0.7351000000000001
0.8763000000000001
0.3952
0.3861
0.38539999999999996
0.38939999999999997
0.402
0.3932
0.4162
0.4558
0.5588
1.941
1.0513
0.8452999999999999
0.845
0.7696000000000001
0.7207
2.0764
2.7187
0.12619999999999998
0.1599
0.1688
0.16210000000000002
0.2077
0.2509
0.7518
1.0892
1.0986
0.8338000000000001
0.5129999999999999
0.47150000000000003
0.43320000000000003
0.3952
0.412
0.4615
1.6541000000000001
0.5478000000000001
0.4804
0.48940000000000006
0.8786
1.6152000000000002
1.6568
1.3445
0.1061
0.11810000000000001
0.13140000000000002
0.13269999999999998
0.1632
0.21209999999999998
0.7644
0.9187
0.835
0.4596
0.3087
0.2865
0.24
0.2132
0.2119
0.9742999999999999
0.3286
0.2267
0.2431
0.263
0.3859
0.4312
0.8054999999999999
6.622299999999999
7.2212
2.2824
0.0116
0.0666
0.0098
0.0141
0.0
0.1444
0.0
0.0858
0.0
0.3093
0.8674999999999999
0.0572
0.0
0.0
0.0367
0.0688
0.1255
0.15289999999999998
2.9038999999999997
7.958500000000001
9.9941
0.19390000000000002
2.3728
0.448
0.4587
0.2768
0.2069
0.1876
0.20350000000000001
0.19240000000000002
0.1785
0.1856
0.1858
0.1941
0.4263
1.0487
0.25129999999999997
0.2304
0.2569
0.3155
0.3733
0.3201
0.24130000000000001
0.2002
0.19590000000000002
2.3651
1.9721000000000002
0.1981
0.1595
0.2203
0.30820000000000003
0.4363
0.1639
0.15039999999999998
0.1263
0.1285
0.13440000000000002
0.14
0.1515
0.2077
0.35829999999999995
1.8965
1.4824000000000002
0.8182
0.7721
0.6471
0.54
0.4073
0.4717
4.7846
2.1296
4.9498
3.2341
0.1898
0.6864
0.8980999999999999
2.9086999999999996
0.2426
0.42879999999999996
0.3744
0.4881
0.5322
0.4749
0.4676
1.1371
0.8612
0.7444
0.6233
0.5984
0.5688
0.423
1.7229
0.0256
0.6263000000000001
0.6649
0.6258
0.6037
0.589
0.6219
0.7351000000000001
0.8763000000000001
0.3952
0.3861
0.38539999999999996
0.38939999999999997
0.402
0.3932
0.4162
0.4558
0.5588
1.941
1.0513
0.8452999999999999
0.845
0.7696000000000001
0.7207
2.0764
2.7187
0.12619999999999998
0.1599
0.1688
0.16210000000000002
0.2077
0.2509
0.7518
1.0892
1.0986
0.8338000000000001
0.5129999999999999
0.47150000000000003
0.43320000000000003
0.3952
0.412
0.4615
1.6541000000000001
0.5478000000000001
0.4804
0.48940000000000006
0.8786
1.6152000000000002
1.6568
1.3445
0.1061
0.11810000000000001
0.13140000000000002
0.13269999999999998
0.1632
0.21209999999999998
0.7644
0.9187
0.835
0.4596
0.3087
0.2865
0.24
0.2132
0.2119
0.9742999999999999
0.3286
0.2267
0.2431
0.263
0.3859
0.4312
0.8054999999999999
6.622299999999999
7.2212
2.2824
0.0116
0.0666
0.0098
0.0141
0.0
0.1444
0.0
0.0858
0.0
0.3093
0.8674999999999999
0.0572
0.0
0.0
0.0367
0.0688
0.1255
0.15289999999999998
2.9038999999999997
7.958500000000001
9.9941
0.19390000000000002
2.3728
0.448
0.4587
0.2768
0.2069
0.1876
0.20350000000000001
0.19240000000000002
0.1785
0.1856
0.1858
0.1941
0.4263
1.0487
0.25129999999999997
0.2304
0.2569
0.3155
0.3733
0.3201
0.24130000000000001
0.2002
0.19590000000000002
2.3651
1.9721000000000002
0.1981
0.1595
0.2203
0.30820000000000003
0.4363
0.1639
0.15039999999999998
0.1263
0.1285
0.13440000000000002
0.14
0.1515
0.2077
0.35829999999999995
1.8965
1.4824000000000002
0.8182
0.7721
0.6471
0.54
0.4073
0.4717
4.7846
2.1296
4.9498
3.2341
0.1898
0.6864
0.8980999999999999
2.9086999999999996
0.2426
0.42879999999999996
0.3744
0.4881
0.5322
0.4749
0.4676
1.1371
0.8612
0.7444
0.6233
0.5984
0.5688
0.423
1.7229
0.0256
0.6263000000000001
0.6649
0.6258
0.6037
0.589
0.6219
0.7351000000000001
0.8763000000000001
0.3952
0.3861
0.38539999999999996
0.38939999999999997
0.402
0.3932
0.4162
0.4558
0.5588
1.941
1.0513
0.8452999999999999
0.845
0.7696000000000001
0.7207
2.0764
2.7187
0.12619999999999998
0.1599
0.1688
0.16210000000000002
0.2077
0.2509
0.7518
1.0892
1.0986
0.8338000000000001
0.5129999999999999
0.47150000000000003
0.43320000000000003
0.3952
0.412
0.4615
1.6541000000000001
0.5478000000000001
0.4804
0.48940000000000006
0.8786
1.6152000000000002
1.6568
1.3445
0.1061
0.11810000000000001
0.13140000000000002
0.13269999999999998
0.1632
0.21209999999999998
0.7644
0.9187
0.835
0.4596
0.3087
0.2865
0.24
0.2132
0.2119
0.9742999999999999
0.3286
0.2267
0.2431
0.263
0.3859
0.4312
0.8054999999999999
6.622299999999999
7.2212
2.2824
0.0116
0.0666
0.0098
0.0141
0.0
0.1444
0.0
0.0858
0.0
0.3093
0.8674999999999999
0.0572
0.0
0.0
0.0367
0.0688
0.1255
0.15289999999999998
2.9038999999999997
7.958500000000001
9.9941
0.19390000000000002
2.3728
0.448
0.4587
0.2768
0.2069
0.1876
0.20350000000000001
0.19240000000000002
0.1785
0.1856
0.1858
0.1941
0.4263
1.0487
0.25129999999999997
0.2304
0.2569
0.3155
0.3733
0.3201
0.24130000000000001
0.2002
0.19590000000000002
2.3651
1.9721000000000002
0.1981
0.1595
0.2203
0.30820000000000003
0.4363
0.1639
0.15039999999999998
0.1263
0.1285
0.13440000000000002
0.14
0.1515
0.2077
0.35829999999999995
1.8965
1.4824000000000002
0.8182
0.7721
0.6471
0.54
0.4073
0.4717
0.4555
0.38539999999999996
0.32999999999999996
0.3251
0.313
0.3215
0.3474
0.32520000000000004
0.9160999999999999
0.5526
0.6709
1.1477
0.9626999999999999
0.8148
0.9002
0.7395
1.3171
1.1559
0.8138000000000001
0.8662000000000001
1.291
1.3956
1.0915
0.782
0.5168
2.0375
2.5709999999999997
3.8806
3.4835000000000003
3.4651
3.5453
0.2667
0.0
1.0562
3.2340999999999998
2.835
1.2974999999999999
0.8246
1.1682
0.9454
0.754
1.7559
5.1719
1.9165
0.9983000000000001
0.9256
0.8086
0.9321
0.4466
0.40980000000000005
0.4006
0.3898
0.3954
0.3649
0.4014
0.7075
0.16599999999999998
0.093
0.08199999999999999
0.0762
0.0812
0.08510000000000001
0.0991
0.606
0.3225
0.4208
0.5276
0.9003000000000001
1.1594
0.8715999999999999
0.9418
2.3771
1.8305
3.6755
2.8442
0.0093
0.0181
0.1985
0.8032
3.0644
2.0185
0.6848000000000001
0.2548
0.209
0.2653
0.3074
0.442
1.7005
3.4000000000000004
4.3197
5.8675999999999995
5.7783999999999995
4.5133
3.6927000000000003
2.4764999999999997
1.2953999999999999
1.7527
4.298
4.8489
5.853
5.7629
2.4783
0.1875
0.0626
0.0024
4.1979999999999995
0.9126000000000001
0.7725
1.8025
0.7201000000000001
0.1376
0.0
0.0
0.025
0.11610000000000001
0.29979999999999996
0.2365
0.0816
0.1089
0.0622
0.3493
0.3415
0.3377
0.3206
0.32220000000000004
0.3597
0.482
0.6765
0.3847
0.28859999999999997
0.4022
1.199
0.774
0.52
0.4314
0.4899
0.5369999999999999
0.7196
1.0116999999999998
1.0089
0.5282
0.4916
0.4658
0.40190000000000003
6.1111
6.2364
6.4252
6.4602
6.028600000000001
0.4948
0.3385
0.2332
0.2062
0.2072
0.2024
0.242
0.2783
0.28859999999999997
0.3782
1.2376
2.2902
1.7330999999999999
1.3121999999999998
1.2841
2.4511
3.5193
3.1553
3.9316
0.4555
0.38539999999999996
0.32999999999999996
0.3251
0.313
0.3215
0.3474
0.32520000000000004
0.9160999999999999
0.5526
0.6709
1.1477
0.9626999999999999
0.8148
0.9002
0.7395
1.3171
1.1559
0.8138000000000001
0.8662000000000001
1.291
1.3956
1.0915
0.782
0.5168
2.0375
2.5709999999999997
3.8806
3.4835000000000003
3.4651
3.5453
0.2667
0.0
1.0562
3.2340999999999998
2.835
1.2974999999999999
0.8246
1.1682
0.9454
0.754
1.7559
5.1719
1.9165
0.9983000000000001
0.9256
0.8086
0.9321
0.4466
0.40980000000000005
0.4006
0.3898
0.3954
0.3649
0.4014
0.7075
0.16599999999999998
0.093
0.08199999999999999
0.0762
0.0812
0.08510000000000001
0.0991
0.606
0.3225
0.4208
0.5276
0.9003000000000001
1.1594
0.8715999999999999
0.9418
2.3771
1.8305
3.6755
2.8442
0.0093
0.0181
0.1985
0.8032
3.0644
2.0185
0.6848000000000001
0.2548
0.209
0.2653
0.3074
0.442
1.7005
3.4000000000000004
4.3197
5.8675999999999995
5.7783999999999995
4.5133
3.6927000000000003
2.4764999999999997
1.2953999999999999
1.7527
4.298
4.8489
5.853
5.7629
2.4783
0.1875
0.0626
0.0024
4.1979999999999995
0.9126000000000001
0.7725
1.8025
0.7201000000000001
0.1376
0.0
0.0
0.025
0.11610000000000001
0.29979999999999996
0.2365
0.0816
0.1089
0.0622
0.3493
0.3415
0.3377
0.3206
0.32220000000000004
0.3597
0.482
0.6765
0.3847
0.28859999999999997
0.4022
1.199
0.774
0.52
0.4314
0.4899
0.5369999999999999
0.7196
1.0116999999999998
1.0089
0.5282
0.4916
0.4658
0.40190000000000003
6.1111
6.2364
6.4252
6.4602
6.028600000000001
0.4948
0.3385
0.2332
0.2062
0.2072
0.2024
0.242
0.2783
0.28859999999999997
0.3782
1.2376
2.2902
1.7330999999999999
1.3121999999999998
1.2841
2.4511
3.5193
3.1553
3.9316
0.4555
0.38539999999999996
0.32999999999999996
0.3251
0.313
0.3215
0.3474
0.32520000000000004
0.9160999999999999
0.5526
0.6709
1.1477
0.9626999999999999
0.8148
0.9002
0.7395
1.3171
1.1559
0.8138000000000001
0.8662000000000001
1.291
1.3956
1.0915
0.782
0.5168
2.0375
2.5709999999999997
3.8806
3.4835000000000003
3.4651
3.5453
0.2667
0.0
1.0562
3.2340999999999998
2.835
1.2974999999999999
0.8246
1.1682
0.9454
0.754
1.7559
5.1719
1.9165
0.9983000000000001
0.9256
0.8086
0.9321
0.4466
0.40980000000000005
0.4006
0.3898
0.3954
0.3649
0.4014
0.7075
0.16599999999999998
0.093
0.08199999999999999
0.0762
0.0812
0.08510000000000001
0.0991
0.606
0.3225
0.4208
0.5276
0.9003000000000001
1.1594
0.8715999999999999
0.9418
2.3771
1.8305
3.6755
2.8442
0.0093
0.0181
0.1985
0.8032
3.0644
2.0185
0.6848000000000001
0.2548
0.209
0.2653
0.3074
0.442
1.7005
3.4000000000000004
4.3197
5.8675999999999995
5.7783999999999995
4.5133
3.6927000000000003
2.4764999999999997
1.2953999999999999
1.7527
4.298
4.8489
5.853
5.7629
2.4783
0.1875
0.0626
0.0024
4.1979999999999995
0.9126000000000001
0.7725
1.8025
0.7201000000000001
0.1376
0.0
0.0
0.025
0.11610000000000001
0.29979999999999996
0.2365
0.0816
0.1089
0.0622
0.3493
0.3415
0.3377
0.3206
0.32220000000000004
0.3597
0.482
0.6765
0.3847
0.28859999999999997
0.4022
1.199
0.774
0.52
0.4314
0.4899
0.5369999999999999
0.7196
1.0116999999999998
1.0089
0.5282
0.4916
0.4658
0.40190000000000003
6.1111
6.2364
6.4252
6.4602
6.028600000000001
0.4948
0.3385
0.2332
0.2062
0.2072
0.2024
0.242
0.2783
0.28859999999999997
0.3782
1.2376
2.2902
1.7330999999999999
1.3121999999999998
1.2841
2.4511
3.5193
3.1553
3.9316
0.4555
0.38539999999999996
0.32999999999999996
0.3251
0.313
0.3215
0.3474
0.32520000000000004
0.9160999999999999
0.5526
0.6709
1.1477
0.9626999999999999
0.8148
0.9002
0.7395
1.3171
1.1559
0.8138000000000001
0.8662000000000001
1.291
1.3956
1.0915
0.782
0.5168
2.0375
2.5709999999999997
3.8806
3.4835000000000003
3.4651
3.5453
0.2667
0.0
1.0562
3.2340999999999998
2.835
1.2974999999999999
0.8246
1.1682
0.9454
0.754
1.7559
5.1719
1.9165
0.9983000000000001
0.9256
0.8086
0.9321
0.4466
0.40980000000000005
0.4006
0.3898
0.3954
0.3649
0.4014
0.7075
0.16599999999999998
0.093
0.08199999999999999
0.0762
0.0812
0.08510000000000001
0.0991
0.606
0.3225
0.4208
0.5276
0.9003000000000001
1.1594
0.8715999999999999
0.9418
2.3771
1.8305
3.6755
2.8442
0.0093
0.0181
0.1985
0.8032
3.0644
2.0185
0.6848000000000001
0.2548
0.209
0.2653
0.3074
0.442
1.7005
3.4000000000000004
4.3197
5.8675999999999995
5.7783999999999995
4.5133
3.6927000000000003
2.4764999999999997
1.2953999999999999
1.7527
4.298
4.8489
5.853
5.7629
2.4783
0.1875
0.0626
0.0024
4.1979999999999995
0.9126000000000001
0.7725
1.8025
0.7201000000000001
0.1376
0.0
0.0
0.025
0.11610000000000001
0.29979999999999996
0.2365
0.0816
0.1089
0.0622
0.3493
0.3415
0.3377
0.3206
0.32220000000000004
0.3597
0.482
0.6765
0.3847
0.28859999999999997
0.4022
1.199
0.774
0.52
0.4314
0.4899
0.5369999999999999
0.7196
1.0116999999999998
1.0089
0.5282
0.4916
0.4658
0.40190000000000003
6.1111
6.2364
6.4252
6.4602
6.028600000000001
0.4948
0.3385
0.2332
0.2062
0.2072
0.2024
0.242
0.2783
0.28859999999999997
0.3782
1.2376
2.2902
1.7330999999999999
1.3121999999999998
1.2841
2.4511
3.5193
3.1553
3.9316
0.4555
0.38539999999999996
0.32999999999999996
0.3251
0.313
0.3215
0.3474
0.32520000000000004
0.9160999999999999
0.5526
0.6709
1.1477
0.9626999999999999
0.8148
0.9002
0.7395
1.3171
1.1559
0.8138000000000001
0.8662000000000001
1.291
1.3956
1.0915
0.782
0.5168
2.0375
2.5709999999999997
3.8806
3.4835000000000003
3.4651
3.5453
0.2667
0.0
1.0562
3.2340999999999998
2.835
1.2974999999999999
0.8246
1.1682
0.9454
0.754
1.7559
5.1719
1.9165
0.9983000000000001
0.9256
0.8086
0.9321
0.4466
0.40980000000000005
0.4006
0.3898
0.3954
0.3649
0.4014
0.7075
0.16599999999999998
0.093
0.08199999999999999
0.0762
0.0812
0.08510000000000001
0.0991
0.606
0.3225
0.4208
0.5276
0.9003000000000001
1.1594
0.8715999999999999
0.9418
2.3771
0.0
0.0
0.0
0.0
0.0
0.0
0.0
0.0
0.0
0.0
0.0
0.0
0.5116
10.0197
6.5699
0.0
0.7404000000000001
3.2003000000000004
1.8083
1.9371
5.0565999999999995
2.6430000000000002
0.3492
0.0
5.392
8.3483
8.5601
9.1832
8.4241
0.1185
3.3429
0.8765000000000001
0.8070999999999999
0.8354
0.9728999999999999
1.0709
1.0079
0.8625
2.1357
1.5708
1.5986
0.3642
0.2974
0.3795
0.2249
0.0417
0.058499999999999996
0.0
5.676
5.7989
5.9543
6.184
4.7552
0.2656
0.32130000000000003
2.1948
2.7138999999999998
1.9004
0.6379
0.3919
0.3861
0.3718
0.3522
0.4285
0.8119000000000001
2.322
1.1397
0.9650000000000001
0.788
1.168
4.5847999999999995
5.402699999999999
0.199
0.10089999999999999
0.059199999999999996
0.0723
0.077
0.07519999999999999
0.0378
0.0671
0.8231999999999999
1.2592
1.3814
0.7467
0.6364
0.0
0.084
2.0036
1.3995
1.1745
0.5815
0.6218
0.6408
0.7396
0.7210000000000001
0.4334
2.7121
0.173
0.1022
0.10350000000000001
0.10519999999999999
0.1116
0.1303
0.15910000000000002
0.1849
0.1861
0.1912
0.2531
0.6038
0.8321000000000001
0.5827
0.9777
0.9417
0.5454
0.4478
0.4867
0.44320000000000004
0.3486
0.21789999999999998
0.4748
0.5609
0.5191
0.4774
0.4474
0.4189
0.3986
0.4389
0.46440000000000003
0.4368
0.4206
0.4285
0.49329999999999996
0.5800000000000001
0.5684
0.6263000000000001
1.0002
0.9265999999999999
0.8129
0.6617
0.591
0.5939000000000001
0.6053999999999999
0.646
0.6236999999999999
0.2623
0.2569
0.2511
0.2389
0.23770000000000002
0.2257
0.2815
0.4038
0.26890000000000003
0.2069
0.2139
0.9101
0.6708
0.1081
0.1305
0.13419999999999999
0.12329999999999999
1.5065
0.1817
0.1038
0.1343
0.19269999999999998
0.2892
0.30069999999999997
0.0
0.0
0.0
0.0
0.0
0.0
0.0
0.0
0.0
0.0
0.0
0.0
0.5116
10.0197
6.5699
0.0
0.7404000000000001
3.2003000000000004
1.8083
1.9371
5.0565999999999995
2.6430000000000002
0.3492
0.0
5.392
8.3483
8.5601
9.1832
8.4241
0.1185
3.3429
0.8765000000000001
0.8070999999999999
0.8354
0.9728999999999999
1.0709
1.0079
0.8625
2.1357
1.5708
1.5986
0.3642
0.2974
0.3795
0.2249
0.0417
0.058499999999999996
0.0
5.676
5.7989
5.9543
6.184
4.7552
0.2656
0.32130000000000003
2.1948
2.7138999999999998
1.9004
0.6379
0.3919
0.3861
0.3718
0.3522
0.4285
0.8119000000000001
2.322
1.1397
0.9650000000000001
0.788
1.168
4.5847999999999995
5.402699999999999
0.199
0.10089999999999999
0.059199999999999996
0.0723
0.077
0.07519999999999999
0.0378
0.0671
0.8231999999999999
1.2592
1.3814
0.7467
0.6364
0.0
0.084
2.0036
1.3995
1.1745
0.5815
0.6218
0.6408
0.7396
0.7210000000000001
0.4334
2.7121
0.173
0.1022
0.10350000000000001
0.10519999999999999
0.1116
0.1303
0.15910000000000002
0.1849
0.1861
0.1912
0.2531
0.6038
0.8321000000000001
0.5827
0.9777
0.9417
0.5454
0.4478
0.4867
0.44320000000000004
0.3486
0.21789999999999998
0.4748
0.5609
0.5191
0.4774
0.4474
0.4189
0.3986
0.4389
0.46440000000000003
0.4368
0.4206
0.4285
0.49329999999999996
0.5800000000000001
0.5684
0.6263000000000001
1.0002
0.9265999999999999
0.8129
0.6617
0.591
0.5939000000000001
0.6053999999999999
0.646
0.6236999999999999
0.2623
0.2569
0.2511
0.2389
0.23770000000000002
0.2257
0.2815
0.4038
0.26890000000000003
0.2069
0.2139
0.9101
0.6708
0.1081
0.1305
0.13419999999999999
0.12329999999999999
1.5065
0.1817
0.1038
0.1343
0.19269999999999998
0.2892
0.30069999999999997
0.0
0.0
0.0
0.0
0.0
0.0
0.0
0.0
0.0
0.0
0.0
0.0
0.5116
10.0197
6.5699
0.0
0.7404000000000001
3.2003000000000004
1.8083
1.9371
5.0565999999999995
2.6430000000000002
0.3492
0.0
5.392
8.3483
8.5601
9.1832
8.4241
0.1185
3.3429
0.8765000000000001
0.8070999999999999
0.8354
0.9728999999999999
1.0709
1.0079
0.8625
2.1357
1.5708
1.5986
0.3642
0.2974
0.3795
0.2249
0.0417
0.058499999999999996
0.0
5.676
5.7989
5.9543
6.184
4.7552
0.2656
0.32130000000000003
2.1948
2.7138999999999998
1.9004
0.6379
0.3919
0.3861
0.3718
0.3522
0.4285
0.8119000000000001
2.322
1.1397
0.9650000000000001
0.788
1.168
4.5847999999999995
5.402699999999999
0.199
0.10089999999999999
0.059199999999999996
0.0723
0.077
0.07519999999999999
0.0378
0.0671
0.8231999999999999
1.2592
1.3814
0.7467
0.6364
0.0
0.084
2.0036
1.3995
1.1745
0.5815
0.6218
0.6408
0.7396
0.7210000000000001
0.4334
2.7121
0.173
0.1022
0.10350000000000001
0.10519999999999999
0.1116
0.1303
0.15910000000000002
0.1849
0.1861
0.1912
0.2531
0.6038
0.8321000000000001
0.5827
0.9777
0.9417
0.5454
0.4478
0.4867
0.44320000000000004
0.3486
0.21789999999999998
0.4748
0.5609
0.5191
0.4774
0.4474
0.4189
0.3986
0.4389
0.46440000000000003
0.4368
0.4206
0.4285
0.49329999999999996
0.5800000000000001
0.5684
0.6263000000000001
1.0002
0.9265999999999999
0.8129
0.6617
0.591
0.5939000000000001
0.6053999999999999
0.646
0.6236999999999999
0.2623
0.2569
0.2511
0.2389
0.23770000000000002
0.2257
0.2815
0.4038
0.26890000000000003
0.2069
0.2139
0.9101
0.6708
0.1081
0.1305
0.13419999999999999
0.12329999999999999
1.5065
0.1817
0.1038
0.1343
0.19269999999999998
0.2892
0.30069999999999997
0.0
0.0
0.0
0.0
0.0
0.0
0.0
0.0
0.0
0.0
0.0
0.0
0.5116
10.0197
6.5699
0.0
0.7404000000000001
3.2003000000000004
1.8083
1.9371
5.0565999999999995
2.6430000000000002
0.3492
0.0
5.392
8.3483
8.5601
9.1832
8.4241
0.1185
3.3429
0.8765000000000001
0.8070999999999999
0.8354
0.9728999999999999
1.0709
1.0079
0.8625
2.1357
1.5708
1.5986
0.3642
0.2974
0.3795
0.2249
0.0417
0.058499999999999996
0.0
5.676
5.7989
5.9543
6.184
4.7552
0.2656
0.32130000000000003
2.1948
2.7138999999999998
1.9004
0.6379
0.3919
0.3861
0.3718
0.3522
0.4285
0.8119000000000001
2.322
1.1397
0.9650000000000001
0.788
1.168
4.5847999999999995
5.402699999999999
0.199
0.10089999999999999
0.059199999999999996
0.0723
0.077
0.07519999999999999
0.0378
0.0671
0.8231999999999999
1.2592
1.3814
0.7467
0.6364
0.0
0.084
2.0036
1.3995
1.1745
0.5815
0.6218
0.6408
0.7396
0.7210000000000001
0.4334
2.7121
0.173
0.1022
0.10350000000000001
0.10519999999999999
0.1116
0.1303
0.15910000000000002
0.1849
0.1861
0.1912
0.2531
0.6038
0.8321000000000001
0.5827
0.9777
0.9417
0.5454
0.4478
0.4867
0.44320000000000004
0.3486
0.21789999999999998
0.4748
0.5609
0.5191
0.4774
0.4474
0.4189
0.3986
0.4389
0.46440000000000003
0.4368
0.4206
0.4285
0.49329999999999996
0.5800000000000001
0.5684
0.6263000000000001
1.0002
0.9265999999999999
0.8129
0.6617
0.591
0.5939000000000001
0.6053999999999999
0.646
0.6236999999999999
0.2623
0.2569
0.2511
0.2389
0.23770000000000002
0.2257
0.2815
0.4038
0.26890000000000003
0.2069
0.2139
0.9101
0.6708
0.1081
0.1305
0.13419999999999999
0.12329999999999999
1.5065
0.1817
0.1038
0.1343
0.19269999999999998
0.2892
0.30069999999999997
0.0
0.0
0.0
0.0
0.0
0.0
0.0
0.0
0.0
0.0
0.0
0.0
0.5116
10.0197
6.5699
0.0
0.7404000000000001
3.2003000000000004
1.8083
1.9371
5.0565999999999995
2.6430000000000002
0.3492
0.0
5.392
8.3483
8.5601
9.1832
8.4241
0.1185
3.3429
0.8765000000000001
0.8070999999999999
0.8354
0.9728999999999999
1.0709
1.0079
0.8625
2.1357
1.5708
1.5986
0.3642
0.2974
0.3795
0.2249
0.0417
0.058499999999999996
0.0
0.4384
0.43510000000000004
0.4198
0.4177
0.4125
0.42100000000000004
0.5144
0.6571
0.6224000000000001
0.6315999999999999
0.7294
1.1612
0.7624
0.6285000000000001
0.6029
0.5723
1.0743
2.6696
1.377
0.6976
0.6158
0.49629999999999996
0.4132
0.38739999999999997
0.3916
0.24059999999999998
1.3213
0.223
0.2591
0.31279999999999997
0.44
0.5542
0.4253
0.4162
0.4889
0.5616
0.5161
0.44689999999999996
0.4114
0.3617
1.213
1.0062
0.9117999999999999
1.0070999999999999
0.2963
0.0097
0.054400000000000004
0.0934
0.2118
0.2975
0.18009999999999998
0.2059
0.2072
0.2366
0.4265
0.642
0.39980000000000004
0.3379
0.3504
0.5175000000000001
0.4405
0.6827000000000001
0.7605999999999999
0.5424
0.46209999999999996
0.5082
0.5781
0.7867
0.7511
0.7372000000000001
0.7025
0.433
2.9817
2.8341000000000003
0.36319999999999997
0.4093
0.3317
0.1003
0.08910000000000001
0.0169
0.0
0.0
0.0
0.1222
0.0
0.0002
0.065
0.0
0.0
0.0
0.0
0.0
0.0
0.2975
0.7601
0.4604
0.1135
0.11149999999999999
0.0876
0.0903
0.0993
0.3941
1.0457
1.395
1.2627000000000002
1.1522999999999999
0.5565
0.641
0.5427
0.4707
0.4583
1.0268
0.8649
0.8444
1.4692
1.0579
0.306
0.2762
0.1915
0.1355
0.0017
0.0165
0.0
0.0
0.0
0.0083
0.0134
0.2641
0.7527999999999999
1.0626
1.7872000000000001
2.433
0.5222
0.3611
5.5865
0.0
0.0
2.0113
0.5662
1.5442
2.9955999999999996
4.2206
2.9994
1.1896
0.2394
0.2318
0.2227
0.2133
0.21589999999999998
0.2288
0.2449
0.2494
0.2874
1.2431
0.7339
0.7736000000000001
0.47840000000000005
0.4269
0.4637
0.6176999999999999
0.4688
1.9114
0.7262
0.9716
0.8072999999999999
0.35760000000000003
0.244
0.2349
0.4384
0.43510000000000004
0.4198
0.4177
0.4125
0.42100000000000004
0.5144
0.6571
0.6224000000000001
0.6315999999999999
0.7294
1.1612
0.7624
0.6285000000000001
0.6029
0.5723
1.0743
2.6696
1.377
0.6976
0.6158
0.49629999999999996
0.4132
0.38739999999999997
0.3916
0.24059999999999998
1.3213
0.223
0.2591
0.31279999999999997
0.44
0.5542
0.4253
0.4162
0.4889
0.5616
0.5161
0.44689999999999996
0.4114
0.3617
1.213
1.0062
0.9117999999999999
1.0070999999999999
0.2963
0.0097
0.054400000000000004
0.0934
0.2118
0.2975
0.18009999999999998
0.2059
0.2072
0.2366
0.4265
0.642
0.39980000000000004
0.3379
0.3504
0.5175000000000001
0.4405
0.6827000000000001
0.7605999999999999
0.5424
0.46209999999999996
0.5082
0.5781
0.7867
0.7511
0.7372000000000001
0.7025
0.433
2.9817
2.8341000000000003
0.36319999999999997
0.4093
0.3317
0.1003
0.08910000000000001
0.0169
0.0
0.0
0.0
0.1222
0.0
0.0002
0.065
0.0
0.0
0.0
0.0
0.0
0.0
0.2975
0.7601
0.4604
0.1135
0.11149999999999999
0.0876
0.0903
0.0993
0.3941
1.0457
1.395
1.2627000000000002
1.1522999999999999
0.5565
0.641
0.5427
0.4707
0.4583
1.0268
0.8649
0.8444
1.4692
1.0579
0.306
0.2762
0.1915
0.1355
0.0017
0.0165
0.0
0.0
0.0
0.0083
0.0134
0.2641
0.7527999999999999
1.0626
1.7872000000000001
2.433
0.5222
0.3611
5.5865
0.0
0.0
2.0113
0.5662
1.5442
2.9955999999999996
4.2206
2.9994
1.1896
0.2394
0.2318
0.2227
0.2133
0.21589999999999998
0.2288
0.2449
0.2494
0.2874
1.2431
0.7339
0.7736000000000001
0.47840000000000005
0.4269
0.4637
0.6176999999999999
0.4688
1.9114
0.7262
0.9716
0.8072999999999999
0.35760000000000003
0.244
0.2349
0.4384
0.43510000000000004
0.4198
0.4177
0.4125
0.42100000000000004
0.5144
0.6571
0.6224000000000001
0.6315999999999999
0.7294
1.1612
0.7624
0.6285000000000001
0.6029
0.5723
1.0743
2.6696
1.377
0.6976
0.6158
0.49629999999999996
0.4132
0.38739999999999997
0.3916
0.24059999999999998
1.3213
0.223
0.2591
0.31279999999999997
0.44
0.5542
0.4253
0.4162
0.4889
0.5616
0.5161
0.44689999999999996
0.4114
0.3617
1.213
1.0062
0.9117999999999999
1.0070999999999999
0.2963
0.0097
0.054400000000000004
0.0934
0.2118
0.2975
0.18009999999999998
0.2059
0.2072
0.2366
0.4265
0.642
0.39980000000000004
0.3379
0.3504
0.5175000000000001
0.4405
0.6827000000000001
0.7605999999999999
0.5424
0.46209999999999996
0.5082
0.5781
0.7867
0.7511
0.7372000000000001
0.7025
0.433
2.9817
2.8341000000000003
0.36319999999999997
0.4093
0.3317
0.1003
0.08910000000000001
0.0169
0.0
0.0
0.0
0.1222
0.0
0.0002
0.065
0.0
0.0
0.0
0.0
0.0
0.0
0.2975
0.7601
0.4604
0.1135
0.11149999999999999
0.0876
0.0903
0.0993
0.3941
1.0457
1.395
1.2627000000000002
1.1522999999999999
0.5565
0.641
0.5427
0.4707
0.4583
1.0268
0.8649
0.8444
1.4692
1.0579
0.306
0.2762
0.1915
0.1355
0.0017
0.0165
0.0
0.0
0.0
0.0083
0.0134
0.2641
0.7527999999999999
1.0626
1.7872000000000001
2.433
0.5222
0.3611
5.5865
0.0
0.0
2.0113
0.5662
1.5442
2.9955999999999996
4.2206
2.9994
1.1896
0.2394
0.2318
0.2227
0.2133
0.21589999999999998
0.2288
0.2449
0.2494
0.2874
1.2431
0.7339
0.7736000000000001
0.47840000000000005
0.4269
0.4637
0.6176999999999999
0.4688
1.9114
0.7262
0.9716
0.8072999999999999
0.35760000000000003
0.244
0.2349
0.4384
0.43510000000000004
0.4198
0.4177
0.4125
0.42100000000000004
0.5144
0.6571
0.6224000000000001
0.6315999999999999
0.7294
1.1612
0.7624
0.6285000000000001
0.6029
0.5723
1.0743
2.6696
1.377
0.6976
0.6158
0.49629999999999996
0.4132
0.38739999999999997
0.3916
0.24059999999999998
1.3213
0.223
0.2591
0.31279999999999997
0.44
0.5542
0.4253
0.4162
0.4889
0.5616
0.5161
0.44689999999999996
0.4114
0.3617
1.213
1.0062
0.9117999999999999
1.0070999999999999
0.2963
0.0097
0.054400000000000004
0.0934
0.2118
0.2975
0.18009999999999998
0.2059
0.2072
0.2366
0.4265
0.642
0.39980000000000004
0.3379
0.3504
0.5175000000000001
0.4405
0.6827000000000001
0.7605999999999999
0.5424
0.46209999999999996
0.5082
0.5781
0.7867
0.7511
0.7372000000000001
0.7025
0.433
2.9817
2.8341000000000003
0.36319999999999997
0.4093
0.3317
0.1003
0.08910000000000001
0.0169
0.0
0.0
0.0
0.1222
0.0
0.0002
0.065
0.0
0.0
0.0
0.0
0.0
0.0
0.2975
0.7601
0.4604
0.1135
0.11149999999999999
0.0876
0.0903
0.0993
0.3941
1.0457
1.395
1.2627000000000002
1.1522999999999999
0.5565
0.641
0.5427
0.4707
0.4583
1.0268
0.8649
0.8444
1.4692
1.0579
0.306
0.2762
0.1915
0.1355
0.0017
0.0165
0.0
0.0
0.0
0.0083
0.0134
0.2641
0.7527999999999999
1.0626
1.7872000000000001
2.433
0.5222
0.3611
5.5865
0.0
0.0
2.0113
0.5662
1.5442
2.9955999999999996
4.2206
2.9994
1.1896
0.2394
0.2318
0.2227
0.2133
0.21589999999999998
0.2288
0.2449
0.2494
0.2874
1.2431
0.7339
0.7736000000000001
0.47840000000000005
0.4269
0.4637
0.6176999999999999
0.4688
1.9114
0.7262
0.9716
0.8072999999999999
0.35760000000000003
0.244
0.2349
0.4384
0.43510000000000004
0.4198
0.4177
0.4125
0.42100000000000004
0.5144
0.6571
0.6224000000000001
0.6315999999999999
0.7294
1.1612
0.7624
0.6285000000000001
0.6029
0.5723
1.0743
2.6696
1.377
0.6976
0.6158
0.49629999999999996
0.4132
0.38739999999999997
0.3916
0.24059999999999998
1.3213
0.223
0.2591
0.31279999999999997
0.44
0.5542
0.4253
0.4162
0.4889
0.5616
0.5161
0.44689999999999996
0.4114
0.3617
1.213
1.0062
0.9117999999999999
1.0070999999999999
0.2963
0.0097
0.054400000000000004
0.0934
0.2118
0.2975
0.18009999999999998
0.2059
0.2072
0.2366
0.4265
0.642
0.39980000000000004
0.3379
0.3504
0.5175000000000001
0.4405
0.6827000000000001
0.7605999999999999
0.5424
0.46209999999999996
0.5082
0.5781
0.7867
0.7511
0.7372000000000001
0.7025
0.433
