0.037500000000000006
0.0369
0.0373
0.038
0.0421
0.0469
0.0453
0.0462
0.0412
0.046799999999999994
0.042300000000000004
0.0413
0.042899999999999994
0.0466
0.0469
0.0503
0.0383
0.051699999999999996
0.0419
0.035
0.0327
0.029699999999999997
0.0365
0.0494
0.5663
0.6446000000000001
0.6131
0.5913999999999999
0.5598000000000001
0.7010000000000001
1.2803
0.0097
0.0597
0.0537
0.041800000000000004
0.045700000000000005
0.0595
0.0531
0.049100000000000005
0.07730000000000001
0.22460000000000002
0.9001
0.6693
0.7282
0.587
0.3776
0.2663
0.2788
0.7382
0.7163999999999999
0.6786000000000001
0.6518999999999999
0.5953
0.5583
0.7235
2.7109
0.6604
0.6538999999999999
0.9197
1.2328000000000001
0.739
0.6931
0.6571
0.6987000000000001
0.7503
1.8038
1.1772999999999998
0.8484
0.7415
0.7074
0.6936
0.6715
0.1091
0.1064
0.1037
0.1071
0.1067
0.1179
0.1396
0.1985
0.19030000000000002
0.2678
0.3063
0.2736
0.3415
0.3987
0.5837
0.8188
0.38880000000000003
0.438
0.972
0.9934
0.2009
0.1476
0.1592
0.13979999999999998
6.2733
6.3347
6.1297999999999995
5.6701
1.1507
0.48829999999999996
0.5723
1.7832
3.0865
1.9986
1.5844
1.393
0.9661
0.8209
0.8383
0.7801
0.7037
0.6134999999999999
0.4888
0.3371
0.31889999999999996
0.3973
0.608
1.0095999999999998
1.9202
0.9747
0.9426000000000001
0.8221
0.7547999999999999
0.7416
0.7599
0.7638
0.8117
0.875
1.0918999999999999
1.6162
0.8913
0.7775
0.8064
0.7392000000000001
0.6804
0.6422
0.6113
0.6667000000000001
0.7601
0.7282
0.8083
2.2502
0.4296
0.4315
0.4158
0.395
0.3749
0.3587
0.4729
0.6552
1.2958
0.3095
0.35250000000000004
0.41169999999999995
0.40380000000000005
0.3974
0.3667
0.39
0.2791
1.1402
1.645
0.6006
0.43989999999999996
0.10719999999999999
0.038
0.0454
0.037500000000000006
0.0369
0.0373
0.038
0.0421
0.0469
0.0453
0.0462
0.0412
0.046799999999999994
0.042300000000000004
0.0413
0.042899999999999994
0.0466
0.0469
0.0503
0.0383
0.051699999999999996
0.0419
0.035
0.0327
0.029699999999999997
0.0365
0.0494
0.5663
0.6446000000000001
0.6131
0.5913999999999999
0.5598000000000001
0.7010000000000001
1.2803
0.0097
0.0597
0.0537
0.041800000000000004
0.045700000000000005
0.0595
0.0531
0.049100000000000005
0.07730000000000001
0.22460000000000002
0.9001
0.6693
0.7282
0.587
0.3776
0.2663
0.2788
0.7382
0.7163999999999999
0.6786000000000001
0.6518999999999999
0.5953
0.5583
0.7235
2.7109
0.6604
0.6538999999999999
0.9197
1.2328000000000001
0.739
0.6931
0.6571
0.6987000000000001
0.7503
1.8038
1.1772999999999998
0.8484
0.7415
0.7074
0.6936
0.6715
0.1091
0.1064
0.1037
0.1071
0.1067
0.1179
0.1396
0.1985
0.19030000000000002
0.2678
0.3063
0.2736
0.3415
0.3987
0.5837
0.8188
0.38880000000000003
0.438
0.972
0.9934
0.2009
0.1476
0.1592
0.13979999999999998
6.2733
6.3347
6.1297999999999995
5.6701
1.1507
0.48829999999999996
0.5723
1.7832
3.0865
1.9986
1.5844
1.393
0.9661
0.8209
0.8383
0.7801
0.7037
0.6134999999999999
0.4888
0.3371
0.31889999999999996
0.3973
0.608
1.0095999999999998
1.9202
0.9747
0.9426000000000001
0.8221
0.7547999999999999
0.7416
0.7599
0.7638
0.8117
0.875
1.0918999999999999
1.6162
0.8913
0.7775
0.8064
0.7392000000000001
0.6804
0.6422
0.6113
0.6667000000000001
0.7601
0.7282
0.8083
2.2502
0.4296
0.4315
0.4158
0.395
0.3749
0.3587
0.4729
0.6552
1.2958
0.3095
0.35250000000000004
0.41169999999999995
0.40380000000000005
0.3974
0.3667
0.39
0.2791
1.1402
1.645
0.6006
0.43989999999999996
0.10719999999999999
0.038
0.0454
0.037500000000000006
0.0369
0.0373
0.038
0.0421
0.0469
0.0453
0.0462
0.0412
0.046799999999999994
0.042300000000000004
0.0413
0.042899999999999994
0.0466
0.0469
0.0503
0.0383
0.051699999999999996
0.0419
0.035
0.0327
0.029699999999999997
0.0365
0.0494
0.5663
0.6446000000000001
0.6131
0.5913999999999999
0.5598000000000001
0.7010000000000001
1.2803
0.0097
0.0597
0.0537
0.041800000000000004
0.045700000000000005
0.0595
0.0531
0.049100000000000005
0.07730000000000001
0.22460000000000002
0.9001
0.6693
0.7282
0.587
0.3776
0.2663
0.2788
0.7382
0.7163999999999999
0.6786000000000001
0.6518999999999999
0.5953
0.5583
0.7235
2.7109
0.6604
0.6538999999999999
0.9197
1.2328000000000001
0.739
0.6931
0.6571
0.6987000000000001
0.7503
1.8038
1.1772999999999998
0.8484
0.7415
0.7074
0.6936
0.6715
0.1091
0.1064
0.1037
0.1071
0.1067
0.1179
0.1396
0.1985
0.19030000000000002
0.2678
0.3063
0.2736
0.3415
0.3987
0.5837
0.8188
0.38880000000000003
0.438
0.972
0.9934
0.2009
0.1476
0.1592
0.13979999999999998
6.2733
6.3347
6.1297999999999995
5.6701
1.1507
0.48829999999999996
0.5723
1.7832
3.0865
1.9986
1.5844
1.393
0.9661
0.8209
0.8383
0.7801
0.7037
0.6134999999999999
0.4888
0.3371
0.31889999999999996
0.3973
0.608
1.0095999999999998
1.9202
0.9747
0.9426000000000001
0.8221
0.7547999999999999
0.7416
0.7599
0.7638
0.8117
0.875
1.0918999999999999
1.6162
0.8913
0.7775
0.8064
0.7392000000000001
0.6804
0.6422
0.6113
0.6667000000000001
0.7601
0.7282
0.8083
2.2502
0.4296
0.4315
0.4158
0.395
0.3749
0.3587
0.4729
0.6552
1.2958
0.3095
0.35250000000000004
0.41169999999999995
0.40380000000000005
0.3974
0.3667
0.39
0.2791
1.1402
1.645
0.6006
0.43989999999999996
0.10719999999999999
0.038
0.0454
0.037500000000000006
0.0369
0.0373
0.038
0.0421
0.0469
0.0453
0.0462
0.0412
0.046799999999999994
0.042300000000000004
0.0413
0.042899999999999994
0.0466
0.0469
0.0503
0.0383
0.051699999999999996
0.0419
0.035
0.0327
0.029699999999999997
0.0365
0.0494
0.5663
0.6446000000000001
0.6131
0.5913999999999999
0.5598000000000001
0.7010000000000001
1.2803
0.0097
0.0597
0.0537
0.041800000000000004
0.045700000000000005
0.0595
0.0531
0.049100000000000005
0.07730000000000001
0.22460000000000002
0.9001
0.6693
0.7282
0.587
0.3776
0.2663
0.2788
0.7382
0.7163999999999999
0.6786000000000001
0.6518999999999999
0.5953
0.5583
0.7235
2.7109
0.6604
0.6538999999999999
0.9197
1.2328000000000001
0.739
0.6931
0.6571
0.6987000000000001
0.7503
1.8038
1.1772999999999998
0.8484
0.7415
0.7074
0.6936
0.6715
0.1091
0.1064
0.1037
0.1071
0.1067
0.1179
0.1396
0.1985
0.19030000000000002
0.2678
0.3063
0.2736
0.3415
0.3987
0.5837
0.8188
0.38880000000000003
0.438
0.972
0.9934
0.2009
0.1476
0.1592
0.13979999999999998
6.2733
6.3347
6.1297999999999995
5.6701
1.1507
0.48829999999999996
0.5723
1.7832
3.0865
1.9986
1.5844
1.393
0.9661
0.8209
0.8383
0.7801
0.7037
0.6134999999999999
0.4888
0.3371
0.31889999999999996
0.3973
0.608
1.0095999999999998
1.9202
0.9747
0.9426000000000001
0.8221
0.7547999999999999
0.7416
0.7599
0.7638
0.8117
0.875
1.0918999999999999
1.6162
0.8913
0.7775
0.8064
0.7392000000000001
0.6804
0.6422
0.6113
0.6667000000000001
0.7601
0.7282
0.8083
2.2502
0.4296
0.4315
0.4158
0.395
0.3749
0.3587
0.4729
0.6552
1.2958
0.3095
0.35250000000000004
0.41169999999999995
0.40380000000000005
0.3974
0.3667
0.39
0.2791
1.1402
1.645
0.6006
0.43989999999999996
0.10719999999999999
0.038
0.0454
0.037500000000000006
0.0369
0.0373
0.038
0.0421
0.0469
0.0453
0.0462
0.0412
0.046799999999999994
0.042300000000000004
0.0413
0.042899999999999994
0.0466
0.0469
0.0503
0.0383
0.051699999999999996
0.0419
0.035
0.0327
0.029699999999999997
0.0365
0.0494
0.5663
0.6446000000000001
0.6131
0.5913999999999999
0.5598000000000001
0.7010000000000001
1.2803
0.0097
0.0597
0.0537
0.041800000000000004
0.045700000000000005
0.0595
0.0531
0.049100000000000005
0.07730000000000001
0.22460000000000002
0.9001
0.6693
0.7282
0.587
0.3776
0.2663
0.2788
0.7382
0.7163999999999999
0.6786000000000001
0.6518999999999999
0.5953
0.5583
0.7235
2.7109
0.6604
0.6538999999999999
0.9197
1.2328000000000001
0.739
0.6931
0.6571
0.6987000000000001
0.7503
1.8038
1.1772999999999998
0.8484
0.7415
0.7074
0.6936
0.6715
0.3916
0.3927
0.4014
0.4067
0.40690000000000004
0.4814
0.6721
0.792
0.8814
0.9257
0.8868
0.836
0.8739
0.9568
0.9481999999999999
0.7499
1.3344
1.8473
2.3274
1.3841999999999999
1.2962
0.8221
0.4355
0.395
0.48429999999999995
0.5173
0.475
0.47050000000000003
0.4611
0.4657
0.5222
0.4621
0.31120000000000003
0.3517
2.3008
2.3581000000000003
0.6046
0.7012999999999999
0.22599999999999998
0.1933
0.1916
0.137
0.14300000000000002
0.40190000000000003
0.1949
3.1161000000000003
6.003299999999999
6.2026
0.3721
0.3428
0.33
0.31620000000000004
0.3149
0.3255
0.29300000000000004
0.252
0.2518
0.2528
0.2562
0.2573
0.2714
0.2917
0.32030000000000003
0.3603
0.357
0.4275
0.9021000000000001
0.8663000000000001
0.8593
1.002
0.9770000000000001
1.4447999999999999
0.5167999999999999
0.5155000000000001
0.4981
0.5022
0.5058
0.5446
0.5239
0.5367
0.4884
0.4627
0.4296
0.5356
1.0532
0.4021
0.344
0.3628
0.4061
0.3912
2.0202
0.7002999999999999
0.8706
1.3114
1.2448000000000001
2.6933
0.6713
0.6976
0.6211
0.5973999999999999
0.5186999999999999
0.3696
0.4576
7.6631
4.5243
1.427
3.3353
6.6294
5.772
3.8053
4.452
6.6328
5.6477
3.0725
1.2142
0.6217
0.7474000000000001
0.7050000000000001
0.6548
0.6586000000000001
1.0202
0.5379
0.5023
0.4557
0.5065
0.5746
0.6912
0.7118
0.8115
0.8096
0.7735000000000001
0.694
0.7433
0.6895
1.3704
3.9665
0.5515
0.3093
0.8068
3.7137000000000002
4.8774999999999995
5.3884
1.0799
0.188
0.3377
0.27790000000000004
0.26280000000000003
0.2582
0.24730000000000002
0.2452
0.2398
0.5914999999999999
0.7754000000000001
0.8092
0.8170999999999999
0.5705
0.1865
0.1533
0.15389999999999998
0.6029
0.7867999999999999
0.6576
0.9074
1.0667
0.9204
0.8486
0.9446
1.7576
0.3916
0.3927
0.4014
0.4067
0.40690000000000004
0.4814
0.6721
0.792
0.8814
0.9257
0.8868
0.836
0.8739
0.9568
0.9481999999999999
0.7499
1.3344
1.8473
2.3274
1.3841999999999999
1.2962
0.8221
0.4355
0.395
0.48429999999999995
0.5173
0.475
0.47050000000000003
0.4611
0.4657
0.5222
0.4621
0.31120000000000003
0.3517
2.3008
2.3581000000000003
0.6046
0.7012999999999999
0.22599999999999998
0.1933
0.1916
0.137
0.14300000000000002
0.40190000000000003
0.1949
3.1161000000000003
6.003299999999999
6.2026
0.3721
0.3428
0.33
0.31620000000000004
0.3149
0.3255
0.29300000000000004
0.252
0.2518
0.2528
0.2562
0.2573
0.2714
0.2917
0.32030000000000003
0.3603
0.357
0.4275
0.9021000000000001
0.8663000000000001
0.8593
1.002
0.9770000000000001
1.4447999999999999
0.5167999999999999
0.5155000000000001
0.4981
0.5022
0.5058
0.5446
0.5239
0.5367
0.4884
0.4627
0.4296
0.5356
1.0532
0.4021
0.344
0.3628
0.4061
0.3912
2.0202
0.7002999999999999
0.8706
1.3114
1.2448000000000001
2.6933
0.6713
0.6976
0.6211
0.5973999999999999
0.5186999999999999
0.3696
0.4576
7.6631
4.5243
1.427
3.3353
6.6294
5.772
3.8053
4.452
6.6328
5.6477
3.0725
1.2142
0.6217
0.7474000000000001
0.7050000000000001
0.6548
0.6586000000000001
1.0202
0.5379
0.5023
0.4557
0.5065
0.5746
0.6912
0.7118
0.8115
0.8096
0.7735000000000001
0.694
0.7433
0.6895
1.3704
3.9665
0.5515
0.3093
0.8068
3.7137000000000002
4.8774999999999995
5.3884
1.0799
0.188
0.3377
0.27790000000000004
0.26280000000000003
0.2582
0.24730000000000002
0.2452
0.2398
0.5914999999999999
0.7754000000000001
0.8092
0.8170999999999999
0.5705
0.1865
0.1533
0.15389999999999998
0.6029
0.7867999999999999
0.6576
0.9074
1.0667
0.9204
0.8486
0.9446
1.7576
0.3916
0.3927
0.4014
0.4067
0.40690000000000004
0.4814
0.6721
0.792
0.8814
0.9257
0.8868
0.836
0.8739
0.9568
0.9481999999999999
0.7499
1.3344
1.8473
2.3274
1.3841999999999999
1.2962
0.8221
0.4355
0.395
0.48429999999999995
0.5173
0.475
0.47050000000000003
0.4611
0.4657
0.5222
0.4621
0.31120000000000003
0.3517
2.3008
2.3581000000000003
0.6046
0.7012999999999999
0.22599999999999998
0.1933
0.1916
0.137
0.14300000000000002
0.40190000000000003
0.1949
3.1161000000000003
6.003299999999999
6.2026
0.3721
0.3428
0.33
0.31620000000000004
0.3149
0.3255
0.29300000000000004
0.252
0.2518
0.2528
0.2562
0.2573
0.2714
0.2917
0.32030000000000003
0.3603
0.357
0.4275
0.9021000000000001
0.8663000000000001
0.8593
1.002
0.9770000000000001
1.4447999999999999
0.5167999999999999
0.5155000000000001
0.4981
0.5022
0.5058
0.5446
0.5239
0.5367
0.4884
0.4627
0.4296
0.5356
1.0532
0.4021
0.344
0.3628
0.4061
0.3912
2.0202
0.7002999999999999
0.8706
1.3114
1.2448000000000001
2.6933
0.6713
0.6976
0.6211
0.5973999999999999
0.5186999999999999
0.3696
0.4576
7.6631
4.5243
1.427
3.3353
6.6294
5.772
3.8053
4.452
6.6328
5.6477
3.0725
1.2142
0.6217
0.7474000000000001
0.7050000000000001
0.6548
0.6586000000000001
1.0202
0.5379
0.5023
0.4557
0.5065
0.5746
0.6912
0.7118
0.8115
0.8096
0.7735000000000001
0.694
0.7433
0.6895
1.3704
3.9665
0.5515
0.3093
0.8068
3.7137000000000002
4.8774999999999995
5.3884
1.0799
0.188
0.3377
0.27790000000000004
0.26280000000000003
0.2582
0.24730000000000002
0.2452
0.2398
0.5914999999999999
0.7754000000000001
0.8092
0.8170999999999999
0.5705
0.1865
0.1533
0.15389999999999998
0.6029
0.7867999999999999
0.6576
0.9074
1.0667
0.9204
0.8486
0.9446
1.7576
0.3916
0.3927
0.4014
0.4067
0.40690000000000004
0.4814
0.6721
0.792
0.8814
0.9257
0.8868
0.836
0.8739
0.9568
0.9481999999999999
0.7499
1.3344
1.8473
2.3274
1.3841999999999999
1.2962
0.8221
0.4355
0.395
0.48429999999999995
0.5173
0.475
0.47050000000000003
0.4611
0.4657
0.5222
0.4621
0.31120000000000003
0.3517
2.3008
2.3581000000000003
0.6046
0.7012999999999999
0.22599999999999998
0.1933
0.1916
0.137
0.14300000000000002
0.40190000000000003
0.1949
3.1161000000000003
6.003299999999999
6.2026
0.3721
0.3428
0.33
0.31620000000000004
0.3149
0.3255
0.29300000000000004
0.252
0.2518
0.2528
0.2562
0.2573
0.2714
0.2917
0.32030000000000003
0.3603
0.357
0.4275
0.9021000000000001
0.8663000000000001
0.8593
1.002
0.9770000000000001
1.4447999999999999
0.5167999999999999
0.5155000000000001
0.4981
0.5022
0.5058
0.5446
0.5239
0.5367
0.4884
0.4627
0.4296
0.5356
1.0532
0.4021
0.344
0.3628
0.4061
0.3912
2.0202
0.7002999999999999
0.8706
1.3114
1.2448000000000001
2.6933
0.6713
0.6976
0.6211
0.5973999999999999
0.5186999999999999
0.3696
0.4576
7.6631
4.5243
1.427
3.3353
6.6294
5.772
3.8053
4.452
6.6328
5.6477
3.0725
1.2142
0.6217
0.7474000000000001
0.7050000000000001
0.6548
0.6586000000000001
1.0202
0.5379
0.5023
0.4557
0.5065
0.5746
0.6912
0.7118
0.8115
0.8096
0.7735000000000001
0.694
0.7433
0.6895
1.3704
3.9665
0.5515
0.3093
0.8068
3.7137000000000002
4.8774999999999995
5.3884
1.0799
0.188
0.3377
0.27790000000000004
0.26280000000000003
0.2582
0.24730000000000002
0.2452
0.2398
0.5914999999999999
0.7754000000000001
0.8092
0.8170999999999999
0.5705
0.1865
0.1533
0.15389999999999998
0.6029
0.7867999999999999
0.6576
0.9074
1.0667
0.9204
0.8486
0.9446
1.7576
0.294
0.29979999999999996
0.3106
0.3179
0.3291
0.3537
0.3942
0.2981
0.1671
0.1119
0.09570000000000001
0.07619999999999999
0.0684
0.0557
0.0579
0.0611
0.0393
0.5764
0.2479
0.1926
0.3657
0.6121
0.7367
1.0253
1.1897
1.2165
1.5659
1.7436
0.1708
0.2041
0.3769
0.5731999999999999
0.6387
0.6864
0.5994999999999999
0.5329999999999999
0.5729
0.5922000000000001
0.7849999999999999
0.5952999999999999
0.6567000000000001
0.6616
0.4919
0.4592
0.4729
0.5103
0.4786
0.42369999999999997
0.15739999999999998
0.1557
0.1521
0.15539999999999998
0.1573
0.1876
0.2821
0.3395
0.31110000000000004
0.29410000000000003
0.287
0.26349999999999996
0.2559
0.2774
0.6431
0.7665
0.398
0.3156
0.2108
0.1291
0.1629
0.1871
0.17759999999999998
0.1748
1.6813
2.1060999999999996
3.0261
5.2382
0.2688
1.4022999999999999
2.2603
0.2243
0.182
0.1915
0.2984
0.3067
0.221
0.2131
2.9332000000000003
0.1388
0.0197
0.0211
0.0343
0.1169
0.02
0.0466
0.1125
0.0348
0.0921
0.0887
0.08779999999999999
0.0905
0.0902
0.0877
0.0837
0.0923
0.0902
0.085
0.07819999999999999
0.0815
0.0812
0.087
0.09440000000000001
0.0965
0.08990000000000001
0.11069999999999999
0.1059
0.0986
0.0857
0.0811
0.09259999999999999
0.1001
0.9246000000000001
0.8500000000000001
0.8531
0.7699
0.6385000000000001
0.5604
0.5598
1.018
1.0301
1.1835
1.4832
1.5339
1.1553
1.0315
1.1223999999999998
1.1542
0.9238999999999999
0.8026
0.7569
1.1151
1.9986000000000002
1.7433
1.2641
1.1385999999999998
2.2470999999999997
4.7971
0.8440000000000001
1.1197
1.1252
1.2201
1.2585
1.3767999999999998
1.6817000000000002
2.0813
2.3984
2.7302
2.5848
2.35
2.4989
3.2329
3.0555000000000003
3.2032
3.2725999999999997
2.4555
2.1719
2.0744
2.7743
3.1263
0.294
0.29979999999999996
0.3106
0.3179
0.3291
0.3537
0.3942
0.2981
0.1671
0.1119
0.09570000000000001
0.07619999999999999
0.0684
0.0557
0.0579
0.0611
0.0393
0.5764
0.2479
0.1926
0.3657
0.6121
0.7367
1.0253
1.1897
1.2165
1.5659
1.7436
0.1708
0.2041
0.3769
0.5731999999999999
0.6387
0.6864
0.5994999999999999
0.5329999999999999
0.5729
0.5922000000000001
0.7849999999999999
0.5952999999999999
0.6567000000000001
0.6616
0.4919
0.4592
0.4729
0.5103
0.4786
0.42369999999999997
0.15739999999999998
0.1557
0.1521
0.15539999999999998
0.1573
0.1876
0.2821
0.3395
0.31110000000000004
0.29410000000000003
0.287
0.26349999999999996
0.2559
0.2774
0.6431
0.7665
0.398
0.3156
0.2108
0.1291
0.1629
0.1871
0.17759999999999998
0.1748
1.6813
2.1060999999999996
3.0261
5.2382
0.2688
1.4022999999999999
2.2603
0.2243
0.182
0.1915
0.2984
0.3067
0.221
0.2131
2.9332000000000003
0.1388
0.0197
0.0211
0.0343
0.1169
0.02
0.0466
0.1125
0.0348
0.0921
0.0887
0.08779999999999999
0.0905
0.0902
0.0877
0.0837
0.0923
0.0902
0.085
0.07819999999999999
0.0815
0.0812
0.087
0.09440000000000001
0.0965
0.08990000000000001
0.11069999999999999
0.1059
0.0986
0.0857
0.0811
0.09259999999999999
0.1001
0.9246000000000001
0.8500000000000001
0.8531
0.7699
0.6385000000000001
0.5604
0.5598
1.018
1.0301
1.1835
1.4832
1.5339
1.1553
1.0315
1.1223999999999998
1.1542
0.9238999999999999
0.8026
0.7569
1.1151
1.9986000000000002
1.7433
1.2641
1.1385999999999998
2.2470999999999997
4.7971
0.8440000000000001
1.1197
1.1252
1.2201
1.2585
1.3767999999999998
1.6817000000000002
2.0813
2.3984
2.7302
2.5848
2.35
2.4989
3.2329
3.0555000000000003
3.2032
3.2725999999999997
2.4555
2.1719
2.0744
2.7743
3.1263
0.294
0.29979999999999996
0.3106
0.3179
0.3291
0.3537
0.3942
0.2981
0.1671
0.1119
0.09570000000000001
0.07619999999999999
0.0684
0.0557
0.0579
0.0611
0.0393
0.5764
0.2479
0.1926
0.3657
0.6121
0.7367
1.0253
1.1897
1.2165
1.5659
1.7436
0.1708
0.2041
0.3769
0.5731999999999999
0.6387
0.6864
0.5994999999999999
0.5329999999999999
0.5729
0.5922000000000001
0.7849999999999999
0.5952999999999999
0.6567000000000001
0.6616
0.4919
0.4592
0.4729
0.5103
0.4786
0.42369999999999997
0.15739999999999998
0.1557
0.1521
0.15539999999999998
0.1573
0.1876
0.2821
0.3395
0.31110000000000004
0.29410000000000003
0.287
0.26349999999999996
0.2559
0.2774
0.6431
0.7665
0.398
0.3156
0.2108
0.1291
0.1629
0.1871
0.17759999999999998
0.1748
1.6813
2.1060999999999996
3.0261
5.2382
0.2688
1.4022999999999999
2.2603
0.2243
0.182
0.1915
0.2984
0.3067
0.221
0.2131
2.9332000000000003
0.1388
0.0197
0.0211
0.0343
0.1169
0.02
0.0466
0.1125
0.0348
0.0921
0.0887
0.08779999999999999
0.0905
0.0902
0.0877
0.0837
0.0923
0.0902
0.085
0.07819999999999999
0.0815
0.0812
0.087
0.09440000000000001
0.0965
0.08990000000000001
0.11069999999999999
0.1059
0.0986
0.0857
0.0811
0.09259999999999999
0.1001
0.9246000000000001
0.8500000000000001
0.8531
0.7699
0.6385000000000001
0.5604
0.5598
1.018
1.0301
1.1835
1.4832
1.5339
1.1553
1.0315
1.1223999999999998
1.1542
0.9238999999999999
0.8026
0.7569
1.1151
1.9986000000000002
1.7433
1.2641
1.1385999999999998
2.2470999999999997
4.7971
0.8440000000000001
1.1197
1.1252
1.2201
1.2585
1.3767999999999998
1.6817000000000002
2.0813
2.3984
2.7302
2.5848
2.35
2.4989
3.2329
3.0555000000000003
3.2032
3.2725999999999997
2.4555
2.1719
2.0744
2.7743
3.1263
0.294
0.29979999999999996
0.3106
0.3179
0.3291
0.3537
0.3942
0.2981
0.1671
0.1119
0.09570000000000001
0.07619999999999999
0.0684
0.0557
0.0579
0.0611
0.0393
0.5764
0.2479
0.1926
0.3657
0.6121
0.7367
1.0253
1.1897
1.2165
1.5659
1.7436
0.1708
0.2041
0.3769
0.5731999999999999
0.6387
0.6864
0.5994999999999999
0.5329999999999999
0.5729
0.5922000000000001
0.7849999999999999
0.5952999999999999
0.6567000000000001
0.6616
0.4919
0.4592
0.4729
0.5103
0.4786
0.42369999999999997
0.15739999999999998
0.1557
0.1521
0.15539999999999998
0.1573
0.1876
0.2821
0.3395
0.31110000000000004
0.29410000000000003
0.287
0.26349999999999996
0.2559
0.2774
0.6431
0.7665
0.398
0.3156
0.2108
0.1291
0.1629
0.1871
0.17759999999999998
0.1748
1.6813
2.1060999999999996
3.0261
5.2382
0.2688
1.4022999999999999
2.2603
0.2243
0.182
0.1915
0.2984
0.3067
0.221
0.2131
2.9332000000000003
0.1388
0.0197
0.0211
0.0343
0.1169
0.02
0.0466
0.1125
0.0348
0.0921
0.0887
0.08779999999999999
0.0905
0.0902
0.0877
0.0837
0.0923
0.0902
0.085
0.07819999999999999
0.0815
0.0812
0.087
0.09440000000000001
0.0965
0.08990000000000001
0.11069999999999999
0.1059
0.0986
0.0857
0.0811
0.09259999999999999
0.1001
0.9246000000000001
0.8500000000000001
0.8531
0.7699
0.6385000000000001
0.5604
0.5598
1.018
1.0301
1.1835
1.4832
1.5339
1.1553
1.0315
1.1223999999999998
1.1542
0.9238999999999999
0.8026
0.7569
1.1151
1.9986000000000002
1.7433
1.2641
1.1385999999999998
2.2470999999999997
4.7971
0.8440000000000001
1.1197
1.1252
1.2201
1.2585
1.3767999999999998
1.6817000000000002
2.0813
2.3984
2.7302
2.5848
2.35
2.4989
3.2329
3.0555000000000003
3.2032
3.2725999999999997
2.4555
2.1719
2.0744
2.7743
3.1263
0.294
0.29979999999999996
0.3106
0.3179
0.3291
0.3537
0.3942
0.2981
0.1671
0.1119
0.09570000000000001
0.07619999999999999
0.0684
0.0557
0.0579
0.0611
0.0393
0.5764
0.2479
0.1926
0.3657
0.6121
0.7367
1.0253
1.1897
1.2165
1.5659
1.7436
0.1708
0.2041
0.3769
0.5731999999999999
0.6387
0.6864
0.5994999999999999
0.5329999999999999
0.5729
0.5922000000000001
0.7849999999999999
0.5952999999999999
0.6567000000000001
0.6616
0.4919
0.4592
0.4729
0.5103
0.4786
0.42369999999999997
0.15739999999999998
0.1557
0.1521
0.15539999999999998
0.1573
0.1876
0.2821
0.3395
0.31110000000000004
0.29410000000000003
0.287
0.26349999999999996
0.2559
0.2774
0.6431
0.7665
0.398
0.3156
0.2108
0.1291
0.1629
0.1871
0.17759999999999998
0.1748
1.4101
1.4146
1.0849000000000002
1.0615
1.0049000000000001
1.0312999999999999
1.1998000000000002
1.4861
1.4322
1.3708
1.377
2.4471
1.7393
1.1844999999999999
1.287
1.4464000000000001
2.5623
1.6921
1.1937000000000002
1.0539
1.0498
1.2054999999999998
1.5586
1.6247
0.2089
0.1935
0.1912
0.1869
0.1886
0.2005
0.25539999999999996
0.4394
0.6209
0.7094
0.7366
0.8404
0.8597
1.1484999999999999
1.4668999999999999
0.9831000000000001
1.596
1.8103
2.7015000000000002
1.7734
1.2208
0.6593
0.36450000000000005
0.23149999999999998
0.1
0.1073
0.08940000000000001
0.0644
0.0416
0.0203
0.030299999999999997
0.016
0.0093
0.0
0.0218
0.035500000000000004
0.1728
0.07250000000000001
0.026000000000000002
0.0035
0.0089
0.0461
0.06889999999999999
0.06559999999999999
0.0239
0.0
0.0
0.0
0.0
0.0177
0.0093
0.0
0.0
0.0
0.6664
1.3592
0.5224
0.2618
2.3297999999999996
0.253
0.3316
0.2813
0.1869
0.166
0.057
1.0837999999999999
0.0625
0.09720000000000001
0.0185
0.0
0.0129
0.0126
0.3461
0.3358
0.3157
0.3156
0.3325
0.3375
0.5554
0.8578
0.1987
0.1879
0.1636
0.1459
0.1276
0.11069999999999999
0.10300000000000001
0.0833
0.0743
0.0242
0.102
0.9255
0.6515
1.2258
1.2905
1.835
0.0592
0.0464
0.07550000000000001
0.0892
0.06369999999999999
0.1032
0.1768
0.0684
0.0415
0.0159
0.0314
0.0011
0.0219
0.014599999999999998
0.0
0.094
0.005
0.0642
0.015199999999999998
0.0286
0.0
0.0
0.0
0.0
0.2173
0.1716
0.1789
0.173
0.1815
0.19390000000000002
0.3018
0.6799999999999999
0.727
0.7104999999999999
0.5409
0.3688
0.28190000000000004
0.2583
0.2773
0.3185
0.3302
0.3782
0.5879
0.877
0.9208000000000001
0.8319
0.5674
0.3169
1.4101
1.4146
1.0849000000000002
1.0615
1.0049000000000001
1.0312999999999999
1.1998000000000002
1.4861
1.4322
1.3708
1.377
2.4471
1.7393
1.1844999999999999
1.287
1.4464000000000001
2.5623
1.6921
1.1937000000000002
1.0539
1.0498
1.2054999999999998
1.5586
1.6247
0.2089
0.1935
0.1912
0.1869
0.1886
0.2005
0.25539999999999996
0.4394
0.6209
0.7094
0.7366
0.8404
0.8597
1.1484999999999999
1.4668999999999999
0.9831000000000001
1.596
1.8103
2.7015000000000002
1.7734
1.2208
0.6593
0.36450000000000005
0.23149999999999998
0.1
0.1073
0.08940000000000001
0.0644
0.0416
0.0203
0.030299999999999997
0.016
0.0093
0.0
0.0218
0.035500000000000004
0.1728
0.07250000000000001
0.026000000000000002
0.0035
0.0089
0.0461
0.06889999999999999
0.06559999999999999
0.0239
0.0
0.0
0.0
0.0
0.0177
0.0093
0.0
0.0
0.0
0.6664
1.3592
0.5224
0.2618
2.3297999999999996
0.253
0.3316
0.2813
0.1869
0.166
0.057
1.0837999999999999
0.0625
0.09720000000000001
0.0185
0.0
0.0129
0.0126
0.3461
0.3358
0.3157
0.3156
0.3325
0.3375
0.5554
0.8578
0.1987
0.1879
0.1636
0.1459
0.1276
0.11069999999999999
0.10300000000000001
0.0833
0.0743
0.0242
0.102
0.9255
0.6515
1.2258
1.2905
1.835
0.0592
0.0464
0.07550000000000001
0.0892
0.06369999999999999
0.1032
0.1768
0.0684
0.0415
0.0159
0.0314
0.0011
0.0219
0.014599999999999998
0.0
0.094
0.005
0.0642
0.015199999999999998
0.0286
0.0
0.0
0.0
0.0
0.2173
0.1716
0.1789
0.173
0.1815
0.19390000000000002
0.3018
0.6799999999999999
0.727
0.7104999999999999
0.5409
0.3688
0.28190000000000004
0.2583
0.2773
0.3185
0.3302
0.3782
0.5879
0.877
0.9208000000000001
0.8319
0.5674
0.3169
1.4101
1.4146
1.0849000000000002
1.0615
1.0049000000000001
1.0312999999999999
1.1998000000000002
1.4861
1.4322
1.3708
1.377
2.4471
1.7393
1.1844999999999999
1.287
1.4464000000000001
2.5623
1.6921
1.1937000000000002
1.0539
1.0498
1.2054999999999998
1.5586
1.6247
0.2089
0.1935
0.1912
0.1869
0.1886
0.2005
0.25539999999999996
0.4394
0.6209
0.7094
0.7366
0.8404
0.8597
1.1484999999999999
1.4668999999999999
0.9831000000000001
1.596
1.8103
2.7015000000000002
1.7734
1.2208
0.6593
0.36450000000000005
0.23149999999999998
0.1
0.1073
0.08940000000000001
0.0644
0.0416
0.0203
0.030299999999999997
0.016
0.0093
0.0
0.0218
0.035500000000000004
0.1728
0.07250000000000001
0.026000000000000002
0.0035
0.0089
0.0461
0.06889999999999999
0.06559999999999999
0.0239
0.0
0.0
0.0
0.0
0.0177
0.0093
0.0
0.0
0.0
0.6664
1.3592
0.5224
0.2618
2.3297999999999996
0.253
0.3316
0.2813
0.1869
0.166
0.057
1.0837999999999999
0.0625
0.09720000000000001
0.0185
0.0
0.0129
0.0126
0.3461
0.3358
0.3157
0.3156
0.3325
0.3375
0.5554
0.8578
0.1987
0.1879
0.1636
0.1459
0.1276
0.11069999999999999
0.10300000000000001
0.0833
0.0743
0.0242
0.102
0.9255
0.6515
1.2258
1.2905
1.835
0.0592
0.0464
0.07550000000000001
0.0892
0.06369999999999999
0.1032
0.1768
0.0684
0.0415
0.0159
0.0314
0.0011
0.0219
0.014599999999999998
0.0
0.094
0.005
0.0642
0.015199999999999998
0.0286
0.0
0.0
0.0
0.0
0.2173
0.1716
0.1789
0.173
0.1815
0.19390000000000002
0.3018
0.6799999999999999
0.727
0.7104999999999999
0.5409
0.3688
0.28190000000000004
0.2583
0.2773
0.3185
0.3302
0.3782
0.5879
0.877
0.9208000000000001
0.8319
0.5674
0.3169
1.4101
1.4146
1.0849000000000002
1.0615
1.0049000000000001
1.0312999999999999
1.1998000000000002
1.4861
1.4322
1.3708
1.377
2.4471
1.7393
1.1844999999999999
1.287
1.4464000000000001
2.5623
1.6921
1.1937000000000002
1.0539
1.0498
1.2054999999999998
1.5586
1.6247
0.2089
0.1935
0.1912
0.1869
0.1886
0.2005
0.25539999999999996
0.4394
0.6209
0.7094
0.7366
0.8404
0.8597
1.1484999999999999
1.4668999999999999
0.9831000000000001
1.596
1.8103
2.7015000000000002
1.7734
1.2208
0.6593
0.36450000000000005
0.23149999999999998
0.1
0.1073
0.08940000000000001
0.0644
0.0416
0.0203
0.030299999999999997
0.016
0.0093
0.0
0.0218
0.035500000000000004
0.1728
0.07250000000000001
0.026000000000000002
0.0035
0.0089
0.0461
0.06889999999999999
0.06559999999999999
0.0239
0.0
0.0
0.0
0.0
0.0177
0.0093
0.0
0.0
0.0
0.6664
1.3592
0.5224
0.2618
2.3297999999999996
0.253
0.3316
0.2813
0.1869
0.166
0.057
1.0837999999999999
0.0625
0.09720000000000001
0.0185
0.0
0.0129
0.0126
0.3461
0.3358
0.3157
0.3156
0.3325
0.3375
0.5554
0.8578
0.1987
0.1879
0.1636
0.1459
0.1276
0.11069999999999999
0.10300000000000001
0.0833
0.0743
0.0242
0.102
0.9255
0.6515
1.2258
1.2905
1.835
0.0592
0.0464
0.07550000000000001
0.0892
0.06369999999999999
0.1032
0.1768
0.0684
0.0415
0.0159
0.0314
0.0011
0.0219
0.014599999999999998
0.0
0.094
0.005
0.0642
0.015199999999999998
0.0286
0.0
0.0
0.0
0.0
0.2173
0.1716
0.1789
0.173
0.1815
0.19390000000000002
0.3018
0.6799999999999999
0.727
0.7104999999999999
0.5409
0.3688
0.28190000000000004
0.2583
0.2773
0.3185
0.3302
0.3782
0.5879
0.877
0.9208000000000001
0.8319
0.5674
0.3169
1.4101
1.4146
1.0849000000000002
1.0615
1.0049000000000001
1.0312999999999999
1.1998000000000002
1.4861
1.4322
1.3708
1.377
2.4471
1.7393
1.1844999999999999
1.287
1.4464000000000001
2.5623
1.6921
1.1937000000000002
1.0539
1.0498
1.2054999999999998
1.5586
1.6247
0.2089
0.1935
0.1912
0.1869
0.1886
0.2005
0.25539999999999996
0.4394
0.6209
0.7094
0.7366
0.8404
0.8597
1.1484999999999999
1.4668999999999999
0.9831000000000001
1.596
1.8103
2.7015000000000002
1.7734
1.2208
0.6593
0.36450000000000005
0.23149999999999998
0.1207
0.1164
0.12869999999999998
0.1073
0.1104
0.0714
0.1194
0.2619
0.2707
0.2813
0.3053
0.3459
0.29190000000000005
0.3116
3.8557
0.1572
1.0005
0.1423
0.0192
0.0098
0.0083
0.032
0.1023
0.0684
0.30810000000000004
0.2964
0.28869999999999996
0.2814
0.2647
0.2297
0.1259
1.6929
0.4582
0.4976
0.4871
0.35819999999999996
0.20479999999999998
0.1554
0.13390000000000002
0.1861
0.23920000000000002
0.9818
1.4304000000000001
1.2004000000000001
0.8675
0.7894
0.736
0.5037
0.9559
0.3076
0.295
0.2959
0.30720000000000003
0.4106
0.5904
0.4508
0.40080000000000005
0.3553
0.3422
0.35219999999999996
0.3791
0.3964
0.4541
0.5707
0.7017
0.9649
0.6301
0.5622
0.5837
0.6884
0.7224999999999999
2.4104
0.1565
0.1503
0.1486
0.1502
0.1483
0.14629999999999999
0.1441
0.1781
0.16920000000000002
0.16549999999999998
0.1497
0.15460000000000002
0.15439999999999998
0.1477
0.15539999999999998
0.15400000000000003
0.159
0.1473
0.14179999999999998
0.1484
0.1513
0.1572
0.1765
0.1767
0.1588
0.16649999999999998
0.1511
0.1517
0.1411
0.1623
0.1884
0.393
0.08779999999999999
0.0598
1.2913000000000001
0.12259999999999999
0.265
0.24080000000000001
0.1446
0.0694
0.0938
0.0948
0.08
0.1164
0.1197
0.1405
0.12
0.1125
0.0827
0.128
0.1259
0.1047
0.11499999999999999
0.17830000000000001
0.39390000000000003
0.3225
0.087
0.04
0.1531
0.276
0.1476
0.4749
0.063
0.0
0.0028
0.0
0.0
0.0052
0.0
0.0
0.0
0.0
0.548
0.5281
0.5223
0.4977
0.49029999999999996
0.5028
0.5038
0.5338
0.5578
0.77
0.8428
1.075
0.8500000000000001
0.5866
0.5136000000000001
0.5015000000000001
0.9105
0.9083999999999999
1.2791
1.5832000000000002
0.6487
0.8469
0.7869999999999999
0.6079
0.1207
0.1164
0.12869999999999998
0.1073
0.1104
0.0714
0.1194
0.2619
0.2707
0.2813
0.3053
0.3459
0.29190000000000005
0.3116
3.8557
0.1572
1.0005
0.1423
0.0192
0.0098
0.0083
0.032
0.1023
0.0684
0.30810000000000004
0.2964
0.28869999999999996
0.2814
0.2647
0.2297
0.1259
1.6929
0.4582
0.4976
0.4871
0.35819999999999996
0.20479999999999998
0.1554
0.13390000000000002
0.1861
0.23920000000000002
0.9818
1.4304000000000001
1.2004000000000001
0.8675
0.7894
0.736
0.5037
0.9559
0.3076
0.295
0.2959
0.30720000000000003
0.4106
0.5904
0.4508
0.40080000000000005
0.3553
0.3422
0.35219999999999996
0.3791
0.3964
0.4541
0.5707
0.7017
0.9649
0.6301
0.5622
0.5837
0.6884
0.7224999999999999
2.4104
0.1565
0.1503
0.1486
0.1502
0.1483
0.14629999999999999
0.1441
0.1781
0.16920000000000002
0.16549999999999998
0.1497
0.15460000000000002
0.15439999999999998
0.1477
0.15539999999999998
0.15400000000000003
0.159
0.1473
0.14179999999999998
0.1484
0.1513
0.1572
0.1765
0.1767
0.1588
0.16649999999999998
0.1511
0.1517
0.1411
0.1623
0.1884
0.393
0.08779999999999999
0.0598
1.2913000000000001
0.12259999999999999
0.265
0.24080000000000001
0.1446
0.0694
0.0938
0.0948
0.08
0.1164
0.1197
0.1405
0.12
0.1125
0.0827
0.128
0.1259
0.1047
0.11499999999999999
0.17830000000000001
0.39390000000000003
0.3225
0.087
0.04
0.1531
0.276
0.1476
0.4749
0.063
0.0
0.0028
0.0
0.0
0.0052
0.0
0.0
0.0
0.0
0.548
0.5281
0.5223
0.4977
0.49029999999999996
0.5028
0.5038
0.5338
0.5578
0.77
0.8428
1.075
0.8500000000000001
0.5866
0.5136000000000001
0.5015000000000001
0.9105
0.9083999999999999
1.2791
1.5832000000000002
0.6487
0.8469
0.7869999999999999
0.6079
0.1207
0.1164
0.12869999999999998
0.1073
0.1104
0.0714
0.1194
0.2619
0.2707
0.2813
0.3053
0.3459
0.29190000000000005
0.3116
3.8557
0.1572
1.0005
0.1423
0.0192
0.0098
0.0083
0.032
0.1023
0.0684
0.30810000000000004
0.2964
0.28869999999999996
0.2814
0.2647
0.2297
0.1259
1.6929
0.4582
0.4976
0.4871
0.35819999999999996
0.20479999999999998
0.1554
0.13390000000000002
0.1861
0.23920000000000002
0.9818
1.4304000000000001
1.2004000000000001
0.8675
0.7894
0.736
0.5037
0.9559
0.3076
0.295
0.2959
0.30720000000000003
0.4106
0.5904
0.4508
0.40080000000000005
0.3553
0.3422
0.35219999999999996
0.3791
0.3964
0.4541
0.5707
0.7017
0.9649
0.6301
0.5622
0.5837
0.6884
0.7224999999999999
2.4104
0.1565
0.1503
0.1486
0.1502
0.1483
0.14629999999999999
0.1441
0.1781
0.16920000000000002
0.16549999999999998
0.1497
0.15460000000000002
0.15439999999999998
0.1477
0.15539999999999998
0.15400000000000003
0.159
0.1473
0.14179999999999998
0.1484
0.1513
0.1572
0.1765
0.1767
0.1588
0.16649999999999998
0.1511
0.1517
0.1411
0.1623
0.1884
0.393
0.08779999999999999
0.0598
1.2913000000000001
0.12259999999999999
0.265
0.24080000000000001
0.1446
0.0694
0.0938
0.0948
0.08
0.1164
0.1197
0.1405
0.12
0.1125
0.0827
0.128
0.1259
0.1047
0.11499999999999999
0.17830000000000001
0.39390000000000003
0.3225
0.087
0.04
0.1531
0.276
0.1476
0.4749
0.063
0.0
0.0028
0.0
0.0
0.0052
0.0
0.0
0.0
0.0
0.548
0.5281
0.5223
0.4977
0.49029999999999996
0.5028
0.5038
0.5338
0.5578
0.77
0.8428
1.075
0.8500000000000001
0.5866
0.5136000000000001
0.5015000000000001
0.9105
0.9083999999999999
1.2791
1.5832000000000002
0.6487
0.8469
0.7869999999999999
0.6079
0.1207
0.1164
0.12869999999999998
0.1073
0.1104
0.0714
0.1194
0.2619
0.2707
0.2813
0.3053
0.3459
0.29190000000000005
0.3116
3.8557
0.1572
1.0005
0.1423
0.0192
0.0098
0.0083
0.032
0.1023
0.0684
0.30810000000000004
0.2964
0.28869999999999996
0.2814
0.2647
0.2297
0.1259
1.6929
0.4582
0.4976
0.4871
0.35819999999999996
0.20479999999999998
0.1554
0.13390000000000002
0.1861
0.23920000000000002
0.9818
1.4304000000000001
1.2004000000000001
0.8675
0.7894
0.736
0.5037
0.9559
0.3076
0.295
0.2959
0.30720000000000003
0.4106
0.5904
0.4508
0.40080000000000005
0.3553
0.3422
0.35219999999999996
0.3791
0.3964
0.4541
0.5707
0.7017
0.9649
0.6301
0.5622
0.5837
0.6884
0.7224999999999999
2.4104
0.1565
0.1503
0.1486
0.1502
0.1483
0.14629999999999999
0.1441
0.1781
0.16920000000000002
0.16549999999999998
0.1497
0.15460000000000002
0.15439999999999998
0.1477
0.15539999999999998
0.15400000000000003
0.159
0.1473
0.14179999999999998
0.1484
0.1513
0.1572
0.1765
0.1767
0.1588
0.16649999999999998
0.1511
0.1517
0.1411
0.1623
0.1884
0.393
0.08779999999999999
0.0598
1.2913000000000001
0.12259999999999999
0.265
0.24080000000000001
0.1446
0.0694
0.0938
0.0948
0.08
0.1164
0.1197
0.1405
0.12
0.1125
0.0827
0.128
0.1259
0.1047
0.11499999999999999
0.17830000000000001
0.39390000000000003
0.3225
0.087
0.04
0.1531
0.276
0.1476
0.4749
0.063
0.0
0.0028
0.0
0.0
0.0052
0.0
0.0
0.0
0.0
0.548
0.5281
0.5223
0.4977
0.49029999999999996
0.5028
0.5038
0.5338
0.5578
0.77
0.8428
1.075
0.8500000000000001
0.5866
0.5136000000000001
0.5015000000000001
0.9105
0.9083999999999999
1.2791
1.5832000000000002
0.6487
0.8469
0.7869999999999999
0.6079
0.1207
0.1164
0.12869999999999998
0.1073
0.1104
0.0714
0.1194
0.2619
0.2707
0.2813
0.3053
0.3459
0.29190000000000005
0.3116
3.8557
0.1572
1.0005
0.1423
0.0192
0.0098
0.0083
0.032
0.1023
0.0684
0.30810000000000004
0.2964
0.28869999999999996
0.2814
0.2647
0.2297
0.1259
1.6929
0.4582
0.4976
0.4871
0.35819999999999996
0.20479999999999998
0.1554
0.13390000000000002
0.1861
0.23920000000000002
0.9818
1.4304000000000001
1.2004000000000001
0.8675
0.7894
0.736
0.5037
0.9559
0.3076
0.295
0.2959
0.30720000000000003
0.4106
0.5904
0.4508
0.40080000000000005
0.3553
0.3422
0.35219999999999996
0.3791
0.3964
0.4541
0.5707
0.7017
0.9649
0.6301
0.5622
0.5837
0.6884
0.7224999999999999
2.4104
1.0706
0.4635
0.3581
0.3547
0.35719999999999996
0.405
0.40259999999999996
0.4168
0.48660000000000003
0.477
0.528
0.6223
2.4280999999999997
1.9836
0.3687
0.34519999999999995
0.32520000000000004
0.2733
0.29779999999999995
0.3587
0.6236999999999999
0.987
0.7872
0.5475
0.5689
0.5296
0.514
0.5173
0.5118
0.5192
0.5469999999999999
0.5927
0.7321
0.9037
0.9631000000000001
1.0809
0.9557
0.952
0.8031
0.7454000000000001
0.7938000000000001
0.9059
1.5989
0.8774
1.1356000000000002
1.2898
1.1137000000000001
0.7704
0.6831
0.6109
2.372
0.7325999999999999
0.6772
0.6241000000000001
0.6524000000000001
0.8351999999999999
0.9941
1.2109
1.4239
1.4621
1.0696
0.9638
0.977
0.9853000000000001
1.0495999999999999
1.2040000000000002
2.1296
1.4153
1.0106000000000002
0.9174
0.8112999999999999
0.7327
0.5843
0.4491
0.4313
0.519
0.31079999999999997
0.2273
0.1871
0.1879
0.0535
0.0191
0.0265
0.0278
0.023
0.0233
0.048799999999999996
0.1144
0.1207
0.1502
0.20279999999999998
0.2601
0.4122
0.32320000000000004
0.2384
2.1229
0.306
0.3487
0.3356
0.3288
0.3307
0.4032
0.6721999999999999
1.3298
2.1024000000000003
0.2475
0.2669
0.305
0.2974
0.27449999999999997
0.41
0.489
0.3618
0.3615
0.43620000000000003
0.9428
0.6607
0.0262
0.016399999999999998
0.030199999999999998
0.2428
0.2668
0.2756
0.28859999999999997
0.3022
0.368
0.3875
0.4568
0.3641
0.322
0.3087
0.3741
0.5464
0.3785
0.2652
0.2489
0.2148
1.653
0.4807
0.3907
0.4646
0.4226
0.3518
1.6871
1.5282
0.9014
0.2426
0.1856
0.1817
0.19319999999999998
0.201
0.2096
0.2169
0.1827
0.3842
1.8666
0.6659999999999999
0.2567
0.25880000000000003
0.2883
0.5142
0.6336999999999999
0.4972
0.4526
0.4691
0.4867
0.5156000000000001
0.46099999999999997
1.0706
0.4635
0.3581
0.3547
0.35719999999999996
0.405
0.40259999999999996
0.4168
0.48660000000000003
0.477
0.528
0.6223
2.4280999999999997
1.9836
0.3687
0.34519999999999995
0.32520000000000004
0.2733
0.29779999999999995
0.3587
0.6236999999999999
0.987
0.7872
0.5475
0.5689
0.5296
0.514
0.5173
0.5118
0.5192
0.5469999999999999
0.5927
0.7321
0.9037
0.9631000000000001
1.0809
0.9557
0.952
0.8031
0.7454000000000001
0.7938000000000001
0.9059
1.5989
0.8774
1.1356000000000002
1.2898
1.1137000000000001
0.7704
0.6831
0.6109
2.372
0.7325999999999999
0.6772
0.6241000000000001
0.6524000000000001
0.8351999999999999
0.9941
1.2109
1.4239
1.4621
1.0696
0.9638
0.977
0.9853000000000001
1.0495999999999999
1.2040000000000002
2.1296
1.4153
1.0106000000000002
0.9174
0.8112999999999999
0.7327
0.5843
0.4491
0.4313
0.519
0.31079999999999997
0.2273
0.1871
0.1879
0.0535
0.0191
0.0265
0.0278
0.023
0.0233
0.048799999999999996
0.1144
0.1207
0.1502
0.20279999999999998
0.2601
0.4122
0.32320000000000004
0.2384
2.1229
0.306
0.3487
0.3356
0.3288
0.3307
0.4032
0.6721999999999999
1.3298
2.1024000000000003
0.2475
0.2669
0.305
0.2974
0.27449999999999997
0.41
0.489
0.3618
0.3615
0.43620000000000003
0.9428
0.6607
0.0262
0.016399999999999998
0.030199999999999998
0.2428
0.2668
0.2756
0.28859999999999997
0.3022
0.368
0.3875
0.4568
0.3641
0.322
0.3087
0.3741
0.5464
0.3785
0.2652
0.2489
0.2148
1.653
0.4807
0.3907
0.4646
0.4226
0.3518
1.6871
1.5282
0.9014
0.2426
0.1856
0.1817
0.19319999999999998
0.201
0.2096
0.2169
0.1827
0.3842
1.8666
0.6659999999999999
0.2567
0.25880000000000003
0.2883
0.5142
0.6336999999999999
0.4972
0.4526
0.4691
0.4867
0.5156000000000001
0.46099999999999997
1.0706
0.4635
0.3581
0.3547
0.35719999999999996
0.405
0.40259999999999996
0.4168
0.48660000000000003
0.477
0.528
0.6223
2.4280999999999997
1.9836
0.3687
0.34519999999999995
0.32520000000000004
0.2733
0.29779999999999995
0.3587
0.6236999999999999
0.987
0.7872
0.5475
0.5689
0.5296
0.514
0.5173
0.5118
0.5192
0.5469999999999999
0.5927
0.7321
0.9037
0.9631000000000001
1.0809
0.9557
0.952
0.8031
0.7454000000000001
0.7938000000000001
0.9059
1.5989
0.8774
1.1356000000000002
1.2898
1.1137000000000001
0.7704
0.6831
0.6109
2.372
0.7325999999999999
0.6772
0.6241000000000001
0.6524000000000001
0.8351999999999999
0.9941
1.2109
1.4239
1.4621
1.0696
0.9638
0.977
0.9853000000000001
1.0495999999999999
1.2040000000000002
2.1296
1.4153
1.0106000000000002
0.9174
0.8112999999999999
0.7327
0.5843
0.4491
0.4313
0.519
0.31079999999999997
0.2273
0.1871
0.1879
0.0535
0.0191
0.0265
0.0278
0.023
0.0233
0.048799999999999996
0.1144
0.1207
0.1502
0.20279999999999998
0.2601
0.4122
0.32320000000000004
0.2384
2.1229
0.306
0.3487
0.3356
0.3288
0.3307
0.4032
0.6721999999999999
1.3298
2.1024000000000003
0.2475
0.2669
0.305
0.2974
0.27449999999999997
0.41
0.489
0.3618
0.3615
0.43620000000000003
0.9428
0.6607
0.0262
0.016399999999999998
0.030199999999999998
0.2428
0.2668
0.2756
0.28859999999999997
0.3022
0.368
0.3875
0.4568
0.3641
0.322
0.3087
0.3741
0.5464
0.3785
0.2652
0.2489
0.2148
1.653
0.4807
0.3907
0.4646
0.4226
0.3518
1.6871
1.5282
0.9014
0.2426
0.1856
0.1817
0.19319999999999998
0.201
0.2096
0.2169
0.1827
0.3842
1.8666
0.6659999999999999
0.2567
0.25880000000000003
0.2883
0.5142
0.6336999999999999
0.4972
0.4526
0.4691
0.4867
0.5156000000000001
0.46099999999999997
1.0706
0.4635
0.3581
0.3547
0.35719999999999996
0.405
0.40259999999999996
0.4168
0.48660000000000003
0.477
0.528
0.6223
2.4280999999999997
1.9836
0.3687
0.34519999999999995
0.32520000000000004
0.2733
0.29779999999999995
0.3587
0.6236999999999999
0.987
0.7872
0.5475
0.5689
0.5296
0.514
0.5173
0.5118
0.5192
0.5469999999999999
0.5927
0.7321
0.9037
0.9631000000000001
1.0809
0.9557
0.952
0.8031
0.7454000000000001
0.7938000000000001
0.9059
1.5989
0.8774
1.1356000000000002
1.2898
1.1137000000000001
0.7704
0.6831
0.6109
2.372
0.7325999999999999
0.6772
0.6241000000000001
0.6524000000000001
0.8351999999999999
0.9941
1.2109
1.4239
1.4621
1.0696
0.9638
0.977
0.9853000000000001
1.0495999999999999
1.2040000000000002
2.1296
1.4153
1.0106000000000002
0.9174
0.8112999999999999
0.7327
0.5843
0.4491
0.4313
0.519
0.31079999999999997
0.2273
0.1871
0.1879
0.0535
0.0191
0.0265
0.0278
0.023
0.0233
0.048799999999999996
0.1144
0.1207
0.1502
0.20279999999999998
0.2601
0.4122
0.32320000000000004
0.2384
2.1229
0.306
0.3487
0.3356
0.3288
0.3307
0.4032
0.6721999999999999
1.3298
2.1024000000000003
0.2475
0.2669
0.305
0.2974
0.27449999999999997
0.41
0.489
0.3618
0.3615
0.43620000000000003
0.9428
0.6607
0.0262
0.016399999999999998
0.030199999999999998
0.2428
0.2668
0.2756
0.28859999999999997
0.3022
0.368
0.3875
0.4568
0.3641
0.322
0.3087
0.3741
0.5464
0.3785
0.2652
0.2489
0.2148
1.653
0.4807
0.3907
0.4646
0.4226
0.3518
1.6871
1.5282
0.9014
0.2426
0.1856
0.1817
0.19319999999999998
0.201
0.2096
0.2169
0.1827
0.3842
1.8666
0.6659999999999999
0.2567
0.25880000000000003
0.2883
0.5142
0.6336999999999999
0.4972
0.4526
0.4691
0.4867
0.5156000000000001
0.46099999999999997
1.0706
0.4635
0.3581
0.3547
0.35719999999999996
0.405
0.40259999999999996
0.4168
0.48660000000000003
0.477
0.528
0.6223
2.4280999999999997
1.9836
0.3687
0.34519999999999995
0.32520000000000004
0.2733
0.29779999999999995
0.3587
0.6236999999999999
0.987
0.7872
0.5475
0.5689
0.5296
0.514
0.5173
0.5118
0.5192
0.5469999999999999
0.5927
0.7321
0.9037
0.9631000000000001
1.0809
0.9557
0.952
0.8031
0.7454000000000001
0.7938000000000001
0.9059
1.5989
0.8774
1.1356000000000002
1.2898
1.1137000000000001
0.7704
0.417
0.4767
0.292
0.19090000000000001
0.188
0.2146
0.38680000000000003
1.0675
0.1945
0.1462
0.15760000000000002
0.14250000000000002
0.1432
0.1416
0.1621
0.1985
0.2571
0.9642
0.7286
0.5819000000000001
0.7922
0.6651
0.5404
1.0409
0.696
0.6584000000000001
1.0831
1.0902
0.4053
0.45130000000000003
0.4393
0.5860000000000001
0.4927
0.5124
0.5217
0.5195
0.5405
0.5296000000000001
0.8689
0.8235000000000001
0.3572
0.31410000000000005
0.3062
0.27869999999999995
0.2652
0.23720000000000002
0.2206
0.23879999999999998
11.5976
11.8234
4.2864
1.0373
1.1199
1.4245
1.2842
1.5988
0.8052
0.7176
0.9276
0.7365
1.5405
4.4619
0.3867
0.3261
0.26180000000000003
0.3802
0.479
0.5861
0.6267
1.5640999999999998
2.0780000000000003
7.3741
0.18359999999999999
0.2025
0.191
0.1969
0.19119999999999998
0.2097
0.2919
0.5133
0.7118
0.7921
0.2325
0.1659
0.133
0.09809999999999999
0.0585
0.0542
0.0722
0.06
0.0395
0.1287
0.3636
0.3439
0.14379999999999998
0.1496
1.1081
0.5921
0.4899
0.45840000000000003
0.4737
0.5584
0.6632
0.5996
0.5499
0.5364
0.536
0.5569
0.5916
0.6308
0.7146
0.7495
1.6336
1.5631
0.8451
0.6597
0.5776
0.5086999999999999
0.4427
0.4439
2.0874
1.0714000000000001
0.25160000000000005
0.2378
0.4003
0.5721
0.6451
0.5218
0.0063
0.0033
0.0259
0.0346
0.032299999999999995
0.028200000000000003
0.0373
0.051000000000000004
0.1072
0.0581
0.018600000000000002
0.0259
0.017
0.0
0.032600000000000004
0.4498
3.0456000000000003
4.024
1.6598
0.0978
0.1416
0.2286
0.1004
0.0126
0.0
0.3917
2.4687
0.1026
0.3504
0.24609999999999999
0.0009
0.0
0.0
0.0
0.0
0.074
0.0163
2.2681
7.6332
8.0776
0.417
0.4767
0.292
0.19090000000000001
0.188
0.2146
0.38680000000000003
1.0675
0.1945
0.1462
0.15760000000000002
0.14250000000000002
0.1432
0.1416
0.1621
0.1985
0.2571
0.9642
0.7286
0.5819000000000001
0.7922
0.6651
0.5404
1.0409
0.696
0.6584000000000001
1.0831
1.0902
0.4053
0.45130000000000003
0.4393
0.5860000000000001
0.4927
0.5124
0.5217
0.5195
0.5405
0.5296000000000001
0.8689
0.8235000000000001
0.3572
0.31410000000000005
0.3062
0.27869999999999995
0.2652
0.23720000000000002
0.2206
0.23879999999999998
11.5976
11.8234
4.2864
1.0373
1.1199
1.4245
1.2842
1.5988
0.8052
0.7176
0.9276
0.7365
1.5405
4.4619
0.3867
0.3261
0.26180000000000003
0.3802
0.479
0.5861
0.6267
1.5640999999999998
2.0780000000000003
7.3741
0.18359999999999999
0.2025
0.191
0.1969
0.19119999999999998
0.2097
0.2919
0.5133
0.7118
0.7921
0.2325
0.1659
0.133
0.09809999999999999
0.0585
0.0542
0.0722
0.06
0.0395
0.1287
0.3636
0.3439
0.14379999999999998
0.1496
1.1081
0.5921
0.4899
0.45840000000000003
0.4737
0.5584
0.6632
0.5996
0.5499
0.5364
0.536
0.5569
0.5916
0.6308
0.7146
0.7495
1.6336
1.5631
0.8451
0.6597
0.5776
0.5086999999999999
0.4427
0.4439
2.0874
1.0714000000000001
0.25160000000000005
0.2378
0.4003
0.5721
0.6451
0.5218
0.0063
0.0033
0.0259
0.0346
0.032299999999999995
0.028200000000000003
0.0373
0.051000000000000004
0.1072
0.0581
0.018600000000000002
0.0259
0.017
0.0
0.032600000000000004
0.4498
3.0456000000000003
4.024
1.6598
0.0978
0.1416
0.2286
0.1004
0.0126
0.0
0.3917
2.4687
0.1026
0.3504
0.24609999999999999
0.0009
0.0
0.0
0.0
0.0
0.074
0.0163
2.2681
7.6332
8.0776
0.417
0.4767
0.292
0.19090000000000001
0.188
0.2146
0.38680000000000003
1.0675
0.1945
0.1462
0.15760000000000002
0.14250000000000002
0.1432
0.1416
0.1621
0.1985
0.2571
0.9642
0.7286
0.5819000000000001
0.7922
0.6651
0.5404
1.0409
0.696
0.6584000000000001
1.0831
1.0902
0.4053
0.45130000000000003
0.4393
0.5860000000000001
0.4927
0.5124
0.5217
0.5195
0.5405
0.5296000000000001
0.8689
0.8235000000000001
0.3572
0.31410000000000005
0.3062
0.27869999999999995
0.2652
0.23720000000000002
0.2206
0.23879999999999998
11.5976
11.8234
4.2864
1.0373
1.1199
1.4245
1.2842
1.5988
0.8052
0.7176
0.9276
0.7365
1.5405
4.4619
0.3867
0.3261
0.26180000000000003
0.3802
0.479
0.5861
0.6267
1.5640999999999998
2.0780000000000003
7.3741
0.18359999999999999
0.2025
0.191
0.1969
0.19119999999999998
0.2097
0.2919
0.5133
0.7118
0.7921
0.2325
0.1659
0.133
0.09809999999999999
0.0585
0.0542
0.0722
0.06
0.0395
0.1287
0.3636
0.3439
0.14379999999999998
0.1496
1.1081
0.5921
0.4899
0.45840000000000003
0.4737
0.5584
0.6632
0.5996
0.5499
0.5364
0.536
0.5569
0.5916
0.6308
0.7146
0.7495
1.6336
1.5631
0.8451
0.6597
0.5776
0.5086999999999999
0.4427
0.4439
2.0874
1.0714000000000001
0.25160000000000005
0.2378
0.4003
0.5721
0.6451
0.5218
0.0063
0.0033
0.0259
0.0346
0.032299999999999995
0.028200000000000003
0.0373
0.051000000000000004
0.1072
0.0581
0.018600000000000002
0.0259
0.017
0.0
0.032600000000000004
0.4498
3.0456000000000003
4.024
1.6598
0.0978
0.1416
0.2286
0.1004
0.0126
0.0
0.3917
2.4687
0.1026
0.3504
0.24609999999999999
0.0009
0.0
0.0
0.0
0.0
0.074
0.0163
2.2681
7.6332
8.0776
0.417
0.4767
0.292
0.19090000000000001
0.188
0.2146
0.38680000000000003
1.0675
0.1945
0.1462
0.15760000000000002
0.14250000000000002
0.1432
0.1416
0.1621
0.1985
0.2571
0.9642
0.7286
0.5819000000000001
0.7922
0.6651
0.5404
1.0409
0.696
0.6584000000000001
1.0831
1.0902
0.4053
0.45130000000000003
0.4393
0.5860000000000001
0.4927
0.5124
0.5217
0.5195
0.5405
0.5296000000000001
0.8689
0.8235000000000001
0.3572
0.31410000000000005
0.3062
0.27869999999999995
0.2652
0.23720000000000002
0.2206
0.23879999999999998
11.5976
11.8234
4.2864
1.0373
1.1199
1.4245
1.2842
1.5988
0.8052
0.7176
0.9276
0.7365
1.5405
4.4619
0.3867
0.3261
0.26180000000000003
0.3802
0.479
0.5861
0.6267
1.5640999999999998
2.0780000000000003
7.3741
0.18359999999999999
0.2025
0.191
0.1969
0.19119999999999998
0.2097
0.2919
0.5133
0.7118
0.7921
0.2325
0.1659
0.133
0.09809999999999999
0.0585
0.0542
0.0722
0.06
0.0395
0.1287
0.3636
0.3439
0.14379999999999998
0.1496
1.1081
0.5921
0.4899
0.45840000000000003
0.4737
0.5584
0.6632
0.5996
0.5499
0.5364
0.536
0.5569
0.5916
0.6308
0.7146
0.7495
1.6336
1.5631
0.8451
0.6597
0.5776
0.5086999999999999
0.4427
0.4439
2.0874
1.0714000000000001
0.25160000000000005
0.2378
0.4003
0.5721
0.6451
0.5218
0.0063
0.0033
0.0259
0.0346
0.032299999999999995
0.028200000000000003
0.0373
0.051000000000000004
0.1072
0.0581
0.018600000000000002
0.0259
0.017
0.0
0.032600000000000004
0.4498
3.0456000000000003
4.024
1.6598
0.0978
0.1416
0.2286
0.1004
0.0126
0.0
0.3917
2.4687
0.1026
0.3504
0.24609999999999999
0.0009
0.0
0.0
0.0
0.0
0.074
0.0163
2.2681
7.6332
8.0776
0.417
0.4767
0.292
0.19090000000000001
0.188
0.2146
0.38680000000000003
1.0675
0.1945
0.1462
0.15760000000000002
0.14250000000000002
0.1432
0.1416
0.1621
0.1985
0.2571
0.9642
0.7286
0.5819000000000001
0.7922
0.6651
0.5404
1.0409
0.696
0.6584000000000001
1.0831
1.0902
0.4053
0.45130000000000003
0.4393
0.5860000000000001
0.4927
0.5124
0.5217
0.5195
0.5405
0.5296000000000001
0.8689
0.8235000000000001
0.3572
0.31410000000000005
0.3062
0.27869999999999995
0.2652
0.23720000000000002
0.2206
0.23879999999999998
11.5976
11.8234
4.2864
1.0373
1.1199
1.4245
1.2842
1.5988
0.8052
0.7176
0.9276
0.7365
1.5405
4.4619
0.3867
0.3261
0.26180000000000003
0.3802
0.479
0.5861
0.6267
1.5640999999999998
2.0780000000000003
7.3741
0.0
0.0382
0.056299999999999996
0.15860000000000002
6.9056
0.15899999999999997
0.13340000000000002
0.1597
0.1431
0.1588
0.13290000000000002
0.1758
0.1298
0.1615
0.0518
0.0875
0.0984
0.0628
0.5754
4.1462
4.2495
1.2693
0.1109
0.109
0.3818
0.1511
0.18419999999999997
0.1222
0.121
0.1266
0.20740000000000003
0.378
0.7094
0.7657
0.7401
0.5126
0.3695
1.4406
2.1214
0.8101
0.782
2.7565999999999997
1.5397
0.2938
0.3039
7.027
3.2065
2.6578
0.2693
0.2509
0.2753
0.2412
0.2374
0.1862
0.1768
0.0363
0.0
1.2403
0.1146
0.0026999999999999997
0.07970000000000001
0.3452
0.2681
0.0
0.0037
0.0335
0.018099999999999998
0.024
0.018500000000000003
0.0085
0.0
0.0
0.5653
0.0766
0.0536
0.0589
0.0827
0.0854
0.0947
0.1177
0.20400000000000001
0.2929
0.5327
0.9732
0.5615
0.22899999999999998
0.2112
0.5519000000000001
1.2449
0.18009999999999998
0.17809999999999998
0.1933
0.2579
0.4486
0.38770000000000004
0.4253
0.13069999999999998
0.1286
0.1271
0.129
0.1285
0.1254
0.1164
0.14450000000000002
0.15410000000000001
0.13219999999999998
0.1181
0.1196
0.1212
0.11410000000000001
0.1188
0.11649999999999999
0.11330000000000001
0.1073
0.1078
0.1236
0.12459999999999999
0.1193
0.1283
0.1331
0.0489
0.0599
0.0658
0.045200000000000004
0.0368
0.0382
0.1538
0.19169999999999998
0.7995
0.6373
0.44279999999999997
0.0726
0.0234
0.0
0.0
1.0618
0.134
0.9134
0.1206
0.355
0.7715000000000001
0.3512
0.0
0.0352
0.0237
0.0238
0.024
0.024
0.0271
0.031
0.0245
0.022199999999999998
0.0181
0.021699999999999997
0.0193
0.023
0.0265
0.026500000000000003
0.0286
0.0298
0.0262
0.036699999999999997
0.0254
0.0293
0.0297
0.0271
0.0317
0.0368
0.0
0.0382
0.056299999999999996
0.15860000000000002
6.9056
0.15899999999999997
0.13340000000000002
0.1597
0.1431
0.1588
0.13290000000000002
0.1758
0.1298
0.1615
0.0518
0.0875
0.0984
0.0628
0.5754
4.1462
4.2495
1.2693
0.1109
0.109
0.3818
0.1511
0.18419999999999997
0.1222
0.121
0.1266
0.20740000000000003
0.378
0.7094
0.7657
0.7401
0.5126
0.3695
1.4406
2.1214
0.8101
0.782
2.7565999999999997
1.5397
0.2938
0.3039
7.027
3.2065
2.6578
0.2693
0.2509
0.2753
0.2412
0.2374
0.1862
0.1768
0.0363
0.0
1.2403
0.1146
0.0026999999999999997
0.07970000000000001
0.3452
0.2681
0.0
0.0037
0.0335
0.018099999999999998
0.024
0.018500000000000003
0.0085
0.0
0.0
0.5653
0.0766
0.0536
0.0589
0.0827
0.0854
0.0947
0.1177
0.20400000000000001
0.2929
0.5327
0.9732
0.5615
0.22899999999999998
0.2112
0.5519000000000001
1.2449
0.18009999999999998
0.17809999999999998
0.1933
0.2579
0.4486
0.38770000000000004
0.4253
0.13069999999999998
0.1286
0.1271
0.129
0.1285
0.1254
0.1164
0.14450000000000002
0.15410000000000001
0.13219999999999998
0.1181
0.1196
0.1212
0.11410000000000001
0.1188
0.11649999999999999
0.11330000000000001
0.1073
0.1078
0.1236
0.12459999999999999
0.1193
0.1283
0.1331
0.0489
0.0599
0.0658
0.045200000000000004
0.0368
0.0382
0.1538
0.19169999999999998
0.7995
0.6373
0.44279999999999997
0.0726
0.0234
0.0
0.0
1.0618
0.134
0.9134
0.1206
0.355
0.7715000000000001
0.3512
0.0
0.0352
0.0237
0.0238
0.024
0.024
0.0271
0.031
0.0245
0.022199999999999998
0.0181
0.021699999999999997
0.0193
0.023
0.0265
0.026500000000000003
0.0286
0.0298
0.0262
0.036699999999999997
0.0254
0.0293
0.0297
0.0271
0.0317
0.0368
0.0
0.0382
0.056299999999999996
0.15860000000000002
6.9056
0.15899999999999997
0.13340000000000002
0.1597
0.1431
0.1588
0.13290000000000002
0.1758
0.1298
0.1615
0.0518
0.0875
0.0984
0.0628
0.5754
4.1462
4.2495
1.2693
0.1109
0.109
0.3818
0.1511
0.18419999999999997
0.1222
0.121
0.1266
0.20740000000000003
0.378
0.7094
0.7657
0.7401
0.5126
0.3695
1.4406
2.1214
0.8101
0.782
2.7565999999999997
1.5397
0.2938
0.3039
7.027
3.2065
2.6578
0.2693
0.2509
0.2753
0.2412
0.2374
0.1862
0.1768
0.0363
0.0
1.2403
0.1146
0.0026999999999999997
0.07970000000000001
0.3452
0.2681
0.0
0.0037
0.0335
0.018099999999999998
0.024
0.018500000000000003
0.0085
0.0
0.0
0.5653
0.0766
0.0536
0.0589
0.0827
0.0854
0.0947
0.1177
0.20400000000000001
0.2929
0.5327
0.9732
0.5615
0.22899999999999998
0.2112
0.5519000000000001
1.2449
0.18009999999999998
0.17809999999999998
0.1933
0.2579
0.4486
0.38770000000000004
0.4253
0.13069999999999998
0.1286
0.1271
0.129
0.1285
0.1254
0.1164
0.14450000000000002
0.15410000000000001
0.13219999999999998
0.1181
0.1196
0.1212
0.11410000000000001
0.1188
0.11649999999999999
0.11330000000000001
0.1073
0.1078
0.1236
0.12459999999999999
0.1193
0.1283
0.1331
0.0489
0.0599
0.0658
0.045200000000000004
0.0368
0.0382
0.1538
0.19169999999999998
0.7995
0.6373
0.44279999999999997
0.0726
0.0234
0.0
0.0
1.0618
0.134
0.9134
0.1206
0.355
0.7715000000000001
0.3512
0.0
0.0352
0.0237
0.0238
0.024
0.024
0.0271
0.031
0.0245
0.022199999999999998
0.0181
0.021699999999999997
0.0193
0.023
0.0265
0.026500000000000003
0.0286
0.0298
0.0262
0.036699999999999997
0.0254
0.0293
0.0297
0.0271
0.0317
0.0368
0.0
0.0382
0.056299999999999996
0.15860000000000002
6.9056
0.15899999999999997
0.13340000000000002
0.1597
0.1431
0.1588
0.13290000000000002
0.1758
0.1298
0.1615
0.0518
0.0875
0.0984
0.0628
0.5754
4.1462
4.2495
1.2693
0.1109
0.109
0.3818
0.1511
0.18419999999999997
0.1222
0.121
0.1266
0.20740000000000003
0.378
0.7094
0.7657
0.7401
0.5126
0.3695
1.4406
2.1214
0.8101
0.782
2.7565999999999997
1.5397
0.2938
0.3039
7.027
3.2065
2.6578
0.2693
0.2509
0.2753
0.2412
0.2374
0.1862
0.1768
0.0363
0.0
1.2403
0.1146
0.0026999999999999997
0.07970000000000001
0.3452
0.2681
0.0
0.0037
0.0335
0.018099999999999998
0.024
0.018500000000000003
0.0085
0.0
0.0
0.5653
0.0766
0.0536
0.0589
0.0827
0.0854
0.0947
0.1177
0.20400000000000001
0.2929
0.5327
0.9732
0.5615
0.22899999999999998
0.2112
0.5519000000000001
1.2449
0.18009999999999998
0.17809999999999998
0.1933
0.2579
0.4486
0.38770000000000004
0.4253
0.13069999999999998
0.1286
0.1271
0.129
0.1285
0.1254
0.1164
0.14450000000000002
0.15410000000000001
0.13219999999999998
0.1181
0.1196
0.1212
0.11410000000000001
0.1188
0.11649999999999999
0.11330000000000001
0.1073
0.1078
0.1236
0.12459999999999999
0.1193
0.1283
0.1331
0.0489
0.0599
0.0658
0.045200000000000004
0.0368
0.0382
0.1538
0.19169999999999998
0.7995
0.6373
0.44279999999999997
0.0726
0.0234
0.0
0.0
1.0618
0.134
0.9134
0.1206
0.355
0.7715000000000001
0.3512
0.0
0.0352
0.0237
0.0238
0.024
0.024
0.0271
0.031
0.0245
0.022199999999999998
0.0181
0.021699999999999997
0.0193
0.023
0.0265
0.026500000000000003
0.0286
0.0298
0.0262
0.036699999999999997
0.0254
0.0293
0.0297
0.0271
0.0317
0.0368
0.0
0.0382
0.056299999999999996
0.15860000000000002
6.9056
0.15899999999999997
0.13340000000000002
0.1597
0.1431
0.1588
0.13290000000000002
0.1758
0.1298
0.1615
0.0518
0.0875
0.0984
0.0628
0.5754
4.1462
4.2495
1.2693
0.1109
0.109
0.3818
0.1511
0.18419999999999997
0.1222
0.121
0.1266
0.20740000000000003
0.378
0.7094
0.7657
0.7401
0.5126
0.3695
1.4406
2.1214
0.8101
0.782
2.7565999999999997
1.5397
0.2938
0.3039
7.027
3.2065
2.6578
0.2693
0.2509
0.2753
0.2412
0.2374
0.1862
0.1768
0.0363
0.0
1.2403
0.1146
0.0026999999999999997
0.07970000000000001
0.3452
0.2681
0.0
0.0037
0.0335
0.018099999999999998
0.024
0.018500000000000003
0.0085
0.0
0.0
0.13090000000000002
0.13240000000000002
0.1275
0.1104
0.1114
0.1242
0.139
0.1366
0.22310000000000002
0.3433
0.46799999999999997
0.5414
0.2242
0.1768
0.1844
0.1528
0.1212
1.1364
0.0732
0.0804
0.12890000000000001
0.3825
1.1839
0.5944
0.504
0.3845
0.346
0.3244
0.3207
0.439
0.907
0.30610000000000004
0.0524
0.0329
0.0411
0.0627
0.0596
0.0556
0.057499999999999996
0.0431
0.055099999999999996
0.3294
0.27290000000000003
0.4014
0.5308999999999999
0.3964
0.2851
0.368
0.38139999999999996
0.39180000000000004
0.4187
0.4917
0.3365
0.1004
0.0005
0.1046
0.067
0.06709999999999999
0.0623
0.0579
0.0543
0.0412
0.508
0.15560000000000002
0.0142
0.0383
0.023
0.0529
0.1091
0.0691
0.0
0.0013
2.7141
3.4571
2.1988
0.0222
0.1474
0.1148
0.0408
0.0218
0.013099999999999999
0.1674
0.3233
0.0438
0.020499999999999997
0.031100000000000003
0.0114
0.0017
0.0
0.0
0.0
0.0324
0.0401
0.038
0.0504
1.5
0.18780000000000002
0.1385
0.1194
0.1057
0.1089
0.1121
0.133
0.1351
0.19369999999999998
0.20929999999999999
0.3607
0.8026
0.5243
0.4031
0.8935
0.9922
2.3413
1.3245
0.6772
0.7846
0.5398
0.2732
0.19440000000000002
0.7636999999999999
0.19419999999999998
0.1878
0.1714
0.1668
0.1696
0.18030000000000002
0.2047
0.21489999999999998
0.2422
0.2562
0.2855
0.3579
0.48839999999999995
1.0236
0.6972
0.7202999999999999
0.8925000000000001
0.4464
0.4534
0.6941999999999999
0.6707000000000001
0.41759999999999997
0.356
2.4307999999999996
0.1262
0.1627
0.1439
0.1076
0.0849
0.031
0.0579
0.0637
0.5751
0.0233
0.0182
0.0024
0.0188
0.8405
0.6249
0.124
0.0197
0.0654
0.0594
0.0087
0.002
0.0035
0.0089
0.5071
0.13090000000000002
0.13240000000000002
0.1275
0.1104
0.1114
0.1242
0.139
0.1366
0.22310000000000002
0.3433
0.46799999999999997
0.5414
0.2242
0.1768
0.1844
0.1528
0.1212
1.1364
0.0732
0.0804
0.12890000000000001
0.3825
1.1839
0.5944
0.504
0.3845
0.346
0.3244
0.3207
0.439
0.907
0.30610000000000004
0.0524
0.0329
0.0411
0.0627
0.0596
0.0556
0.057499999999999996
0.0431
0.055099999999999996
0.3294
0.27290000000000003
0.4014
0.5308999999999999
0.3964
0.2851
0.368
0.38139999999999996
0.39180000000000004
0.4187
0.4917
0.3365
0.1004
0.0005
0.1046
0.067
0.06709999999999999
0.0623
0.0579
0.0543
0.0412
0.508
0.15560000000000002
0.0142
0.0383
0.023
0.0529
0.1091
0.0691
0.0
0.0013
2.7141
3.4571
2.1988
0.0222
0.1474
0.1148
0.0408
0.0218
0.013099999999999999
0.1674
0.3233
0.0438
0.020499999999999997
0.031100000000000003
0.0114
0.0017
0.0
0.0
0.0
0.0324
0.0401
0.038
0.0504
1.5
0.18780000000000002
0.1385
0.1194
0.1057
0.1089
0.1121
0.133
0.1351
0.19369999999999998
0.20929999999999999
0.3607
0.8026
0.5243
0.4031
0.8935
0.9922
2.3413
1.3245
0.6772
0.7846
0.5398
0.2732
0.19440000000000002
0.7636999999999999
0.19419999999999998
0.1878
0.1714
0.1668
0.1696
0.18030000000000002
0.2047
0.21489999999999998
0.2422
0.2562
0.2855
0.3579
0.48839999999999995
1.0236
0.6972
0.7202999999999999
0.8925000000000001
0.4464
0.4534
0.6941999999999999
0.6707000000000001
0.41759999999999997
0.356
2.4307999999999996
0.1262
0.1627
0.1439
0.1076
0.0849
0.031
0.0579
0.0637
0.5751
0.0233
0.0182
0.0024
0.0188
0.8405
0.6249
0.124
0.0197
0.0654
0.0594
0.0087
0.002
0.0035
0.0089
0.5071
0.13090000000000002
0.13240000000000002
0.1275
0.1104
0.1114
0.1242
0.139
0.1366
0.22310000000000002
0.3433
0.46799999999999997
0.5414
0.2242
0.1768
0.1844
0.1528
0.1212
1.1364
0.0732
0.0804
0.12890000000000001
0.3825
1.1839
0.5944
0.504
0.3845
0.346
0.3244
0.3207
0.439
0.907
0.30610000000000004
0.0524
0.0329
0.0411
0.0627
0.0596
0.0556
0.057499999999999996
0.0431
0.055099999999999996
0.3294
0.27290000000000003
0.4014
0.5308999999999999
0.3964
0.2851
0.368
0.38139999999999996
0.39180000000000004
0.4187
0.4917
0.3365
0.1004
0.0005
0.1046
0.067
0.06709999999999999
0.0623
0.0579
0.0543
0.0412
0.508
0.15560000000000002
0.0142
0.0383
0.023
0.0529
0.1091
0.0691
0.0
0.0013
2.7141
3.4571
2.1988
0.0222
0.1474
0.1148
0.0408
0.0218
0.013099999999999999
0.1674
0.3233
0.0438
0.020499999999999997
0.031100000000000003
0.0114
0.0017
0.0
0.0
0.0
0.0324
0.0401
0.038
0.0504
1.5
0.18780000000000002
0.1385
0.1194
0.1057
0.1089
0.1121
0.133
0.1351
0.19369999999999998
0.20929999999999999
0.3607
0.8026
0.5243
0.4031
0.8935
0.9922
2.3413
1.3245
0.6772
0.7846
0.5398
0.2732
0.19440000000000002
0.7636999999999999
0.19419999999999998
0.1878
0.1714
0.1668
0.1696
0.18030000000000002
0.2047
0.21489999999999998
0.2422
0.2562
0.2855
0.3579
0.48839999999999995
1.0236
0.6972
0.7202999999999999
0.8925000000000001
0.4464
0.4534
0.6941999999999999
0.6707000000000001
0.41759999999999997
0.356
2.4307999999999996
0.1262
0.1627
0.1439
0.1076
0.0849
0.031
0.0579
0.0637
0.5751
0.0233
0.0182
0.0024
0.0188
0.8405
0.6249
0.124
0.0197
0.0654
0.0594
0.0087
0.002
0.0035
0.0089
0.5071
0.13090000000000002
0.13240000000000002
0.1275
0.1104
0.1114
0.1242
0.139
0.1366
0.22310000000000002
0.3433
0.46799999999999997
0.5414
0.2242
0.1768
0.1844
0.1528
0.1212
1.1364
0.0732
0.0804
0.12890000000000001
0.3825
1.1839
0.5944
0.504
0.3845
0.346
0.3244
0.3207
0.439
0.907
0.30610000000000004
0.0524
0.0329
0.0411
0.0627
0.0596
0.0556
0.057499999999999996
0.0431
0.055099999999999996
0.3294
0.27290000000000003
0.4014
0.5308999999999999
0.3964
0.2851
0.368
0.38139999999999996
0.39180000000000004
0.4187
0.4917
0.3365
0.1004
0.0005
0.1046
0.067
0.06709999999999999
0.0623
0.0579
0.0543
0.0412
0.508
0.15560000000000002
0.0142
0.0383
0.023
0.0529
0.1091
0.0691
0.0
0.0013
2.7141
3.4571
2.1988
0.0222
0.1474
0.1148
0.0408
0.0218
0.013099999999999999
0.1674
0.3233
0.0438
0.020499999999999997
0.031100000000000003
0.0114
0.0017
0.0
0.0
0.0
0.0324
0.0401
0.038
0.0504
1.5
0.18780000000000002
0.1385
0.1194
0.1057
0.1089
0.1121
0.133
0.1351
0.19369999999999998
0.20929999999999999
0.3607
0.8026
0.5243
0.4031
0.8935
0.9922
2.3413
1.3245
0.6772
0.7846
0.5398
0.2732
0.19440000000000002
0.7636999999999999
0.19419999999999998
0.1878
0.1714
0.1668
0.1696
0.18030000000000002
0.2047
0.21489999999999998
0.2422
0.2562
0.2855
0.3579
0.48839999999999995
1.0236
0.6972
0.7202999999999999
0.8925000000000001
0.4464
0.4534
0.6941999999999999
0.6707000000000001
0.41759999999999997
0.356
2.4307999999999996
0.1262
0.1627
0.1439
0.1076
0.0849
0.031
0.0579
0.0637
0.5751
0.0233
0.0182
0.0024
0.0188
0.8405
0.6249
0.124
0.0197
0.0654
0.0594
0.0087
0.002
0.0035
0.0089
0.5071
0.13090000000000002
0.13240000000000002
0.1275
0.1104
0.1114
0.1242
0.139
0.1366
0.22310000000000002
0.3433
0.46799999999999997
0.5414
0.2242
0.1768
0.1844
0.1528
0.1212
1.1364
0.0732
0.0804
0.12890000000000001
0.3825
1.1839
0.5944
0.504
0.3845
0.346
0.3244
0.3207
0.439
0.907
0.30610000000000004
0.0524
0.0329
0.0411
0.0627
0.0596
0.0556
0.057499999999999996
0.0431
0.055099999999999996
0.3294
0.27290000000000003
0.4014
0.5308999999999999
0.3964
0.2851
0.368
0.9309
0.8354
0.8214999999999999
0.8029
0.8285
0.9283
1.0852
1.3111000000000002
1.5563
1.0158
0.6908
1.6209
0.2595
0.34650000000000003
0.4164
0.7344999999999999
1.5327
5.0944
3.7767
1.3166
1.2595
1.3321999999999998
2.0694999999999997
2.6519
1.2865
0.7519
0.2579
0.1566
0.0937
0.1056
0.0722
0.0819
0.0895
0.1124
0.1853
0.3335
0.2834
0.1943
0.2202
0.25429999999999997
0.3146
0.5385
1.5452
0.9319999999999999
0.7303
0.7712
0.8989
1.8609
0.2259
0.2015
0.20679999999999998
0.1975
0.1913
0.2311
0.3241
0.5515
0.38160000000000005
0.2822
0.1525
2.5989
0.3101
0.4159
0.325
0.9789000000000001
0.6003000000000001
0.5521
0.6691
0.7401
0.8214999999999999
0.6952
0.49350000000000005
0.3005
4.6784
4.6541
4.6549
4.852399999999999
1.3062
0.8069
1.1104
1.1711
1.3415
1.364
1.3475
1.5756000000000001
1.5358
1.8075999999999999
1.5579
1.2111
0.9677
1.1154000000000002
2.4194
5.374499999999999
6.202999999999999
6.3165
2.6766
4.0458
0.4143
0.7196
0.8915
0.776
0.3365
0.28459999999999996
0.3184
0.725
0.5004
0.5446
0.5838
0.591
0.5797
0.5711999999999999
0.5898
0.6181
0.6442
1.2882
1.3147
1.3362
1.2296
0.8602
0.7488999999999999
1.8620999999999999
1.8904999999999998
1.7852000000000001
1.7648
1.8231
1.7921999999999998
1.3467
1.5903
2.0095
0.2852
0.254
0.28890000000000005
0.3352
1.6985
3.2388
1.6836000000000002
1.5116999999999998
2.5216
2.4599
6.6842
8.7377
7.885
7.110799999999999
5.9196
4.2282
0.3898
0.3728
0.3591
0.35660000000000003
0.3658
0.39
0.5065999999999999
0.8134
0.8301000000000001
0.6933
0.618
0.5719
0.5658000000000001
0.5739000000000001
0.589
0.6697
1.5683
2.1532
1.2327
0.8378
1.123
0.9067000000000001
0.9662000000000001
0.5644
0.9309
0.8354
0.8214999999999999
0.8029
0.8285
0.9283
1.0852
1.3111000000000002
1.5563
1.0158
0.6908
1.6209
0.2595
0.34650000000000003
0.4164
0.7344999999999999
1.5327
5.0944
3.7767
1.3166
1.2595
1.3321999999999998
2.0694999999999997
2.6519
1.2865
0.7519
0.2579
0.1566
0.0937
0.1056
0.0722
0.0819
0.0895
0.1124
0.1853
0.3335
0.2834
0.1943
0.2202
0.25429999999999997
0.3146
0.5385
1.5452
0.9319999999999999
0.7303
0.7712
0.8989
1.8609
0.2259
0.2015
0.20679999999999998
0.1975
0.1913
0.2311
0.3241
0.5515
0.38160000000000005
0.2822
0.1525
2.5989
0.3101
0.4159
0.325
0.9789000000000001
0.6003000000000001
0.5521
0.6691
0.7401
0.8214999999999999
0.6952
0.49350000000000005
0.3005
4.6784
4.6541
4.6549
4.852399999999999
1.3062
0.8069
1.1104
1.1711
1.3415
1.364
1.3475
1.5756000000000001
1.5358
1.8075999999999999
1.5579
1.2111
0.9677
1.1154000000000002
2.4194
5.374499999999999
6.202999999999999
6.3165
2.6766
4.0458
0.4143
0.7196
0.8915
0.776
0.3365
0.28459999999999996
0.3184
0.725
0.5004
0.5446
0.5838
0.591
0.5797
0.5711999999999999
0.5898
0.6181
0.6442
1.2882
1.3147
1.3362
1.2296
0.8602
0.7488999999999999
1.8620999999999999
1.8904999999999998
1.7852000000000001
1.7648
1.8231
1.7921999999999998
1.3467
1.5903
2.0095
0.2852
0.254
0.28890000000000005
0.3352
1.6985
3.2388
1.6836000000000002
1.5116999999999998
2.5216
2.4599
6.6842
8.7377
7.885
7.110799999999999
5.9196
4.2282
0.3898
0.3728
0.3591
0.35660000000000003
0.3658
0.39
0.5065999999999999
0.8134
0.8301000000000001
0.6933
0.618
0.5719
0.5658000000000001
0.5739000000000001
0.589
0.6697
1.5683
2.1532
1.2327
0.8378
1.123
0.9067000000000001
0.9662000000000001
0.5644
0.9309
0.8354
0.8214999999999999
0.8029
0.8285
0.9283
1.0852
1.3111000000000002
1.5563
1.0158
0.6908
1.6209
0.2595
0.34650000000000003
0.4164
0.7344999999999999
1.5327
5.0944
3.7767
1.3166
1.2595
1.3321999999999998
2.0694999999999997
2.6519
1.2865
0.7519
0.2579
0.1566
0.0937
0.1056
0.0722
0.0819
0.0895
0.1124
0.1853
0.3335
0.2834
0.1943
0.2202
0.25429999999999997
0.3146
0.5385
1.5452
0.9319999999999999
0.7303
0.7712
0.8989
1.8609
0.2259
0.2015
0.20679999999999998
0.1975
0.1913
0.2311
0.3241
0.5515
0.38160000000000005
0.2822
0.1525
2.5989
0.3101
0.4159
0.325
0.9789000000000001
0.6003000000000001
0.5521
0.6691
0.7401
0.8214999999999999
0.6952
0.49350000000000005
0.3005
4.6784
4.6541
4.6549
4.852399999999999
1.3062
0.8069
1.1104
1.1711
1.3415
1.364
1.3475
1.5756000000000001
1.5358
1.8075999999999999
1.5579
1.2111
0.9677
1.1154000000000002
2.4194
5.374499999999999
6.202999999999999
6.3165
2.6766
4.0458
0.4143
0.7196
0.8915
0.776
0.3365
0.28459999999999996
0.3184
0.725
0.5004
0.5446
0.5838
0.591
0.5797
0.5711999999999999
0.5898
0.6181
0.6442
1.2882
1.3147
1.3362
1.2296
0.8602
0.7488999999999999
1.8620999999999999
1.8904999999999998
1.7852000000000001
1.7648
1.8231
1.7921999999999998
1.3467
1.5903
2.0095
0.2852
0.254
0.28890000000000005
0.3352
1.6985
3.2388
1.6836000000000002
1.5116999999999998
2.5216
2.4599
6.6842
8.7377
7.885
7.110799999999999
5.9196
4.2282
0.3898
0.3728
0.3591
0.35660000000000003
0.3658
0.39
0.5065999999999999
0.8134
0.8301000000000001
0.6933
0.618
0.5719
0.5658000000000001
0.5739000000000001
0.589
0.6697
1.5683
2.1532
1.2327
0.8378
1.123
0.9067000000000001
0.9662000000000001
0.5644
0.9309
0.8354
0.8214999999999999
0.8029
0.8285
0.9283
1.0852
1.3111000000000002
1.5563
1.0158
0.6908
1.6209
0.2595
0.34650000000000003
0.4164
0.7344999999999999
1.5327
5.0944
3.7767
1.3166
1.2595
1.3321999999999998
2.0694999999999997
2.6519
1.2865
0.7519
0.2579
0.1566
0.0937
0.1056
0.0722
0.0819
0.0895
0.1124
0.1853
0.3335
0.2834
0.1943
0.2202
0.25429999999999997
0.3146
0.5385
1.5452
0.9319999999999999
0.7303
0.7712
0.8989
1.8609
0.2259
0.2015
0.20679999999999998
0.1975
0.1913
0.2311
0.3241
0.5515
0.38160000000000005
0.2822
0.1525
2.5989
0.3101
0.4159
0.325
0.9789000000000001
0.6003000000000001
0.5521
0.6691
0.7401
0.8214999999999999
0.6952
0.49350000000000005
0.3005
4.6784
4.6541
4.6549
4.852399999999999
1.3062
0.8069
1.1104
1.1711
1.3415
1.364
1.3475
1.5756000000000001
1.5358
1.8075999999999999
1.5579
1.2111
0.9677
1.1154000000000002
2.4194
5.374499999999999
6.202999999999999
6.3165
2.6766
4.0458
0.4143
0.7196
0.8915
0.776
0.3365
0.28459999999999996
0.3184
0.725
0.5004
0.5446
0.5838
0.591
0.5797
0.5711999999999999
0.5898
0.6181
0.6442
1.2882
1.3147
1.3362
1.2296
0.8602
0.7488999999999999
1.8620999999999999
1.8904999999999998
1.7852000000000001
1.7648
1.8231
1.7921999999999998
1.3467
1.5903
2.0095
0.2852
0.254
0.28890000000000005
0.3352
1.6985
3.2388
1.6836000000000002
1.5116999999999998
2.5216
2.4599
6.6842
8.7377
7.885
7.110799999999999
5.9196
4.2282
0.3898
0.3728
0.3591
0.35660000000000003
0.3658
0.39
0.5065999999999999
0.8134
0.8301000000000001
0.6933
0.618
0.5719
0.5658000000000001
0.5739000000000001
0.589
0.6697
1.5683
2.1532
1.2327
0.8378
1.123
0.9067000000000001
0.9662000000000001
0.5644
0.9309
0.8354
0.8214999999999999
0.8029
0.8285
0.9283
1.0852
1.3111000000000002
1.5563
1.0158
0.6908
1.6209
0.2595
0.34650000000000003
0.4164
0.7344999999999999
1.5327
5.0944
3.7767
1.3166
1.2595
1.3321999999999998
2.0694999999999997
2.6519
1.2865
0.7519
0.2579
0.1566
0.0937
0.1056
0.0722
0.0819
0.0895
0.1124
0.1853
0.3335
0.2834
0.1943
0.2202
0.25429999999999997
0.3146
0.5385
1.5452
0.9319999999999999
0.7303
0.7712
0.8989
1.8609
0.2259
0.2015
0.20679999999999998
0.1975
0.1913
0.2311
0.3241
0.5515
0.38160000000000005
0.2822
0.1525
2.5989
0.3101
0.4159
0.325
0.9789000000000001
0.6003000000000001
0.5521
0.6691
0.7401
0.8214999999999999
0.6952
0.49350000000000005
0.3005
3.6307
2.8784
2.6521
2.5863
2.3802000000000003
0.623
0.2062
0.2825
0.2781
0.2231
0.29569999999999996
0.7179
1.4898
1.3352
1.4492
0.9181
1.0596
6.0999
6.873200000000001
6.5253
5.3726
5.2267
5.1523
4.4648
0.1928
0.12869999999999998
0.1395
0.14750000000000002
0.178
0.2807
0.7216
1.8376000000000001
0.9296
0.49779999999999996
1.5151
1.2879
0.801
3.825
3.7270000000000003
1.6360000000000001
0.4801
0.6908
0.6784
0.7121999999999999
0.654
0.7267
0.9005000000000001
0.6594
2.558
0.0055
0.0054
0.0078
0.017
0.0147
0.0132
0.3823
0.4293
0.1282
0.3355
0.9085
0.0054
0.024399999999999998
0.0264
0.0527
0.0
0.0
0.0
0.0
0.0
0.0114
0.5416
0.7117
0.14600000000000002
0.1634
0.18330000000000002
0.16670000000000001
0.1491
0.177
0.26170000000000004
0.3277
0.2783
0.27149999999999996
0.3923
0.9428
1.1375000000000002
2.582
1.6878
0.2384
0.35519999999999996
0.4598
0.08929999999999999
0.0731
0.0
0.0
0.0
0.0
2.1158
0.6085
0.371
0.3915
0.4427
0.6907
1.1345999999999998
1.6244
2.0248
1.8681999999999999
1.5511
1.4243000000000001
2.4923
3.6056999999999997
3.5739
4.0503
2.5156
2.4158
2.7973
2.8744
2.7864
8.1136
3.824
3.4503000000000004
4.1822
4.4565
4.831799999999999
0.6585
0.3418
0.3484
0.4864
0.5880000000000001
0.9233
1.1834
1.9018000000000002
2.4991
1.1746
0.7502
0.6453
0.643
1.0148
1.0449
0.5285
0.5557
0.4775
0.4263
0.7444999999999999
9.7931
0.2012
0.1827
0.18409999999999999
0.1703
0.1791
0.2163
0.3627
0.5572999999999999
0.4226
0.3015
0.2838
0.3002
0.216
2.4554
0.8009
0.4233
0.5722
1.1981
1.3413
0.7224
0.6299
0.5982000000000001
0.5316
0.7232000000000001
3.6307
2.8784
2.6521
2.5863
2.3802000000000003
0.623
0.2062
0.2825
0.2781
0.2231
0.29569999999999996
0.7179
1.4898
1.3352
1.4492
0.9181
1.0596
6.0999
6.873200000000001
6.5253
5.3726
5.2267
5.1523
4.4648
0.1928
0.12869999999999998
0.1395
0.14750000000000002
0.178
0.2807
0.7216
1.8376000000000001
0.9296
0.49779999999999996
1.5151
1.2879
0.801
3.825
3.7270000000000003
1.6360000000000001
0.4801
0.6908
0.6784
0.7121999999999999
0.654
0.7267
0.9005000000000001
0.6594
2.558
0.0055
0.0054
0.0078
0.017
0.0147
0.0132
0.3823
0.4293
0.1282
0.3355
0.9085
0.0054
0.024399999999999998
0.0264
0.0527
0.0
0.0
0.0
0.0
0.0
0.0114
0.5416
0.7117
0.14600000000000002
0.1634
0.18330000000000002
0.16670000000000001
0.1491
0.177
0.26170000000000004
0.3277
0.2783
0.27149999999999996
0.3923
0.9428
1.1375000000000002
2.582
1.6878
0.2384
0.35519999999999996
0.4598
0.08929999999999999
0.0731
0.0
0.0
0.0
0.0
2.1158
0.6085
0.371
0.3915
0.4427
0.6907
1.1345999999999998
1.6244
2.0248
1.8681999999999999
1.5511
1.4243000000000001
2.4923
3.6056999999999997
3.5739
4.0503
2.5156
2.4158
2.7973
2.8744
2.7864
8.1136
3.824
3.4503000000000004
4.1822
4.4565
4.831799999999999
0.6585
0.3418
0.3484
0.4864
0.5880000000000001
0.9233
1.1834
1.9018000000000002
2.4991
1.1746
0.7502
0.6453
0.643
1.0148
1.0449
0.5285
0.5557
0.4775
0.4263
0.7444999999999999
9.7931
0.2012
0.1827
0.18409999999999999
0.1703
0.1791
0.2163
0.3627
0.5572999999999999
0.4226
0.3015
0.2838
0.3002
0.216
2.4554
0.8009
0.4233
0.5722
1.1981
1.3413
0.7224
0.6299
0.5982000000000001
0.5316
0.7232000000000001
3.6307
2.8784
2.6521
2.5863
2.3802000000000003
0.623
0.2062
0.2825
0.2781
0.2231
0.29569999999999996
0.7179
1.4898
1.3352
1.4492
0.9181
1.0596
6.0999
6.873200000000001
6.5253
5.3726
5.2267
5.1523
4.4648
0.1928
0.12869999999999998
0.1395
0.14750000000000002
0.178
0.2807
0.7216
1.8376000000000001
0.9296
0.49779999999999996
1.5151
1.2879
0.801
3.825
3.7270000000000003
1.6360000000000001
0.4801
0.6908
0.6784
0.7121999999999999
0.654
0.7267
0.9005000000000001
0.6594
2.558
0.0055
0.0054
0.0078
0.017
0.0147
0.0132
0.3823
0.4293
0.1282
0.3355
0.9085
0.0054
0.024399999999999998
0.0264
0.0527
0.0
0.0
0.0
0.0
0.0
0.0114
0.5416
0.7117
0.14600000000000002
0.1634
0.18330000000000002
0.16670000000000001
0.1491
0.177
0.26170000000000004
0.3277
0.2783
0.27149999999999996
0.3923
0.9428
1.1375000000000002
2.582
1.6878
0.2384
0.35519999999999996
0.4598
0.08929999999999999
0.0731
0.0
0.0
0.0
0.0
2.1158
0.6085
0.371
0.3915
0.4427
0.6907
1.1345999999999998
1.6244
2.0248
1.8681999999999999
1.5511
1.4243000000000001
2.4923
3.6056999999999997
3.5739
4.0503
2.5156
2.4158
2.7973
2.8744
2.7864
8.1136
3.824
3.4503000000000004
4.1822
4.4565
4.831799999999999
0.6585
0.3418
0.3484
0.4864
0.5880000000000001
0.9233
1.1834
1.9018000000000002
2.4991
1.1746
0.7502
0.6453
0.643
1.0148
1.0449
0.5285
0.5557
0.4775
0.4263
0.7444999999999999
9.7931
0.2012
0.1827
0.18409999999999999
0.1703
0.1791
0.2163
0.3627
0.5572999999999999
0.4226
0.3015
0.2838
0.3002
0.216
2.4554
0.8009
0.4233
0.5722
1.1981
1.3413
0.7224
0.6299
0.5982000000000001
0.5316
0.7232000000000001
3.6307
2.8784
2.6521
2.5863
2.3802000000000003
0.623
0.2062
0.2825
0.2781
0.2231
0.29569999999999996
0.7179
1.4898
1.3352
1.4492
0.9181
1.0596
6.0999
6.873200000000001
6.5253
5.3726
5.2267
5.1523
4.4648
0.1928
0.12869999999999998
0.1395
0.14750000000000002
0.178
0.2807
0.7216
1.8376000000000001
0.9296
0.49779999999999996
1.5151
1.2879
0.801
3.825
3.7270000000000003
1.6360000000000001
0.4801
0.6908
0.6784
0.7121999999999999
0.654
0.7267
0.9005000000000001
0.6594
2.558
0.0055
0.0054
0.0078
0.017
0.0147
0.0132
0.3823
0.4293
0.1282
0.3355
0.9085
0.0054
0.024399999999999998
0.0264
0.0527
0.0
0.0
0.0
0.0
0.0
0.0114
0.5416
0.7117
0.14600000000000002
0.1634
0.18330000000000002
0.16670000000000001
0.1491
0.177
0.26170000000000004
0.3277
0.2783
0.27149999999999996
0.3923
0.9428
1.1375000000000002
2.582
1.6878
0.2384
0.35519999999999996
0.4598
0.08929999999999999
0.0731
0.0
0.0
0.0
0.0
2.1158
0.6085
0.371
0.3915
0.4427
0.6907
1.1345999999999998
1.6244
2.0248
1.8681999999999999
1.5511
1.4243000000000001
2.4923
3.6056999999999997
3.5739
4.0503
2.5156
2.4158
2.7973
2.8744
2.7864
8.1136
3.824
3.4503000000000004
4.1822
4.4565
4.831799999999999
0.6585
0.3418
0.3484
0.4864
0.5880000000000001
0.9233
1.1834
1.9018000000000002
2.4991
1.1746
0.7502
0.6453
0.643
1.0148
1.0449
0.5285
0.5557
0.4775
0.4263
0.7444999999999999
9.7931
0.2012
0.1827
0.18409999999999999
0.1703
0.1791
0.2163
0.3627
0.5572999999999999
0.4226
0.3015
0.2838
0.3002
0.216
2.4554
0.8009
0.4233
0.5722
1.1981
1.3413
0.7224
0.6299
0.5982000000000001
0.5316
0.7232000000000001
3.6307
2.8784
2.6521
2.5863
2.3802000000000003
0.623
0.2062
0.2825
0.2781
0.2231
0.29569999999999996
0.7179
1.4898
1.3352
1.4492
0.9181
1.0596
6.0999
6.873200000000001
6.5253
5.3726
5.2267
5.1523
4.4648
0.1928
0.12869999999999998
0.1395
0.14750000000000002
0.178
0.2807
0.7216
1.8376000000000001
0.9296
0.49779999999999996
1.5151
1.2879
0.801
3.825
3.7270000000000003
1.6360000000000001
0.4801
0.6908
0.6784
0.7121999999999999
0.654
0.7267
0.9005000000000001
0.6594
1.3531
0.3318
0.1753
0.0844
0.08660000000000001
0.1054
0.1313
0.1301
0.1602
0.1868
0.2174
0.2873
0.2687
0.2167
0.1844
0.7342
0.5632
0.1846
0.1276
0.094
0.09340000000000001
0.2947
1.5415
1.428
0.1604
0.1321
0.1184
0.11410000000000001
0.1164
0.11460000000000001
0.119
0.1079
0.1286
0.1654
0.2183
0.39239999999999997
0.4314
0.4621
0.5195000000000001
0.267
0.2163
0.2111
0.20839999999999997
0.4726
0.5510999999999999
0.5800000000000001
0.7013
0.4657
0.15139999999999998
0.1517
0.14950000000000002
0.1402
0.1328
0.1399
0.21389999999999998
0.20179999999999998
0.22139999999999999
0.2049
0.2459
0.3547
0.4053
0.5936
0.9139
1.5421
1.4377
0.18810000000000002
2.3707000000000003
0.3222
0.32030000000000003
0.17880000000000001
0.1449
0.1119
8.1405
8.395
1.6557
0.0443
0.0165
0.0174
0.0
0.0518
0.0153
0.0121
0.0282
0.698
1.5398
0.0487
0.0068
0.0026
0.0344
0.1021
1.7481
3.7767
0.8247
1.171
1.4618
7.2926
0.18330000000000002
0.1511
1.0091
0.237
0.1778
0.1644
0.16999999999999998
0.2168
0.2207
0.2314
0.2801
0.3463
0.2636
0.2283
0.2198
0.1881
0.1613
0.15239999999999998
1.6282999999999999
0.1795
0.0797
0.0225
0.0174
0.0419
0.1194
0.1211
0.1103
0.10650000000000001
0.11460000000000001
0.1226
0.1623
0.9726999999999999
0.29100000000000004
0.06989999999999999
0.10239999999999999
0.122
0.1307
0.1728
0.22799999999999998
0.1756
0.1992
0.6673
0.8456
0.8228
0.8063
0.27649999999999997
0.124
0.123
0.2935
0.32089999999999996
0.49040000000000006
0.6352
0.2237
0.32299999999999995
0.4606
0.7161
0.5862
0.6305
0.6548
0.6944
0.7176
0.9149
1.4721
1.0986
1.3447
1.5133
1.8336000000000001
0.9823000000000001
0.5143
0.38480000000000003
0.27780000000000005
0.24970000000000003
1.3531
0.3318
0.1753
0.0844
0.08660000000000001
0.1054
0.1313
0.1301
0.1602
0.1868
0.2174
0.2873
0.2687
0.2167
0.1844
0.7342
0.5632
0.1846
0.1276
0.094
0.09340000000000001
0.2947
1.5415
1.428
0.1604
0.1321
0.1184
0.11410000000000001
0.1164
0.11460000000000001
0.119
0.1079
0.1286
0.1654
0.2183
0.39239999999999997
0.4314
0.4621
0.5195000000000001
0.267
0.2163
0.2111
0.20839999999999997
0.4726
0.5510999999999999
0.5800000000000001
0.7013
0.4657
0.15139999999999998
0.1517
0.14950000000000002
0.1402
0.1328
0.1399
0.21389999999999998
0.20179999999999998
0.22139999999999999
0.2049
0.2459
0.3547
0.4053
0.5936
0.9139
1.5421
1.4377
0.18810000000000002
2.3707000000000003
0.3222
0.32030000000000003
0.17880000000000001
0.1449
0.1119
8.1405
8.395
1.6557
0.0443
0.0165
0.0174
0.0
0.0518
0.0153
0.0121
0.0282
0.698
1.5398
0.0487
0.0068
0.0026
0.0344
0.1021
1.7481
3.7767
0.8247
1.171
1.4618
7.2926
0.18330000000000002
0.1511
1.0091
0.237
0.1778
0.1644
0.16999999999999998
0.2168
0.2207
0.2314
0.2801
0.3463
0.2636
0.2283
0.2198
0.1881
0.1613
0.15239999999999998
1.6282999999999999
0.1795
0.0797
0.0225
0.0174
0.0419
0.1194
0.1211
0.1103
0.10650000000000001
0.11460000000000001
0.1226
0.1623
0.9726999999999999
0.29100000000000004
0.06989999999999999
0.10239999999999999
0.122
0.1307
0.1728
0.22799999999999998
0.1756
0.1992
0.6673
0.8456
0.8228
0.8063
0.27649999999999997
0.124
0.123
0.2935
0.32089999999999996
0.49040000000000006
0.6352
0.2237
0.32299999999999995
0.4606
0.7161
0.5862
0.6305
0.6548
0.6944
0.7176
0.9149
1.4721
1.0986
1.3447
1.5133
1.8336000000000001
0.9823000000000001
0.5143
0.38480000000000003
0.27780000000000005
0.24970000000000003
1.3531
0.3318
0.1753
0.0844
0.08660000000000001
0.1054
0.1313
0.1301
0.1602
0.1868
0.2174
0.2873
0.2687
0.2167
0.1844
0.7342
0.5632
0.1846
0.1276
0.094
0.09340000000000001
0.2947
1.5415
1.428
0.1604
0.1321
0.1184
0.11410000000000001
0.1164
0.11460000000000001
0.119
0.1079
0.1286
0.1654
0.2183
0.39239999999999997
0.4314
0.4621
0.5195000000000001
0.267
0.2163
0.2111
0.20839999999999997
0.4726
0.5510999999999999
0.5800000000000001
0.7013
0.4657
0.15139999999999998
0.1517
0.14950000000000002
0.1402
0.1328
0.1399
0.21389999999999998
0.20179999999999998
0.22139999999999999
0.2049
0.2459
0.3547
0.4053
0.5936
0.9139
1.5421
1.4377
0.18810000000000002
2.3707000000000003
0.3222
0.32030000000000003
0.17880000000000001
0.1449
0.1119
8.1405
8.395
1.6557
0.0443
0.0165
0.0174
0.0
0.0518
0.0153
0.0121
0.0282
0.698
1.5398
0.0487
0.0068
0.0026
0.0344
0.1021
1.7481
3.7767
0.8247
1.171
1.4618
7.2926
0.18330000000000002
0.1511
1.0091
0.237
0.1778
0.1644
0.16999999999999998
0.2168
0.2207
0.2314
0.2801
0.3463
0.2636
0.2283
0.2198
0.1881
0.1613
0.15239999999999998
1.6282999999999999
0.1795
0.0797
0.0225
0.0174
0.0419
0.1194
0.1211
0.1103
0.10650000000000001
0.11460000000000001
0.1226
0.1623
0.9726999999999999
0.29100000000000004
0.06989999999999999
0.10239999999999999
0.122
0.1307
0.1728
0.22799999999999998
0.1756
0.1992
0.6673
0.8456
0.8228
0.8063
0.27649999999999997
0.124
0.123
0.2935
0.32089999999999996
0.49040000000000006
0.6352
0.2237
0.32299999999999995
0.4606
0.7161
0.5862
0.6305
0.6548
0.6944
0.7176
0.9149
1.4721
1.0986
1.3447
1.5133
1.8336000000000001
0.9823000000000001
0.5143
0.38480000000000003
0.27780000000000005
0.24970000000000003
1.3531
0.3318
0.1753
0.0844
0.08660000000000001
0.1054
0.1313
0.1301
0.1602
0.1868
0.2174
0.2873
0.2687
0.2167
0.1844
0.7342
0.5632
0.1846
0.1276
0.094
0.09340000000000001
0.2947
1.5415
1.428
0.1604
0.1321
0.1184
0.11410000000000001
0.1164
0.11460000000000001
0.119
0.1079
0.1286
0.1654
0.2183
0.39239999999999997
0.4314
0.4621
0.5195000000000001
0.267
0.2163
0.2111
0.20839999999999997
0.4726
0.5510999999999999
0.5800000000000001
0.7013
0.4657
0.15139999999999998
0.1517
0.14950000000000002
0.1402
0.1328
0.1399
0.21389999999999998
0.20179999999999998
0.22139999999999999
0.2049
0.2459
0.3547
0.4053
0.5936
0.9139
1.5421
1.4377
0.18810000000000002
2.3707000000000003
0.3222
0.32030000000000003
0.17880000000000001
0.1449
0.1119
8.1405
8.395
1.6557
0.0443
0.0165
0.0174
0.0
0.0518
0.0153
0.0121
0.0282
0.698
1.5398
0.0487
0.0068
0.0026
0.0344
0.1021
1.7481
3.7767
0.8247
1.171
1.4618
7.2926
0.18330000000000002
0.1511
1.0091
0.237
0.1778
0.1644
0.16999999999999998
0.2168
0.2207
0.2314
0.2801
0.3463
0.2636
0.2283
0.2198
0.1881
0.1613
0.15239999999999998
1.6282999999999999
0.1795
0.0797
0.0225
0.0174
0.0419
0.1194
0.1211
0.1103
0.10650000000000001
0.11460000000000001
0.1226
0.1623
0.9726999999999999
0.29100000000000004
0.06989999999999999
0.10239999999999999
0.122
0.1307
0.1728
0.22799999999999998
0.1756
0.1992
0.6673
0.8456
0.8228
0.8063
0.27649999999999997
0.124
0.123
0.2935
0.32089999999999996
0.49040000000000006
0.6352
0.2237
0.32299999999999995
0.4606
0.7161
0.5862
0.6305
0.6548
0.6944
0.7176
0.9149
1.4721
1.0986
1.3447
1.5133
1.8336000000000001
0.9823000000000001
0.5143
0.38480000000000003
0.27780000000000005
0.24970000000000003
1.3531
0.3318
0.1753
0.0844
0.08660000000000001
0.1054
0.1313
0.1301
0.1602
0.1868
0.2174
0.2873
0.2687
0.2167
0.1844
0.7342
0.5632
0.1846
0.1276
0.094
0.09340000000000001
0.2947
1.5415
1.428
0.1604
0.1321
0.1184
0.11410000000000001
0.1164
0.11460000000000001
0.119
0.1079
0.1286
0.1654
0.2183
0.39239999999999997
0.4314
0.4621
0.5195000000000001
0.267
0.2163
0.2111
0.20839999999999997
0.4726
0.5510999999999999
0.5800000000000001
0.7013
0.4657
0.15139999999999998
0.1517
0.14950000000000002
0.1402
0.1328
0.1399
0.21389999999999998
0.20179999999999998
0.22139999999999999
0.2049
0.2459
0.3547
0.4053
0.5936
0.9139
1.5421
1.4377
0.18810000000000002
2.3707000000000003
0.3222
0.32030000000000003
0.17880000000000001
0.1449
0.1119
