4.540900000000001
4.5327
4.6147
4.7027
4.715
0.2197
0.35719999999999996
0.4324
0.2823
0.4616
1.5266
2.3518
1.0605
0.6458999999999999
0.5507
0.4643
0.4073
2.2008
2.6916
2.1924
0.5725
0.0007
0.0157
1.7238
0.3664
0.43220000000000003
0.4432
0.2602
0.2881
0.2665
0.29410000000000003
0.757
0.22870000000000001
0.3408
0.41400000000000003
0.8188
0.6813
0.46799999999999997
0.5813
1.5568
0.28700000000000003
0.31510000000000005
0.3994
0.47740000000000005
0.6255999999999999
0.5804
0.5054000000000001
0.4002
0.0429
0.1001
0.6736
0.0
0.0042
0.05449999999999999
0.0184
0.0271
0.0399
0.077
0.1116
0.1706
0.1327
0.1238
0.12279999999999999
0.1426
0.15589999999999998
0.222
0.7625
0.0196
0.047799999999999995
0.11049999999999999
0.2032
0.2345
0.2385
0.22660000000000002
0.2263
0.2217
0.2163
0.24180000000000001
0.2965
0.35119999999999996
0.4376
0.4413
1.184
1.3127
0.5616000000000001
1.6764
0.5142
0.3913
0.9754
0.4002
0.42379999999999995
0.41469999999999996
0.6227
0.8175
0.48940000000000006
0.2747
0.2141
0.2271
0.2155
0.22949999999999998
0.2355
0.2457
0.388
0.7994
1.2553
0.5176999999999999
0.3114
0.33940000000000003
0.3195
0.29090000000000005
0.2621
0.26780000000000004
0.29169999999999996
0.393
0.4713
0.5585
0.44799999999999995
0.2118
0.18380000000000002
0.1908
0.9267000000000001
1.0847
0.9566
0.8089999999999999
0.7434000000000001
0.8645
1.2368000000000001
1.0245
0.5601
0.5042
0.5166
0.5287999999999999
0.5538000000000001
0.5650999999999999
0.5777
0.6486000000000001
0.7818
1.0143
3.0737
1.9997
1.5664
1.2214
1.0791
2.2097
0.0539
0.052500000000000005
0.0528
0.051699999999999996
0.0525
0.055900000000000005
0.0505
0.0441
0.035500000000000004
0.0385
0.0338
0.0336
0.0353
0.0369
0.037000000000000005
0.040999999999999995
0.0327
0.049600000000000005
0.0518
0.0489
0.0486
0.0441
0.0504
0.0625
4.540900000000001
4.5327
4.6147
4.7027
4.715
0.2197
0.35719999999999996
0.4324
0.2823
0.4616
1.5266
2.3518
1.0605
0.6458999999999999
0.5507
0.4643
0.4073
2.2008
2.6916
2.1924
0.5725
0.0007
0.0157
1.7238
0.3664
0.43220000000000003
0.4432
0.2602
0.2881
0.2665
0.29410000000000003
0.757
0.22870000000000001
0.3408
0.41400000000000003
0.8188
0.6813
0.46799999999999997
0.5813
1.5568
0.28700000000000003
0.31510000000000005
0.3994
0.47740000000000005
0.6255999999999999
0.5804
0.5054000000000001
0.4002
0.0429
0.1001
0.6736
0.0
0.0042
0.05449999999999999
0.0184
0.0271
0.0399
0.077
0.1116
0.1706
0.1327
0.1238
0.12279999999999999
0.1426
0.15589999999999998
0.222
0.7625
0.0196
0.047799999999999995
0.11049999999999999
0.2032
0.2345
0.2385
0.22660000000000002
0.2263
0.2217
0.2163
0.24180000000000001
0.2965
0.35119999999999996
0.4376
0.4413
1.184
1.3127
0.5616000000000001
1.6764
0.5142
0.3913
0.9754
0.4002
0.42379999999999995
0.41469999999999996
0.6227
0.8175
0.48940000000000006
0.2747
0.2141
0.2271
0.2155
0.22949999999999998
0.2355
0.2457
0.388
0.7994
1.2553
0.5176999999999999
0.3114
0.33940000000000003
0.3195
0.29090000000000005
0.2621
0.26780000000000004
0.29169999999999996
0.393
0.4713
0.5585
0.44799999999999995
0.2118
0.18380000000000002
0.1908
0.9267000000000001
1.0847
0.9566
0.8089999999999999
0.7434000000000001
0.8645
1.2368000000000001
1.0245
0.5601
0.5042
0.5166
0.5287999999999999
0.5538000000000001
0.5650999999999999
0.5777
0.6486000000000001
0.7818
1.0143
3.0737
1.9997
1.5664
1.2214
1.0791
2.2097
0.0539
0.052500000000000005
0.0528
0.051699999999999996
0.0525
0.055900000000000005
0.0505
0.0441
0.035500000000000004
0.0385
0.0338
0.0336
0.0353
0.0369
0.037000000000000005
0.040999999999999995
0.0327
0.049600000000000005
0.0518
0.0489
0.0486
0.0441
0.0504
0.0625
4.540900000000001
4.5327
4.6147
4.7027
4.715
0.2197
0.35719999999999996
0.4324
0.2823
0.4616
1.5266
2.3518
1.0605
0.6458999999999999
0.5507
0.4643
0.4073
2.2008
2.6916
2.1924
0.5725
0.0007
0.0157
1.7238
0.3664
0.43220000000000003
0.4432
0.2602
0.2881
0.2665
0.29410000000000003
0.757
0.22870000000000001
0.3408
0.41400000000000003
0.8188
0.6813
0.46799999999999997
0.5813
1.5568
0.28700000000000003
0.31510000000000005
0.3994
0.47740000000000005
0.6255999999999999
0.5804
0.5054000000000001
0.4002
0.0429
0.1001
0.6736
0.0
0.0042
0.05449999999999999
0.0184
0.0271
0.0399
0.077
0.1116
0.1706
0.1327
0.1238
0.12279999999999999
0.1426
0.15589999999999998
0.222
0.7625
0.0196
0.047799999999999995
0.11049999999999999
0.2032
0.2345
0.2385
0.22660000000000002
0.2263
0.2217
0.2163
0.24180000000000001
0.2965
0.35119999999999996
0.4376
0.4413
1.184
1.3127
0.5616000000000001
1.6764
0.5142
0.3913
0.9754
0.4002
0.42379999999999995
0.41469999999999996
0.6227
0.8175
0.48940000000000006
0.2747
0.2141
0.2271
0.2155
0.22949999999999998
0.2355
0.2457
0.388
0.7994
1.2553
0.5176999999999999
0.3114
0.33940000000000003
0.3195
0.29090000000000005
0.2621
0.26780000000000004
0.29169999999999996
0.393
0.4713
0.5585
0.44799999999999995
0.2118
0.18380000000000002
0.1908
0.9267000000000001
1.0847
0.9566
0.8089999999999999
0.7434000000000001
0.8645
1.2368000000000001
1.0245
0.5601
0.5042
0.5166
0.5287999999999999
0.5538000000000001
0.5650999999999999
0.5777
0.6486000000000001
0.7818
1.0143
3.0737
1.9997
1.5664
1.2214
1.0791
2.2097
0.0539
0.052500000000000005
0.0528
0.051699999999999996
0.0525
0.055900000000000005
0.0505
0.0441
0.035500000000000004
0.0385
0.0338
0.0336
0.0353
0.0369
0.037000000000000005
0.040999999999999995
0.0327
0.049600000000000005
0.0518
0.0489
0.0486
0.0441
0.0504
0.0625
4.540900000000001
4.5327
4.6147
4.7027
4.715
0.2197
0.35719999999999996
0.4324
0.2823
0.4616
1.5266
2.3518
1.0605
0.6458999999999999
0.5507
0.4643
0.4073
2.2008
2.6916
2.1924
0.5725
0.0007
0.0157
1.7238
0.3664
0.43220000000000003
0.4432
0.2602
0.2881
0.2665
0.29410000000000003
0.757
0.22870000000000001
0.3408
0.41400000000000003
0.8188
0.6813
0.46799999999999997
0.5813
1.5568
0.28700000000000003
0.31510000000000005
0.3994
0.47740000000000005
0.6255999999999999
0.5804
0.5054000000000001
0.4002
0.0429
0.1001
0.6736
0.0
0.0042
0.05449999999999999
0.0184
0.0271
0.0399
0.077
0.1116
0.1706
0.1327
0.1238
0.12279999999999999
0.1426
0.15589999999999998
0.222
0.7625
0.0196
0.047799999999999995
0.11049999999999999
0.2032
0.2345
0.2385
0.22660000000000002
0.2263
0.2217
0.2163
0.24180000000000001
0.2965
0.35119999999999996
0.4376
0.4413
1.184
1.3127
0.5616000000000001
1.6764
0.5142
0.3913
0.9754
0.4002
0.42379999999999995
0.41469999999999996
0.6227
0.8175
0.48940000000000006
0.2747
0.2141
0.2271
0.2155
0.22949999999999998
0.2355
0.2457
0.388
0.7994
1.2553
0.5176999999999999
0.3114
0.33940000000000003
0.3195
0.29090000000000005
0.2621
0.26780000000000004
0.29169999999999996
0.393
0.4713
0.5585
0.44799999999999995
0.2118
0.18380000000000002
0.1908
0.9267000000000001
1.0847
0.9566
0.8089999999999999
0.7434000000000001
0.8645
1.2368000000000001
1.0245
0.5601
0.5042
0.5166
0.5287999999999999
0.5538000000000001
0.5650999999999999
0.5777
0.6486000000000001
0.7818
1.0143
3.0737
1.9997
1.5664
1.2214
1.0791
2.2097
0.0539
0.052500000000000005
0.0528
0.051699999999999996
0.0525
0.055900000000000005
0.0505
0.0441
0.035500000000000004
0.0385
0.0338
0.0336
0.0353
0.0369
0.037000000000000005
0.040999999999999995
0.0327
0.049600000000000005
0.0518
0.0489
0.0486
0.0441
0.0504
0.0625
4.540900000000001
4.5327
4.6147
4.7027
4.715
0.2197
0.35719999999999996
0.4324
0.2823
0.4616
1.5266
2.3518
1.0605
0.6458999999999999
0.5507
0.4643
0.4073
2.2008
2.6916
2.1924
0.5725
0.0007
0.0157
1.7238
0.3664
0.43220000000000003
0.4432
0.2602
0.2881
0.2665
0.29410000000000003
0.757
0.22870000000000001
0.3408
0.41400000000000003
0.8188
0.6813
0.46799999999999997
0.5813
1.5568
0.28700000000000003
0.31510000000000005
0.3994
0.47740000000000005
0.6255999999999999
0.5804
0.5054000000000001
0.4002
0.0429
0.1001
0.6736
0.0
0.0042
0.05449999999999999
0.0184
0.0271
0.0399
0.077
0.1116
0.1706
0.1327
0.1238
0.12279999999999999
0.1426
0.15589999999999998
0.222
0.7625
0.0196
0.047799999999999995
0.11049999999999999
0.2032
0.2345
0.187
0.1769
0.1741
0.1698
0.1699
0.1767
0.17670000000000002
0.2193
0.5452
0.4623
0.4222
0.4111
0.4819
0.7081
0.5818
0.4327
0.3846
0.3624
0.9992
0.3973
0.37070000000000003
0.3428
0.2676
0.2115
0.4989
0.4578
0.4313
0.4239
0.4232
0.4354
0.49060000000000004
0.5169
0.6352
0.7928
0.9706999999999999
1.4409999999999998
0.9935
0.9631
1.0402
0.8049999999999999
0.7559
0.9299999999999999
0.9695
1.3268
1.6275
1.1234
0.9259999999999999
1.9395
2.1169000000000002
0.0776
0.1215
0.1263
0.12240000000000001
0.1412
0.15139999999999998
0.2227
0.665
0.8437
0.7582
0.2066
0.1605
0.1321
0.1406
0.1651
0.2049
0.5992
1.2125
0.6344000000000001
0.5354000000000001
0.4716
0.3749
1.2176
0.0866
0.1195
0.12490000000000001
0.1211
0.1162
0.18359999999999999
0.3459
0.6618999999999999
0.686
2.3841
0.4204
0.39080000000000004
0.426
0.9748
2.71
1.2278
0.6308
0.4687
0.7371
0.471
0.0
0.0
0.0067
0.0
0.0809
0.093
0.0968
0.0839
0.1012
0.20679999999999998
0.7499
0.7606999999999999
0.22609999999999997
0.0884
1.1087
0.686
0.2475
0.8999999999999999
0.5213
0.3788
0.8663000000000001
1.3422
1.0326
0.8687
0.4077
0.1167
0.0893
0.0594
0.4763
0.4252
0.3994
0.38139999999999996
0.3871
0.438
0.5748
0.8116
0.8177000000000001
0.7471000000000001
0.6755
0.6421
0.6261
0.5719
2.5525
0.9112
0.6275
0.5955
0.6194
0.73
0.9389000000000001
0.9443999999999999
0.7285
2.8148
0.36760000000000004
0.28490000000000004
0.239
0.2286
0.2279
0.249
0.3375
0.8831
1.2005
1.1461999999999999
0.9351
0.5143
0.3687
0.3352
0.3285
0.2957
0.3141
0.30410000000000004
1.3438
0.5704
0.9349999999999999
1.0430000000000001
0.5545
0.3454
0.187
0.1769
0.1741
0.1698
0.1699
0.1767
0.17670000000000002
0.2193
0.5452
0.4623
0.4222
0.4111
0.4819
0.7081
0.5818
0.4327
0.3846
0.3624
0.9992
0.3973
0.37070000000000003
0.3428
0.2676
0.2115
0.4989
0.4578
0.4313
0.4239
0.4232
0.4354
0.49060000000000004
0.5169
0.6352
0.7928
0.9706999999999999
1.4409999999999998
0.9935
0.9631
1.0402
0.8049999999999999
0.7559
0.9299999999999999
0.9695
1.3268
1.6275
1.1234
0.9259999999999999
1.9395
2.1169000000000002
0.0776
0.1215
0.1263
0.12240000000000001
0.1412
0.15139999999999998
0.2227
0.665
0.8437
0.7582
0.2066
0.1605
0.1321
0.1406
0.1651
0.2049
0.5992
1.2125
0.6344000000000001
0.5354000000000001
0.4716
0.3749
1.2176
0.0866
0.1195
0.12490000000000001
0.1211
0.1162
0.18359999999999999
0.3459
0.6618999999999999
0.686
2.3841
0.4204
0.39080000000000004
0.426
0.9748
2.71
1.2278
0.6308
0.4687
0.7371
0.471
0.0
0.0
0.0067
0.0
0.0809
0.093
0.0968
0.0839
0.1012
0.20679999999999998
0.7499
0.7606999999999999
0.22609999999999997
0.0884
1.1087
0.686
0.2475
0.8999999999999999
0.5213
0.3788
0.8663000000000001
1.3422
1.0326
0.8687
0.4077
0.1167
0.0893
0.0594
0.4763
0.4252
0.3994
0.38139999999999996
0.3871
0.438
0.5748
0.8116
0.8177000000000001
0.7471000000000001
0.6755
0.6421
0.6261
0.5719
2.5525
0.9112
0.6275
0.5955
0.6194
0.73
0.9389000000000001
0.9443999999999999
0.7285
2.8148
0.36760000000000004
0.28490000000000004
0.239
0.2286
0.2279
0.249
0.3375
0.8831
1.2005
1.1461999999999999
0.9351
0.5143
0.3687
0.3352
0.3285
0.2957
0.3141
0.30410000000000004
1.3438
0.5704
0.9349999999999999
1.0430000000000001
0.5545
0.3454
0.187
0.1769
0.1741
0.1698
0.1699
0.1767
0.17670000000000002
0.2193
0.5452
0.4623
0.4222
0.4111
0.4819
0.7081
0.5818
0.4327
0.3846
0.3624
0.9992
0.3973
0.37070000000000003
0.3428
0.2676
0.2115
0.4989
0.4578
0.4313
0.4239
0.4232
0.4354
0.49060000000000004
0.5169
0.6352
0.7928
0.9706999999999999
1.4409999999999998
0.9935
0.9631
1.0402
0.8049999999999999
0.7559
0.9299999999999999
0.9695
1.3268
1.6275
1.1234
0.9259999999999999
1.9395
2.1169000000000002
0.0776
0.1215
0.1263
0.12240000000000001
0.1412
0.15139999999999998
0.2227
0.665
0.8437
0.7582
0.2066
0.1605
0.1321
0.1406
0.1651
0.2049
0.5992
1.2125
0.6344000000000001
0.5354000000000001
0.4716
0.3749
1.2176
0.0866
0.1195
0.12490000000000001
0.1211
0.1162
0.18359999999999999
0.3459
0.6618999999999999
0.686
2.3841
0.4204
0.39080000000000004
0.426
0.9748
2.71
1.2278
0.6308
0.4687
0.7371
0.471
0.0
0.0
0.0067
0.0
0.0809
0.093
0.0968
0.0839
0.1012
0.20679999999999998
0.7499
0.7606999999999999
0.22609999999999997
0.0884
1.1087
0.686
0.2475
0.8999999999999999
0.5213
0.3788
0.8663000000000001
1.3422
1.0326
0.8687
0.4077
0.1167
0.0893
0.0594
0.4763
0.4252
0.3994
0.38139999999999996
0.3871
0.438
0.5748
0.8116
0.8177000000000001
0.7471000000000001
0.6755
0.6421
0.6261
0.5719
2.5525
0.9112
0.6275
0.5955
0.6194
0.73
0.9389000000000001
0.9443999999999999
0.7285
2.8148
0.36760000000000004
0.28490000000000004
0.239
0.2286
0.2279
0.249
0.3375
0.8831
1.2005
1.1461999999999999
0.9351
0.5143
0.3687
0.3352
0.3285
0.2957
0.3141
0.30410000000000004
1.3438
0.5704
0.9349999999999999
1.0430000000000001
0.5545
0.3454
0.187
0.1769
0.1741
0.1698
0.1699
0.1767
0.17670000000000002
0.2193
0.5452
0.4623
0.4222
0.4111
0.4819
0.7081
0.5818
0.4327
0.3846
0.3624
0.9992
0.3973
0.37070000000000003
0.3428
0.2676
0.2115
0.4989
0.4578
0.4313
0.4239
0.4232
0.4354
0.49060000000000004
0.5169
0.6352
0.7928
0.9706999999999999
1.4409999999999998
0.9935
0.9631
1.0402
0.8049999999999999
0.7559
0.9299999999999999
0.9695
1.3268
1.6275
1.1234
0.9259999999999999
1.9395
2.1169000000000002
0.0776
0.1215
0.1263
0.12240000000000001
0.1412
0.15139999999999998
0.2227
0.665
0.8437
0.7582
0.2066
0.1605
0.1321
0.1406
0.1651
0.2049
0.5992
1.2125
0.6344000000000001
0.5354000000000001
0.4716
0.3749
1.2176
0.0866
0.1195
0.12490000000000001
0.1211
0.1162
0.18359999999999999
0.3459
0.6618999999999999
0.686
2.3841
0.4204
0.39080000000000004
0.426
0.9748
2.71
1.2278
0.6308
0.4687
0.7371
0.471
0.0
0.0
0.0067
0.0
0.0809
0.093
0.0968
0.0839
0.1012
0.20679999999999998
0.7499
0.7606999999999999
0.22609999999999997
0.0884
1.1087
0.686
0.2475
0.8999999999999999
0.5213
0.3788
0.8663000000000001
1.3422
1.0326
0.8687
0.4077
0.1167
0.0893
0.0594
0.4763
0.4252
0.3994
0.38139999999999996
0.3871
0.438
0.5748
0.8116
0.8177000000000001
0.7471000000000001
0.6755
0.6421
0.6261
0.5719
2.5525
0.9112
0.6275
0.5955
0.6194
0.73
0.9389000000000001
0.9443999999999999
0.7285
2.8148
0.36760000000000004
0.28490000000000004
0.239
0.2286
0.2279
0.249
0.3375
0.8831
1.2005
1.1461999999999999
0.9351
0.5143
0.3687
0.3352
0.3285
0.2957
0.3141
0.30410000000000004
1.3438
0.5704
0.9349999999999999
1.0430000000000001
0.5545
0.3454
0.32989999999999997
0.3486
0.3227
0.2667
0.2655
0.2553
0.2009
0.8712000000000001
0.4589
0.5233
0.5622
0.5801000000000001
0.4036
0.3525
0.3557
0.39080000000000004
0.4337
0.7906
0.8623000000000001
0.99
0.8942
0.6385000000000001
0.4643
0.8453999999999999
0.1845
0.1822
0.18180000000000002
0.191
0.1886
0.1846
0.2586
0.9457
0.3406
0.3505
0.367
0.6699999999999999
1.0642
0.2814
0.2087
0.24860000000000002
0.3214
0.6642
0.6813
0.7512
0.6788000000000001
0.6282
0.31
0.2119
0.0179
0.016399999999999998
0.0142
0.018
0.0149
0.0257
0.0502
0.0014
0.0853
0.10089999999999999
0.1424
0.24159999999999998
0.3634
0.0625
0.047200000000000006
0.0259
0.0238
0.5899
0.0
0.0
0.09789999999999999
0.2349
0.2
0.0659
0.26280000000000003
0.5347
0.36360000000000003
0.42069999999999996
0.2475
0.3121
0.5739
0.7198
0.2671
0.1315
0.0955
0.0956
0.0964
0.0931
0.11299999999999999
0.1617
0.26
1.0324
0.7734
0.4667
0.3839
0.3295
0.2573
0.2306
0.1839
0.1777
0.15639999999999998
0.15839999999999999
0.1655
0.1872
0.23349999999999999
0.1381
1.5854000000000001
0.26970000000000005
0.4738
1.4357
0.5196
0.3425
0.4236
0.46319999999999995
0.4235
0.5128
0.76
1.0852
0.4878
0.3618
0.2701
0.23310000000000003
1.2781
1.2488000000000001
1.3035999999999999
0.8187
0.4739
0.49850000000000005
0.49019999999999997
0.5018
0.4579
0.3971
0.38029999999999997
0.3613
0.3816
0.37060000000000004
0.3754
0.43610000000000004
0.5796
0.9674
2.3376
1.1652
1.042
1.0194999999999999
0.9488
1.8096999999999999
1.1245
1.1552
0.1772
0.13570000000000002
0.1154
0.12000000000000001
0.10700000000000001
0.121
0.15860000000000002
0.1875
0.2962
0.9661
0.6948
0.3164
0.31599999999999995
1.1023
1.0294
0.3338
0.30679999999999996
0.3298
0.3677
0.4444
0.5028
0.8183
0.32989999999999997
0.3486
0.3227
0.2667
0.2655
0.2553
0.2009
0.8712000000000001
0.4589
0.5233
0.5622
0.5801000000000001
0.4036
0.3525
0.3557
0.39080000000000004
0.4337
0.7906
0.8623000000000001
0.99
0.8942
0.6385000000000001
0.4643
0.8453999999999999
0.1845
0.1822
0.18180000000000002
0.191
0.1886
0.1846
0.2586
0.9457
0.3406
0.3505
0.367
0.6699999999999999
1.0642
0.2814
0.2087
0.24860000000000002
0.3214
0.6642
0.6813
0.7512
0.6788000000000001
0.6282
0.31
0.2119
0.0179
0.016399999999999998
0.0142
0.018
0.0149
0.0257
0.0502
0.0014
0.0853
0.10089999999999999
0.1424
0.24159999999999998
0.3634
0.0625
0.047200000000000006
0.0259
0.0238
0.5899
0.0
0.0
0.09789999999999999
0.2349
0.2
0.0659
0.26280000000000003
0.5347
0.36360000000000003
0.42069999999999996
0.2475
0.3121
0.5739
0.7198
0.2671
0.1315
0.0955
0.0956
0.0964
0.0931
0.11299999999999999
0.1617
0.26
1.0324
0.7734
0.4667
0.3839
0.3295
0.2573
0.2306
0.1839
0.1777
0.15639999999999998
0.15839999999999999
0.1655
0.1872
0.23349999999999999
0.1381
1.5854000000000001
0.26970000000000005
0.4738
1.4357
0.5196
0.3425
0.4236
0.46319999999999995
0.4235
0.5128
0.76
1.0852
0.4878
0.3618
0.2701
0.23310000000000003
1.2781
1.2488000000000001
1.3035999999999999
0.8187
0.4739
0.49850000000000005
0.49019999999999997
0.5018
0.4579
0.3971
0.38029999999999997
0.3613
0.3816
0.37060000000000004
0.3754
0.43610000000000004
0.5796
0.9674
2.3376
1.1652
1.042
1.0194999999999999
0.9488
1.8096999999999999
1.1245
1.1552
0.1772
0.13570000000000002
0.1154
0.12000000000000001
0.10700000000000001
0.121
0.15860000000000002
0.1875
0.2962
0.9661
0.6948
0.3164
0.31599999999999995
1.1023
1.0294
0.3338
0.30679999999999996
0.3298
0.3677
0.4444
0.5028
0.8183
0.32989999999999997
0.3486
0.3227
0.2667
0.2655
0.2553
0.2009
0.8712000000000001
0.4589
0.5233
0.5622
0.5801000000000001
0.4036
0.3525
0.3557
0.39080000000000004
0.4337
0.7906
0.8623000000000001
0.99
0.8942
0.6385000000000001
0.4643
0.8453999999999999
0.1845
0.1822
0.18180000000000002
0.191
0.1886
0.1846
0.2586
0.9457
0.3406
0.3505
0.367
0.6699999999999999
1.0642
0.2814
0.2087
0.24860000000000002
0.3214
0.6642
0.6813
0.7512
0.6788000000000001
0.6282
0.31
0.2119
0.0179
0.016399999999999998
0.0142
0.018
0.0149
0.0257
0.0502
0.0014
0.0853
0.10089999999999999
0.1424
0.24159999999999998
0.3634
0.0625
0.047200000000000006
0.0259
0.0238
0.5899
0.0
0.0
0.09789999999999999
0.2349
0.2
0.0659
0.26280000000000003
0.5347
0.36360000000000003
0.42069999999999996
0.2475
0.3121
0.5739
0.7198
0.2671
0.1315
0.0955
0.0956
0.0964
0.0931
0.11299999999999999
0.1617
0.26
1.0324
0.7734
0.4667
0.3839
0.3295
0.2573
0.2306
0.1839
0.1777
0.15639999999999998
0.15839999999999999
0.1655
0.1872
0.23349999999999999
0.1381
1.5854000000000001
0.26970000000000005
0.4738
1.4357
0.5196
0.3425
0.4236
0.46319999999999995
0.4235
0.5128
0.76
1.0852
0.4878
0.3618
0.2701
0.23310000000000003
1.2781
1.2488000000000001
1.3035999999999999
0.8187
0.4739
0.49850000000000005
0.49019999999999997
0.5018
0.4579
0.3971
0.38029999999999997
0.3613
0.3816
0.37060000000000004
0.3754
0.43610000000000004
0.5796
0.9674
2.3376
1.1652
1.042
1.0194999999999999
0.9488
1.8096999999999999
1.1245
1.1552
0.1772
0.13570000000000002
0.1154
0.12000000000000001
0.10700000000000001
0.121
0.15860000000000002
0.1875
0.2962
0.9661
0.6948
0.3164
0.31599999999999995
1.1023
1.0294
0.3338
0.30679999999999996
0.3298
0.3677
0.4444
0.5028
0.8183
0.32989999999999997
0.3486
0.3227
0.2667
0.2655
0.2553
0.2009
0.8712000000000001
0.4589
0.5233
0.5622
0.5801000000000001
0.4036
0.3525
0.3557
0.39080000000000004
0.4337
0.7906
0.8623000000000001
0.99
0.8942
0.6385000000000001
0.4643
0.8453999999999999
0.1845
0.1822
0.18180000000000002
0.191
0.1886
0.1846
0.2586
0.9457
0.3406
0.3505
0.367
0.6699999999999999
1.0642
0.2814
0.2087
0.24860000000000002
0.3214
0.6642
0.6813
0.7512
0.6788000000000001
0.6282
0.31
0.2119
0.0179
0.016399999999999998
0.0142
0.018
0.0149
0.0257
0.0502
0.0014
0.0853
0.10089999999999999
0.1424
0.24159999999999998
0.3634
0.0625
0.047200000000000006
0.0259
0.0238
0.5899
0.0
0.0
0.09789999999999999
0.2349
0.2
0.0659
0.26280000000000003
0.5347
0.36360000000000003
0.42069999999999996
0.2475
0.3121
0.5739
0.7198
0.2671
0.1315
0.0955
0.0956
0.0964
0.0931
0.11299999999999999
0.1617
0.26
1.0324
0.7734
0.4667
0.3839
0.3295
0.2573
0.2306
0.1839
0.1777
0.15639999999999998
0.15839999999999999
0.1655
0.1872
0.23349999999999999
0.1381
1.5854000000000001
0.26970000000000005
0.4738
1.4357
0.5196
0.3425
0.4236
0.46319999999999995
0.4235
0.5128
0.76
1.0852
0.4878
0.3618
0.2701
0.23310000000000003
1.2781
1.2488000000000001
1.3035999999999999
0.8187
0.4739
0.49850000000000005
0.49019999999999997
0.5018
0.4579
0.3971
0.38029999999999997
0.3613
0.3816
0.37060000000000004
0.3754
0.43610000000000004
0.5796
0.9674
2.3376
1.1652
1.042
1.0194999999999999
0.9488
1.8096999999999999
1.1245
1.1552
0.1772
0.13570000000000002
0.1154
0.12000000000000001
0.10700000000000001
0.121
0.15860000000000002
0.1875
0.2962
0.9661
0.6948
0.3164
0.31599999999999995
1.1023
1.0294
0.3338
0.30679999999999996
0.3298
0.3677
0.4444
0.5028
0.8183
0.32989999999999997
0.3486
0.3227
0.2667
0.2655
0.2553
0.2009
0.8712000000000001
0.4589
0.5233
0.5622
0.5801000000000001
0.4036
0.3525
0.3557
0.39080000000000004
0.4337
0.7906
0.8623000000000001
0.99
0.8942
0.6385000000000001
0.4643
0.8453999999999999
0.1845
0.1822
0.18180000000000002
0.191
0.1886
0.1846
0.2586
0.9457
0.3406
0.3505
0.367
0.6699999999999999
1.0642
0.2814
0.2087
0.24860000000000002
0.3214
0.6642
0.6813
0.7512
0.6788000000000001
0.6282
0.31
0.2119
0.0179
0.016399999999999998
0.0142
0.018
0.0149
0.0257
0.0502
0.0014
0.0853
0.10089999999999999
0.1424
0.24159999999999998
0.3634
0.0625
0.047200000000000006
0.0259
0.0238
0.5899
0.0
0.0
0.09789999999999999
0.2349
0.2
0.0659
1.7937
2.4215
0.1421
0.38470000000000004
0.3621
0.8150999999999999
0.1635
0.1534
0.15610000000000002
0.1324
0.1122
0.1198
0.1247
0.136
0.1557
0.244
0.1696
0.1656
0.1647
0.1786
0.15910000000000002
0.1598
0.16620000000000001
0.1673
0.9072
0.5057
0.449
0.4237
0.36219999999999997
0.2994
0.2293
0.22999999999999998
0.2237
0.2253
0.2784
0.5388999999999999
0.48250000000000004
0.35929999999999995
0.3751
0.4215
0.6817
1.8774000000000002
1.4047
0.7914
0.7230000000000001
0.7112
0.7322
1.4652
0.31479999999999997
0.32420000000000004
0.31289999999999996
0.3109
0.3135
0.32989999999999997
0.3443
0.6287
0.2262
0.2113
0.2632
0.31410000000000005
0.5546
0.3871
0.30169999999999997
0.2849
0.7759
1.0086
1.5901999999999998
0.9655
0.7354
0.3477
0.23370000000000002
0.2458
0.7173
0.7113
0.6985
0.7028
0.7182
0.788
1.0048
0.9371
0.841
0.7736000000000001
0.7489
0.7474
0.8251
1.1532
1.1598000000000002
0.9335
0.852
0.8383
0.9336
1.0953
0.808
0.6865
0.6505000000000001
0.6973
0.2439
1.5217
0.18969999999999998
0.16360000000000002
0.1566
0.1653
0.1868
0.2357
0.26539999999999997
0.31920000000000004
0.4032
0.7439
0.3745
0.26890000000000003
0.24639999999999998
0.21089999999999998
0.1977
0.2066
0.1835
0.2295
0.2502
0.33299999999999996
0.8285
0.6084
0.1184
0.115
0.1042
0.11
0.11069999999999999
0.13490000000000002
0.1647
0.1766
1.2441
0.1719
0.1899
0.2934
0.8188
0.39590000000000003
0.2513
0.22949999999999998
0.1041
2.3853999999999997
0.4346
0.5023
0.4084
0.2411
0.14629999999999999
0.1432
0.1266
0.1217
0.1207
0.12140000000000001
0.1226
0.1286
0.1394
0.1465
0.12380000000000001
0.1343
0.1233
0.1197
0.12279999999999999
0.12090000000000001
0.12719999999999998
0.12780000000000002
0.1153
0.14889999999999998
0.1476
0.17099999999999999
0.1794
0.1636
0.1522
0.1406
1.7937
2.4215
0.1421
0.38470000000000004
0.3621
0.8150999999999999
0.1635
0.1534
0.15610000000000002
0.1324
0.1122
0.1198
0.1247
0.136
0.1557
0.244
0.1696
0.1656
0.1647
0.1786
0.15910000000000002
0.1598
0.16620000000000001
0.1673
0.9072
0.5057
0.449
0.4237
0.36219999999999997
0.2994
0.2293
0.22999999999999998
0.2237
0.2253
0.2784
0.5388999999999999
0.48250000000000004
0.35929999999999995
0.3751
0.4215
0.6817
1.8774000000000002
1.4047
0.7914
0.7230000000000001
0.7112
0.7322
1.4652
0.31479999999999997
0.32420000000000004
0.31289999999999996
0.3109
0.3135
0.32989999999999997
0.3443
0.6287
0.2262
0.2113
0.2632
0.31410000000000005
0.5546
0.3871
0.30169999999999997
0.2849
0.7759
1.0086
1.5901999999999998
0.9655
0.7354
0.3477
0.23370000000000002
0.2458
0.7173
0.7113
0.6985
0.7028
0.7182
0.788
1.0048
0.9371
0.841
0.7736000000000001
0.7489
0.7474
0.8251
1.1532
1.1598000000000002
0.9335
0.852
0.8383
0.9336
1.0953
0.808
0.6865
0.6505000000000001
0.6973
0.2439
1.5217
0.18969999999999998
0.16360000000000002
0.1566
0.1653
0.1868
0.2357
0.26539999999999997
0.31920000000000004
0.4032
0.7439
0.3745
0.26890000000000003
0.24639999999999998
0.21089999999999998
0.1977
0.2066
0.1835
0.2295
0.2502
0.33299999999999996
0.8285
0.6084
0.1184
0.115
0.1042
0.11
0.11069999999999999
0.13490000000000002
0.1647
0.1766
1.2441
0.1719
0.1899
0.2934
0.8188
0.39590000000000003
0.2513
0.22949999999999998
0.1041
2.3853999999999997
0.4346
0.5023
0.4084
0.2411
0.14629999999999999
0.1432
0.1266
0.1217
0.1207
0.12140000000000001
0.1226
0.1286
0.1394
0.1465
0.12380000000000001
0.1343
0.1233
0.1197
0.12279999999999999
0.12090000000000001
0.12719999999999998
0.12780000000000002
0.1153
0.14889999999999998
0.1476
0.17099999999999999
0.1794
0.1636
0.1522
0.1406
1.7937
2.4215
0.1421
0.38470000000000004
0.3621
0.8150999999999999
0.1635
0.1534
0.15610000000000002
0.1324
0.1122
0.1198
0.1247
0.136
0.1557
0.244
0.1696
0.1656
0.1647
0.1786
0.15910000000000002
0.1598
0.16620000000000001
0.1673
0.9072
0.5057
0.449
0.4237
0.36219999999999997
0.2994
0.2293
0.22999999999999998
0.2237
0.2253
0.2784
0.5388999999999999
0.48250000000000004
0.35929999999999995
0.3751
0.4215
0.6817
1.8774000000000002
1.4047
0.7914
0.7230000000000001
0.7112
0.7322
1.4652
0.31479999999999997
0.32420000000000004
0.31289999999999996
0.3109
0.3135
0.32989999999999997
0.3443
0.6287
0.2262
0.2113
0.2632
0.31410000000000005
0.5546
0.3871
0.30169999999999997
0.2849
0.7759
1.0086
1.5901999999999998
0.9655
0.7354
0.3477
0.23370000000000002
0.2458
0.7173
0.7113
0.6985
0.7028
0.7182
0.788
1.0048
0.9371
0.841
0.7736000000000001
0.7489
0.7474
0.8251
1.1532
1.1598000000000002
0.9335
0.852
0.8383
0.9336
1.0953
0.808
0.6865
0.6505000000000001
0.6973
0.2439
1.5217
0.18969999999999998
0.16360000000000002
0.1566
0.1653
0.1868
0.2357
0.26539999999999997
0.31920000000000004
0.4032
0.7439
0.3745
0.26890000000000003
0.24639999999999998
0.21089999999999998
0.1977
0.2066
0.1835
0.2295
0.2502
0.33299999999999996
0.8285
0.6084
0.1184
0.115
0.1042
0.11
0.11069999999999999
0.13490000000000002
0.1647
0.1766
1.2441
0.1719
0.1899
0.2934
0.8188
0.39590000000000003
0.2513
0.22949999999999998
0.1041
2.3853999999999997
0.4346
0.5023
0.4084
0.2411
0.14629999999999999
0.1432
0.1266
0.1217
0.1207
0.12140000000000001
0.1226
0.1286
0.1394
0.1465
0.12380000000000001
0.1343
0.1233
0.1197
0.12279999999999999
0.12090000000000001
0.12719999999999998
0.12780000000000002
0.1153
0.14889999999999998
0.1476
0.17099999999999999
0.1794
0.1636
0.1522
0.1406
1.7937
2.4215
0.1421
0.38470000000000004
0.3621
0.8150999999999999
0.1635
0.1534
0.15610000000000002
0.1324
0.1122
0.1198
0.1247
0.136
0.1557
0.244
0.1696
0.1656
0.1647
0.1786
0.15910000000000002
0.1598
0.16620000000000001
0.1673
0.9072
0.5057
0.449
0.4237
0.36219999999999997
0.2994
0.2293
0.22999999999999998
0.2237
0.2253
0.2784
0.5388999999999999
0.48250000000000004
0.35929999999999995
0.3751
0.4215
0.6817
1.8774000000000002
1.4047
0.7914
0.7230000000000001
0.7112
0.7322
1.4652
0.31479999999999997
0.32420000000000004
0.31289999999999996
0.3109
0.3135
0.32989999999999997
0.3443
0.6287
0.2262
0.2113
0.2632
0.31410000000000005
0.5546
0.3871
0.30169999999999997
0.2849
0.7759
1.0086
1.5901999999999998
0.9655
0.7354
0.3477
0.23370000000000002
0.2458
0.7173
0.7113
0.6985
0.7028
0.7182
0.788
1.0048
0.9371
0.841
0.7736000000000001
0.7489
0.7474
0.8251
1.1532
1.1598000000000002
0.9335
0.852
0.8383
0.9336
1.0953
0.808
0.6865
0.6505000000000001
0.6973
0.2439
1.5217
0.18969999999999998
0.16360000000000002
0.1566
0.1653
0.1868
0.2357
0.26539999999999997
0.31920000000000004
0.4032
0.7439
0.3745
0.26890000000000003
0.24639999999999998
0.21089999999999998
0.1977
0.2066
0.1835
0.2295
0.2502
0.33299999999999996
0.8285
0.6084
0.1184
0.115
0.1042
0.11
0.11069999999999999
0.13490000000000002
0.1647
0.1766
1.2441
0.1719
0.1899
0.2934
0.8188
0.39590000000000003
0.2513
0.22949999999999998
0.1041
2.3853999999999997
0.4346
0.5023
0.4084
0.2411
0.14629999999999999
0.1432
0.1266
0.1217
0.1207
0.12140000000000001
0.1226
0.1286
0.1394
0.1465
0.12380000000000001
0.1343
0.1233
0.1197
0.12279999999999999
0.12090000000000001
0.12719999999999998
0.12780000000000002
0.1153
0.14889999999999998
0.1476
0.17099999999999999
0.1794
0.1636
0.1522
0.1406
1.7937
2.4215
0.1421
0.38470000000000004
0.3621
0.8150999999999999
0.1635
0.1534
0.15610000000000002
0.1324
0.1122
0.1198
0.1247
0.136
0.1557
0.244
0.1696
0.1656
0.1647
0.1786
0.15910000000000002
0.1598
0.16620000000000001
0.1673
0.9072
0.5057
0.449
0.4237
0.36219999999999997
0.2994
0.2293
0.22999999999999998
0.2237
0.2253
0.2784
0.5388999999999999
0.48250000000000004
0.35929999999999995
0.3751
0.4215
0.6817
1.8774000000000002
1.4047
0.7914
0.7230000000000001
0.7112
0.7322
1.4652
0.3249
0.3164
0.32530000000000003
0.3288
0.3387
0.4002
0.6765
0.7411
0.6314
0.48350000000000004
0.3741
0.3373
0.3469
0.3538
0.381
1.5368
0.503
0.41900000000000004
0.38639999999999997
1.2301
0.9842000000000001
1.1257
1.1756
0.42569999999999997
0.0098
0.03
0.0113
0.0047
0.0
0.1334
0.8445
0.5175
0.0
1.3088000000000002
0.018
0.0224
0.0
0.0
0.0322
0.34140000000000004
0.0361
0.008499999999999999
0.0371
0.0805
0.0135
0.0
0.0
0.0
0.5616
0.541
0.5141
0.47809999999999997
0.4434
0.3448
0.2252
0.8647
0.1834
0.2044
0.2774
0.373
0.3208
0.24769999999999998
0.2369
0.27090000000000003
0.8845
1.4717
0.9470000000000001
1.3837000000000002
0.4317
0.5041
0.5126
0.5176000000000001
0.14479999999999998
2.0002
0.2112
0.31779999999999997
0.1812
0.1278
0.1639
0.2047
0.1727
0.21789999999999998
0.2485
0.3941
0.607
0.5153
0.43420000000000003
0.193
0.1296
0.1101
0.0761
0.043800000000000006
0.0644
0.078
0.10250000000000001
0.09559999999999999
0.0443
0.0438
0.044
0.043800000000000006
0.0464
0.049
0.0436
0.0435
0.0385
0.0446
0.0407
0.0398
0.0409
0.0421
0.041800000000000004
0.0436
0.0347
0.0556
0.052000000000000005
0.0448
0.0465
0.0422
0.0464
0.0548
0.28869999999999996
0.2694
0.2547
0.2395
0.2373
0.2409
0.2487
0.2602
0.732
0.2105
0.2794
0.3591
0.4903
1.5369
1.5724
0.2936
0.3587
0.8918999999999999
0.6875
0.5636
0.4027
0.3113
0.2441
0.2369
0.5641
0.5743
0.5748
0.6234999999999999
0.6072
0.7595000000000001
1.7973000000000001
1.5244
1.2339
0.5432
0.2575
0.1762
0.1755
0.1772
0.2003
0.3274
0.5085999999999999
1.1614
1.4092
1.0659
0.7977000000000001
0.7071000000000001
0.6339
0.5856
0.3249
0.3164
0.32530000000000003
0.3288
0.3387
0.4002
0.6765
0.7411
0.6314
0.48350000000000004
0.3741
0.3373
0.3469
0.3538
0.381
1.5368
0.503
0.41900000000000004
0.38639999999999997
1.2301
0.9842000000000001
1.1257
1.1756
0.42569999999999997
0.0098
0.03
0.0113
0.0047
0.0
0.1334
0.8445
0.5175
0.0
1.3088000000000002
0.018
0.0224
0.0
0.0
0.0322
0.34140000000000004
0.0361
0.008499999999999999
0.0371
0.0805
0.0135
0.0
0.0
0.0
0.5616
0.541
0.5141
0.47809999999999997
0.4434
0.3448
0.2252
0.8647
0.1834
0.2044
0.2774
0.373
0.3208
0.24769999999999998
0.2369
0.27090000000000003
0.8845
1.4717
0.9470000000000001
1.3837000000000002
0.4317
0.5041
0.5126
0.5176000000000001
0.14479999999999998
2.0002
0.2112
0.31779999999999997
0.1812
0.1278
0.1639
0.2047
0.1727
0.21789999999999998
0.2485
0.3941
0.607
0.5153
0.43420000000000003
0.193
0.1296
0.1101
0.0761
0.043800000000000006
0.0644
0.078
0.10250000000000001
0.09559999999999999
0.0443
0.0438
0.044
0.043800000000000006
0.0464
0.049
0.0436
0.0435
0.0385
0.0446
0.0407
0.0398
0.0409
0.0421
0.041800000000000004
0.0436
0.0347
0.0556
0.052000000000000005
0.0448
0.0465
0.0422
0.0464
0.0548
0.28869999999999996
0.2694
0.2547
0.2395
0.2373
0.2409
0.2487
0.2602
0.732
0.2105
0.2794
0.3591
0.4903
1.5369
1.5724
0.2936
0.3587
0.8918999999999999
0.6875
0.5636
0.4027
0.3113
0.2441
0.2369
0.5641
0.5743
0.5748
0.6234999999999999
0.6072
0.7595000000000001
1.7973000000000001
1.5244
1.2339
0.5432
0.2575
0.1762
0.1755
0.1772
0.2003
0.3274
0.5085999999999999
1.1614
1.4092
1.0659
0.7977000000000001
0.7071000000000001
0.6339
0.5856
0.3249
0.3164
0.32530000000000003
0.3288
0.3387
0.4002
0.6765
0.7411
0.6314
0.48350000000000004
0.3741
0.3373
0.3469
0.3538
0.381
1.5368
0.503
0.41900000000000004
0.38639999999999997
1.2301
0.9842000000000001
1.1257
1.1756
0.42569999999999997
0.0098
0.03
0.0113
0.0047
0.0
0.1334
0.8445
0.5175
0.0
1.3088000000000002
0.018
0.0224
0.0
0.0
0.0322
0.34140000000000004
0.0361
0.008499999999999999
0.0371
0.0805
0.0135
0.0
0.0
0.0
0.5616
0.541
0.5141
0.47809999999999997
0.4434
0.3448
0.2252
0.8647
0.1834
0.2044
0.2774
0.373
0.3208
0.24769999999999998
0.2369
0.27090000000000003
0.8845
1.4717
0.9470000000000001
1.3837000000000002
0.4317
0.5041
0.5126
0.5176000000000001
0.14479999999999998
2.0002
0.2112
0.31779999999999997
0.1812
0.1278
0.1639
0.2047
0.1727
0.21789999999999998
0.2485
0.3941
0.607
0.5153
0.43420000000000003
0.193
0.1296
0.1101
0.0761
0.043800000000000006
0.0644
0.078
0.10250000000000001
0.09559999999999999
0.0443
0.0438
0.044
0.043800000000000006
0.0464
0.049
0.0436
0.0435
0.0385
0.0446
0.0407
0.0398
0.0409
0.0421
0.041800000000000004
0.0436
0.0347
0.0556
0.052000000000000005
0.0448
0.0465
0.0422
0.0464
0.0548
0.28869999999999996
0.2694
0.2547
0.2395
0.2373
0.2409
0.2487
0.2602
0.732
0.2105
0.2794
0.3591
0.4903
1.5369
1.5724
0.2936
0.3587
0.8918999999999999
0.6875
0.5636
0.4027
0.3113
0.2441
0.2369
0.5641
0.5743
0.5748
0.6234999999999999
0.6072
0.7595000000000001
1.7973000000000001
1.5244
1.2339
0.5432
0.2575
0.1762
0.1755
0.1772
0.2003
0.3274
0.5085999999999999
1.1614
1.4092
1.0659
0.7977000000000001
0.7071000000000001
0.6339
0.5856
0.3249
0.3164
0.32530000000000003
0.3288
0.3387
0.4002
0.6765
0.7411
0.6314
0.48350000000000004
0.3741
0.3373
0.3469
0.3538
0.381
1.5368
0.503
0.41900000000000004
0.38639999999999997
1.2301
0.9842000000000001
1.1257
1.1756
0.42569999999999997
0.0098
0.03
0.0113
0.0047
0.0
0.1334
0.8445
0.5175
0.0
1.3088000000000002
0.018
0.0224
0.0
0.0
0.0322
0.34140000000000004
0.0361
0.008499999999999999
0.0371
0.0805
0.0135
0.0
0.0
0.0
0.5616
0.541
0.5141
0.47809999999999997
0.4434
0.3448
0.2252
0.8647
0.1834
0.2044
0.2774
0.373
0.3208
0.24769999999999998
0.2369
0.27090000000000003
0.8845
1.4717
0.9470000000000001
1.3837000000000002
0.4317
0.5041
0.5126
0.5176000000000001
0.14479999999999998
2.0002
0.2112
0.31779999999999997
0.1812
0.1278
0.1639
0.2047
0.1727
0.21789999999999998
0.2485
0.3941
0.607
0.5153
0.43420000000000003
0.193
0.1296
0.1101
0.0761
0.043800000000000006
0.0644
0.078
0.10250000000000001
0.09559999999999999
0.0443
0.0438
0.044
0.043800000000000006
0.0464
0.049
0.0436
0.0435
0.0385
0.0446
0.0407
0.0398
0.0409
0.0421
0.041800000000000004
0.0436
0.0347
0.0556
0.052000000000000005
0.0448
0.0465
0.0422
0.0464
0.0548
0.28869999999999996
0.2694
0.2547
0.2395
0.2373
0.2409
0.2487
0.2602
0.732
0.2105
0.2794
0.3591
0.4903
1.5369
1.5724
0.2936
0.3587
0.8918999999999999
0.6875
0.5636
0.4027
0.3113
0.2441
0.2369
0.5641
0.5743
0.5748
0.6234999999999999
0.6072
0.7595000000000001
1.7973000000000001
1.5244
1.2339
0.5432
0.2575
0.1762
0.1755
0.1772
0.2003
0.3274
0.5085999999999999
1.1614
1.4092
1.0659
0.7977000000000001
0.7071000000000001
0.6339
0.5856
0.3249
0.3164
0.32530000000000003
0.3288
0.3387
0.4002
0.6765
0.7411
0.6314
0.48350000000000004
0.3741
0.3373
0.3469
0.3538
0.381
1.5368
0.503
0.41900000000000004
0.38639999999999997
1.2301
0.9842000000000001
1.1257
1.1756
0.42569999999999997
0.0098
0.03
0.0113
0.0047
0.0
0.1334
0.8445
0.5175
0.0
1.3088000000000002
0.018
0.0224
0.0
0.0
0.0322
0.34140000000000004
0.0361
0.008499999999999999
0.0371
0.0805
0.0135
0.0
0.0
0.0
0.5616
0.541
0.5141
0.47809999999999997
0.4434
0.3448
0.2252
0.8647
0.1834
0.2044
0.2774
0.373
0.3208
0.24769999999999998
0.2369
0.27090000000000003
0.8845
1.4717
0.9470000000000001
1.3837000000000002
0.4317
0.5041
0.5126
0.5176000000000001
0.104
0.106
0.0961
0.1032
0.11399999999999999
0.1452
0.202
0.1612
1.4343
0.1575
0.1511
0.8902
1.5982
0.4499
0.2966
0.5503
1.0557
0.5904
0.65
0.6881999999999999
0.5441
0.1945
0.1316
0.12840000000000001
0.1522
0.14150000000000001
0.13069999999999998
0.1353
0.1374
0.12179999999999999
0.13579999999999998
0.7221
0.8451
0.5523
0.0736
0.058399999999999994
0.043899999999999995
0.0381
0.0373
0.0446
1.5312000000000001
1.6169
0.8677
0.3716
0.3983
0.40190000000000003
0.3131
0.22820000000000001
3.3508
2.7192999999999996
0.42869999999999997
0.31479999999999997
0.3183
0.3408
0.3841
0.4082
0.43379999999999996
0.4638
0.516
1.1253
0.8815999999999999
0.49960000000000004
0.46909999999999996
0.4472
0.4334
0.41359999999999997
0.3762
0.4084
0.568
1.093
1.4768
1.6608
0.23520000000000002
3.5385999999999997
1.803
0.1733
0.1248
0.1088
0.1089
0.1154
0.10289999999999999
0.15410000000000001
0.20279999999999998
0.38449999999999995
0.47619999999999996
0.2547
0.2458
0.6016
0.2752
0.15949999999999998
0.1613
0.1628
0.2379
0.3775
0.7707999999999999
0.6482
3.879
3.3601
3.3199
3.2994000000000003
3.2465
3.1727
4.2392
1.3743
1.1645
0.3507
0.3159
0.2175
0.30279999999999996
0.2946
1.5448
2.6438
0.7073
0.7886
0.5999000000000001
0.3599
0.2229
0.1679
0.3296
1.5869
3.2455
3.4214
3.4892
2.0314
0.1002
0.0456
0.7516999999999999
1.0133999999999999
0.8757999999999999
0.6996
0.6113
0.541
0.501
0.42310000000000003
0.7518
1.6791
0.6651
3.4166
2.7211
0.0031
0.0234
0.0
0.0
0.3459
0.2325
0.2822
0.2807
0.2818
0.2587
0.2494
0.3223
0.5524
0.3124
0.27749999999999997
0.3518
0.3266
0.485
0.5148
0.3081
0.3171
0.9073
0.6417
0.8872
1.4117000000000002
0.17149999999999999
0.0017
0.0
0.0026
0.104
0.106
0.0961
0.1032
0.11399999999999999
0.1452
0.202
0.1612
1.4343
0.1575
0.1511
0.8902
1.5982
0.4499
0.2966
0.5503
1.0557
0.5904
0.65
0.6881999999999999
0.5441
0.1945
0.1316
0.12840000000000001
0.1522
0.14150000000000001
0.13069999999999998
0.1353
0.1374
0.12179999999999999
0.13579999999999998
0.7221
0.8451
0.5523
0.0736
0.058399999999999994
0.043899999999999995
0.0381
0.0373
0.0446
1.5312000000000001
1.6169
0.8677
0.3716
0.3983
0.40190000000000003
0.3131
0.22820000000000001
3.3508
2.7192999999999996
0.42869999999999997
0.31479999999999997
0.3183
0.3408
0.3841
0.4082
0.43379999999999996
0.4638
0.516
1.1253
0.8815999999999999
0.49960000000000004
0.46909999999999996
0.4472
0.4334
0.41359999999999997
0.3762
0.4084
0.568
1.093
1.4768
1.6608
0.23520000000000002
3.5385999999999997
1.803
0.1733
0.1248
0.1088
0.1089
0.1154
0.10289999999999999
0.15410000000000001
0.20279999999999998
0.38449999999999995
0.47619999999999996
0.2547
0.2458
0.6016
0.2752
0.15949999999999998
0.1613
0.1628
0.2379
0.3775
0.7707999999999999
0.6482
3.879
3.3601
3.3199
3.2994000000000003
3.2465
3.1727
4.2392
1.3743
1.1645
0.3507
0.3159
0.2175
0.30279999999999996
0.2946
1.5448
2.6438
0.7073
0.7886
0.5999000000000001
0.3599
0.2229
0.1679
0.3296
1.5869
3.2455
3.4214
3.4892
2.0314
0.1002
0.0456
0.7516999999999999
1.0133999999999999
0.8757999999999999
0.6996
0.6113
0.541
0.501
0.42310000000000003
0.7518
1.6791
0.6651
3.4166
2.7211
0.0031
0.0234
0.0
0.0
0.3459
0.2325
0.2822
0.2807
0.2818
0.2587
0.2494
0.3223
0.5524
0.3124
0.27749999999999997
0.3518
0.3266
0.485
0.5148
0.3081
0.3171
0.9073
0.6417
0.8872
1.4117000000000002
0.17149999999999999
0.0017
0.0
0.0026
0.104
0.106
0.0961
0.1032
0.11399999999999999
0.1452
0.202
0.1612
1.4343
0.1575
0.1511
0.8902
1.5982
0.4499
0.2966
0.5503
1.0557
0.5904
0.65
0.6881999999999999
0.5441
0.1945
0.1316
0.12840000000000001
0.1522
0.14150000000000001
0.13069999999999998
0.1353
0.1374
0.12179999999999999
0.13579999999999998
0.7221
0.8451
0.5523
0.0736
0.058399999999999994
0.043899999999999995
0.0381
0.0373
0.0446
1.5312000000000001
1.6169
0.8677
0.3716
0.3983
0.40190000000000003
0.3131
0.22820000000000001
3.3508
2.7192999999999996
0.42869999999999997
0.31479999999999997
0.3183
0.3408
0.3841
0.4082
0.43379999999999996
0.4638
0.516
1.1253
0.8815999999999999
0.49960000000000004
0.46909999999999996
0.4472
0.4334
0.41359999999999997
0.3762
0.4084
0.568
1.093
1.4768
1.6608
0.23520000000000002
3.5385999999999997
1.803
0.1733
0.1248
0.1088
0.1089
0.1154
0.10289999999999999
0.15410000000000001
0.20279999999999998
0.38449999999999995
0.47619999999999996
0.2547
0.2458
0.6016
0.2752
0.15949999999999998
0.1613
0.1628
0.2379
0.3775
0.7707999999999999
0.6482
3.879
3.3601
3.3199
3.2994000000000003
3.2465
3.1727
4.2392
1.3743
1.1645
0.3507
0.3159
0.2175
0.30279999999999996
0.2946
1.5448
2.6438
0.7073
0.7886
0.5999000000000001
0.3599
0.2229
0.1679
0.3296
1.5869
3.2455
3.4214
3.4892
2.0314
0.1002
0.0456
0.7516999999999999
1.0133999999999999
0.8757999999999999
0.6996
0.6113
0.541
0.501
0.42310000000000003
0.7518
1.6791
0.6651
3.4166
2.7211
0.0031
0.0234
0.0
0.0
0.3459
0.2325
0.2822
0.2807
0.2818
0.2587
0.2494
0.3223
0.5524
0.3124
0.27749999999999997
0.3518
0.3266
0.485
0.5148
0.3081
0.3171
0.9073
0.6417
0.8872
1.4117000000000002
0.17149999999999999
0.0017
0.0
0.0026
0.104
0.106
0.0961
0.1032
0.11399999999999999
0.1452
0.202
0.1612
1.4343
0.1575
0.1511
0.8902
1.5982
0.4499
0.2966
0.5503
1.0557
0.5904
0.65
0.6881999999999999
0.5441
0.1945
0.1316
0.12840000000000001
0.1522
0.14150000000000001
0.13069999999999998
0.1353
0.1374
0.12179999999999999
0.13579999999999998
0.7221
0.8451
0.5523
0.0736
0.058399999999999994
0.043899999999999995
0.0381
0.0373
0.0446
1.5312000000000001
1.6169
0.8677
0.3716
0.3983
0.40190000000000003
0.3131
0.22820000000000001
3.3508
2.7192999999999996
0.42869999999999997
0.31479999999999997
0.3183
0.3408
0.3841
0.4082
0.43379999999999996
0.4638
0.516
1.1253
0.8815999999999999
0.49960000000000004
0.46909999999999996
0.4472
0.4334
0.41359999999999997
0.3762
0.4084
0.568
1.093
1.4768
1.6608
0.23520000000000002
3.5385999999999997
1.803
0.1733
0.1248
0.1088
0.1089
0.1154
0.10289999999999999
0.15410000000000001
0.20279999999999998
0.38449999999999995
0.47619999999999996
0.2547
0.2458
0.6016
0.2752
0.15949999999999998
0.1613
0.1628
0.2379
0.3775
0.7707999999999999
0.6482
3.879
3.3601
3.3199
3.2994000000000003
3.2465
3.1727
4.2392
1.3743
1.1645
0.3507
0.3159
0.2175
0.30279999999999996
0.2946
1.5448
2.6438
0.7073
0.7886
0.5999000000000001
0.3599
0.2229
0.1679
0.3296
1.5869
3.2455
3.4214
3.4892
2.0314
0.1002
0.0456
0.7516999999999999
1.0133999999999999
0.8757999999999999
0.6996
0.6113
0.541
0.501
0.42310000000000003
0.7518
1.6791
0.6651
3.4166
2.7211
0.0031
0.0234
0.0
0.0
0.3459
0.2325
0.2822
0.2807
0.2818
0.2587
0.2494
0.3223
0.5524
0.3124
0.27749999999999997
0.3518
0.3266
0.485
0.5148
0.3081
0.3171
0.9073
0.6417
0.8872
1.4117000000000002
0.17149999999999999
0.0017
0.0
0.0026
0.104
0.106
0.0961
0.1032
0.11399999999999999
0.1452
0.202
0.1612
1.4343
0.1575
0.1511
0.8902
1.5982
0.4499
0.2966
0.5503
1.0557
0.5904
0.65
0.6881999999999999
0.5441
0.1945
0.1316
0.12840000000000001
0.1522
0.14150000000000001
0.13069999999999998
0.1353
0.1374
0.12179999999999999
0.13579999999999998
0.7221
0.8451
0.5523
0.0736
0.058399999999999994
0.043899999999999995
0.0381
0.0373
0.0446
1.5312000000000001
1.6169
0.8677
0.3716
0.3983
0.40190000000000003
0.3131
0.22820000000000001
7.748799999999999
3.1765
10.479000000000001
2.2521
0.0042
0.0386
0.0384
0.1492
0.07919999999999999
0.0
0.0
0.0146
0.1054
0.5386
1.1861
1.3355000000000001
0.415
0.3361
0.2738
0.181
0.0659
0.0571
0.0494
3.5996
0.1906
0.184
0.1896
0.19469999999999998
0.19490000000000002
0.3408
0.6695
0.11530000000000001
0.1049
0.1144
0.1145
0.1084
0.12329999999999999
0.1131
0.1815
0.7164
0.2326
1.2603
0.2607
0.2293
0.2026
0.1941
0.163
0.1731
0.12290000000000001
0.1196
0.1184
0.1202
0.11829999999999999
0.1149
0.10439999999999999
0.1092
0.1109
0.1189
0.10969999999999999
0.12530000000000002
0.1194
0.1134
0.1173
0.11080000000000001
0.1084
0.13290000000000002
0.1127
0.11610000000000001
0.1149
0.112
0.1251
0.12940000000000002
5.171799999999999
0.9652000000000001
0.1702
0.1842
0.2119
0.2586
0.2576
0.2631
0.20350000000000001
0.2701
0.45699999999999996
0.33840000000000003
0.3068
0.2768
0.1337
0.0848
0.0955
0.094
0.0741
0.07289999999999999
0.08940000000000001
0.1145
0.1594
0.7983
0.1235
0.1056
0.0842
0.08399999999999999
0.0891
0.08299999999999999
0.0212
2.3654
1.052
0.0211
0.223
0.4042
0.3899
0.3621
1.2109
1.2922
1.5064000000000002
0.7068000000000001
0.3256
0.243
0.085
0.0
0.0006
0.0484
0.381
0.3593
0.3336
0.3248
0.3004
0.2816
0.2893
1.4933999999999998
0.6115999999999999
0.5544
0.5262
0.49229999999999996
0.42110000000000003
0.3951
0.3728
0.3841
0.3419
0.3288
0.3035
0.3557
0.633
0.7644
0.7088
0.5183
0.2635
0.2818
0.2732
0.2624
0.2516
0.3407
0.48429999999999995
0.5741
0.43379999999999996
0.4532
0.48860000000000003
0.483
0.53
0.585
0.5552
0.5657
1.0074
0.8972
1.1372
0.7411
0.5587
0.2277
0.1612
0.19090000000000001
7.748799999999999
3.1765
10.479000000000001
2.2521
0.0042
0.0386
0.0384
0.1492
0.07919999999999999
0.0
0.0
0.0146
0.1054
0.5386
1.1861
1.3355000000000001
0.415
0.3361
0.2738
0.181
0.0659
0.0571
0.0494
3.5996
0.1906
0.184
0.1896
0.19469999999999998
0.19490000000000002
0.3408
0.6695
0.11530000000000001
0.1049
0.1144
0.1145
0.1084
0.12329999999999999
0.1131
0.1815
0.7164
0.2326
1.2603
0.2607
0.2293
0.2026
0.1941
0.163
0.1731
0.12290000000000001
0.1196
0.1184
0.1202
0.11829999999999999
0.1149
0.10439999999999999
0.1092
0.1109
0.1189
0.10969999999999999
0.12530000000000002
0.1194
0.1134
0.1173
0.11080000000000001
0.1084
0.13290000000000002
0.1127
0.11610000000000001
0.1149
0.112
0.1251
0.12940000000000002
5.171799999999999
0.9652000000000001
0.1702
0.1842
0.2119
0.2586
0.2576
0.2631
0.20350000000000001
0.2701
0.45699999999999996
0.33840000000000003
0.3068
0.2768
0.1337
0.0848
0.0955
0.094
0.0741
0.07289999999999999
0.08940000000000001
0.1145
0.1594
0.7983
0.1235
0.1056
0.0842
0.08399999999999999
0.0891
0.08299999999999999
0.0212
2.3654
1.052
0.0211
0.223
0.4042
0.3899
0.3621
1.2109
1.2922
1.5064000000000002
0.7068000000000001
0.3256
0.243
0.085
0.0
0.0006
0.0484
0.381
0.3593
0.3336
0.3248
0.3004
0.2816
0.2893
1.4933999999999998
0.6115999999999999
0.5544
0.5262
0.49229999999999996
0.42110000000000003
0.3951
0.3728
0.3841
0.3419
0.3288
0.3035
0.3557
0.633
0.7644
0.7088
0.5183
0.2635
0.2818
0.2732
0.2624
0.2516
0.3407
0.48429999999999995
0.5741
0.43379999999999996
0.4532
0.48860000000000003
0.483
0.53
0.585
0.5552
0.5657
1.0074
0.8972
1.1372
0.7411
0.5587
0.2277
0.1612
0.19090000000000001
7.748799999999999
3.1765
10.479000000000001
2.2521
0.0042
0.0386
0.0384
0.1492
0.07919999999999999
0.0
0.0
0.0146
0.1054
0.5386
1.1861
1.3355000000000001
0.415
0.3361
0.2738
0.181
0.0659
0.0571
0.0494
3.5996
0.1906
0.184
0.1896
0.19469999999999998
0.19490000000000002
0.3408
0.6695
0.11530000000000001
0.1049
0.1144
0.1145
0.1084
0.12329999999999999
0.1131
0.1815
0.7164
0.2326
1.2603
0.2607
0.2293
0.2026
0.1941
0.163
0.1731
0.12290000000000001
0.1196
0.1184
0.1202
0.11829999999999999
0.1149
0.10439999999999999
0.1092
0.1109
0.1189
0.10969999999999999
0.12530000000000002
0.1194
0.1134
0.1173
0.11080000000000001
0.1084
0.13290000000000002
0.1127
0.11610000000000001
0.1149
0.112
0.1251
0.12940000000000002
5.171799999999999
0.9652000000000001
0.1702
0.1842
0.2119
0.2586
0.2576
0.2631
0.20350000000000001
0.2701
0.45699999999999996
0.33840000000000003
0.3068
0.2768
0.1337
0.0848
0.0955
0.094
0.0741
0.07289999999999999
0.08940000000000001
0.1145
0.1594
0.7983
0.1235
0.1056
0.0842
0.08399999999999999
0.0891
0.08299999999999999
0.0212
2.3654
1.052
0.0211
0.223
0.4042
0.3899
0.3621
1.2109
1.2922
1.5064000000000002
0.7068000000000001
0.3256
0.243
0.085
0.0
0.0006
0.0484
0.381
0.3593
0.3336
0.3248
0.3004
0.2816
0.2893
1.4933999999999998
0.6115999999999999
0.5544
0.5262
0.49229999999999996
0.42110000000000003
0.3951
0.3728
0.3841
0.3419
0.3288
0.3035
0.3557
0.633
0.7644
0.7088
0.5183
0.2635
0.2818
0.2732
0.2624
0.2516
0.3407
0.48429999999999995
0.5741
0.43379999999999996
0.4532
0.48860000000000003
0.483
0.53
0.585
0.5552
0.5657
1.0074
0.8972
1.1372
0.7411
0.5587
0.2277
0.1612
0.19090000000000001
7.748799999999999
3.1765
10.479000000000001
2.2521
0.0042
0.0386
0.0384
0.1492
0.07919999999999999
0.0
0.0
0.0146
0.1054
0.5386
1.1861
1.3355000000000001
0.415
0.3361
0.2738
0.181
0.0659
0.0571
0.0494
3.5996
0.1906
0.184
0.1896
0.19469999999999998
0.19490000000000002
0.3408
0.6695
0.11530000000000001
0.1049
0.1144
0.1145
0.1084
0.12329999999999999
0.1131
0.1815
0.7164
0.2326
1.2603
0.2607
0.2293
0.2026
0.1941
0.163
0.1731
0.12290000000000001
0.1196
0.1184
0.1202
0.11829999999999999
0.1149
0.10439999999999999
0.1092
0.1109
0.1189
0.10969999999999999
0.12530000000000002
0.1194
0.1134
0.1173
0.11080000000000001
0.1084
0.13290000000000002
0.1127
0.11610000000000001
0.1149
0.112
0.1251
0.12940000000000002
5.171799999999999
0.9652000000000001
0.1702
0.1842
0.2119
0.2586
0.2576
0.2631
0.20350000000000001
0.2701
0.45699999999999996
0.33840000000000003
0.3068
0.2768
0.1337
0.0848
0.0955
0.094
0.0741
0.07289999999999999
0.08940000000000001
0.1145
0.1594
0.7983
0.1235
0.1056
0.0842
0.08399999999999999
0.0891
0.08299999999999999
0.0212
2.3654
1.052
0.0211
0.223
0.4042
0.3899
0.3621
1.2109
1.2922
1.5064000000000002
0.7068000000000001
0.3256
0.243
0.085
0.0
0.0006
0.0484
0.381
0.3593
0.3336
0.3248
0.3004
0.2816
0.2893
1.4933999999999998
0.6115999999999999
0.5544
0.5262
0.49229999999999996
0.42110000000000003
0.3951
0.3728
0.3841
0.3419
0.3288
0.3035
0.3557
0.633
0.7644
0.7088
0.5183
0.2635
0.2818
0.2732
0.2624
0.2516
0.3407
0.48429999999999995
0.5741
0.43379999999999996
0.4532
0.48860000000000003
0.483
0.53
0.585
0.5552
0.5657
1.0074
0.8972
1.1372
0.7411
0.5587
0.2277
0.1612
0.19090000000000001
7.748799999999999
3.1765
10.479000000000001
2.2521
0.0042
0.0386
0.0384
0.1492
0.07919999999999999
0.0
0.0
0.0146
0.1054
0.5386
1.1861
1.3355000000000001
0.415
0.3361
0.2738
0.181
0.0659
0.0571
0.0494
3.5996
0.1906
0.184
0.1896
0.19469999999999998
0.19490000000000002
0.3408
0.6695
0.11530000000000001
0.1049
0.1144
0.1145
0.1084
0.12329999999999999
0.1131
0.1815
0.7164
0.2326
1.2603
0.2607
0.2293
0.2026
0.1941
0.163
0.1731
0.12290000000000001
0.1196
0.1184
0.1202
0.11829999999999999
0.1149
0.10439999999999999
0.1092
0.1109
0.1189
0.10969999999999999
0.12530000000000002
0.1194
0.1134
0.1173
0.11080000000000001
0.1084
0.13290000000000002
0.1127
0.11610000000000001
0.1149
0.112
0.1251
0.12940000000000002
0.1817
0.1501
0.1398
0.1341
0.1339
0.10919999999999999
0.0709
0.0576
0.08560000000000001
0.1261
0.1509
0.179
0.1733
0.1247
1.1615
0.38580000000000003
0.7399
0.2206
0.2271
0.4133
0.6408
0.6718
0.43200000000000005
0.2465
3.1879
2.9737999999999998
2.9386
2.0456
0.8678
0.8511
0.7666999999999999
0.3648
0.17209999999999998
0.1021
0.0911
0.0797
0.091
0.0907
0.1336
0.2649
1.9364
3.276
3.5757000000000003
3.3335999999999997
2.8194
2.6688
3.7561999999999998
5.593500000000001
0.0
0.4839
0.4133
0.6367
0.4965
0.1017
0.23070000000000002
0.0994
0.056
0.042499999999999996
0.0299
0.028200000000000003
0.0201
0.026099999999999998
0.0131
0.0135
0.0037
0.0342
0.036699999999999997
0.048600000000000004
0.0183
0.0
0.0021
0.0
0.2967
0.4168
0.36819999999999997
0.2833
0.2508
0.223
0.2249
0.2782
0.1988
0.20879999999999999
0.20079999999999998
0.2226
0.2822
0.3778
0.3661
0.259
0.2281
0.2314
0.2747
0.3234
0.6569999999999999
0.371
0.6102000000000001
1.1599
0.0
0.0
0.0
0.0
0.0
0.0
0.0019
0.0
0.0
0.0079
0.1869
0.2401
0.9027000000000001
2.8758999999999997
0.7304
0.0
0.0
0.0
0.2201
2.2878
0.8637
0.1078
0.0
5.2676
0.8124
1.3268
1.9131
0.8526
0.9639
1.0496
1.0126
1.1699
0.9327000000000001
0.8684000000000001
0.7856000000000001
1.1295
1.2733
0.7484
0.5587
0.4108
0.4066
0.3971
0.4262
0.4438
0.5293000000000001
0.5696
0.6146
0.6924
0.5579000000000001
0.3691
0.7404999999999999
0.3528
0.367
0.2459
0.1295
0.0841
0.1011
0.511
0.11030000000000001
0.0549
0.027499999999999997
0.0119
0.0071
0.0
0.0001
0.0
0.0
0.006
0.0305
0.0422
0.057
0.0923
0.1817
0.1501
0.1398
0.1341
0.1339
0.10919999999999999
0.0709
0.0576
0.08560000000000001
0.1261
0.1509
0.179
0.1733
0.1247
1.1615
0.38580000000000003
0.7399
0.2206
0.2271
0.4133
0.6408
0.6718
0.43200000000000005
0.2465
3.1879
2.9737999999999998
2.9386
2.0456
0.8678
0.8511
0.7666999999999999
0.3648
0.17209999999999998
0.1021
0.0911
0.0797
0.091
0.0907
0.1336
0.2649
1.9364
3.276
3.5757000000000003
3.3335999999999997
2.8194
2.6688
3.7561999999999998
5.593500000000001
0.0
0.4839
0.4133
0.6367
0.4965
0.1017
0.23070000000000002
0.0994
0.056
0.042499999999999996
0.0299
0.028200000000000003
0.0201
0.026099999999999998
0.0131
0.0135
0.0037
0.0342
0.036699999999999997
0.048600000000000004
0.0183
0.0
0.0021
0.0
0.2967
0.4168
0.36819999999999997
0.2833
0.2508
0.223
0.2249
0.2782
0.1988
0.20879999999999999
0.20079999999999998
0.2226
0.2822
0.3778
0.3661
0.259
0.2281
0.2314
0.2747
0.3234
0.6569999999999999
0.371
0.6102000000000001
1.1599
0.0
0.0
0.0
0.0
0.0
0.0
0.0019
0.0
0.0
0.0079
0.1869
0.2401
0.9027000000000001
2.8758999999999997
0.7304
0.0
0.0
0.0
0.2201
2.2878
0.8637
0.1078
0.0
5.2676
0.8124
1.3268
1.9131
0.8526
0.9639
1.0496
1.0126
1.1699
0.9327000000000001
0.8684000000000001
0.7856000000000001
1.1295
1.2733
0.7484
0.5587
0.4108
0.4066
0.3971
0.4262
0.4438
0.5293000000000001
0.5696
0.6146
0.6924
0.5579000000000001
0.3691
0.7404999999999999
0.3528
0.367
0.2459
0.1295
0.0841
0.1011
0.511
0.11030000000000001
0.0549
0.027499999999999997
0.0119
0.0071
0.0
0.0001
0.0
0.0
0.006
0.0305
0.0422
0.057
0.0923
0.1817
0.1501
0.1398
0.1341
0.1339
0.10919999999999999
0.0709
0.0576
0.08560000000000001
0.1261
0.1509
0.179
0.1733
0.1247
1.1615
0.38580000000000003
0.7399
0.2206
0.2271
0.4133
0.6408
0.6718
0.43200000000000005
0.2465
3.1879
2.9737999999999998
2.9386
2.0456
0.8678
0.8511
0.7666999999999999
0.3648
0.17209999999999998
0.1021
0.0911
0.0797
0.091
0.0907
0.1336
0.2649
1.9364
3.276
3.5757000000000003
3.3335999999999997
2.8194
2.6688
3.7561999999999998
5.593500000000001
0.0
0.4839
0.4133
0.6367
0.4965
0.1017
0.23070000000000002
0.0994
0.056
0.042499999999999996
0.0299
0.028200000000000003
0.0201
0.026099999999999998
0.0131
0.0135
0.0037
0.0342
0.036699999999999997
0.048600000000000004
0.0183
0.0
0.0021
0.0
0.2967
0.4168
0.36819999999999997
0.2833
0.2508
0.223
0.2249
0.2782
0.1988
0.20879999999999999
0.20079999999999998
0.2226
0.2822
0.3778
0.3661
0.259
0.2281
0.2314
0.2747
0.3234
0.6569999999999999
0.371
0.6102000000000001
1.1599
0.0
0.0
0.0
0.0
0.0
0.0
0.0019
0.0
0.0
0.0079
0.1869
0.2401
0.9027000000000001
2.8758999999999997
0.7304
0.0
0.0
0.0
0.2201
2.2878
0.8637
0.1078
0.0
5.2676
0.8124
1.3268
1.9131
0.8526
0.9639
1.0496
1.0126
1.1699
0.9327000000000001
0.8684000000000001
0.7856000000000001
1.1295
1.2733
0.7484
0.5587
0.4108
0.4066
0.3971
0.4262
0.4438
0.5293000000000001
0.5696
0.6146
0.6924
0.5579000000000001
0.3691
0.7404999999999999
0.3528
0.367
0.2459
0.1295
0.0841
0.1011
0.511
0.11030000000000001
0.0549
0.027499999999999997
0.0119
0.0071
0.0
0.0001
0.0
0.0
0.006
0.0305
0.0422
0.057
0.0923
0.1817
0.1501
0.1398
0.1341
0.1339
0.10919999999999999
0.0709
0.0576
0.08560000000000001
0.1261
0.1509
0.179
0.1733
0.1247
1.1615
0.38580000000000003
0.7399
0.2206
0.2271
0.4133
0.6408
0.6718
0.43200000000000005
0.2465
3.1879
2.9737999999999998
2.9386
2.0456
0.8678
0.8511
0.7666999999999999
0.3648
0.17209999999999998
0.1021
0.0911
0.0797
0.091
0.0907
0.1336
0.2649
1.9364
3.276
3.5757000000000003
3.3335999999999997
2.8194
2.6688
3.7561999999999998
5.593500000000001
0.0
0.4839
0.4133
0.6367
0.4965
0.1017
0.23070000000000002
0.0994
0.056
0.042499999999999996
0.0299
0.028200000000000003
0.0201
0.026099999999999998
0.0131
0.0135
0.0037
0.0342
0.036699999999999997
0.048600000000000004
0.0183
0.0
0.0021
0.0
0.2967
0.4168
0.36819999999999997
0.2833
0.2508
0.223
0.2249
0.2782
0.1988
0.20879999999999999
0.20079999999999998
0.2226
0.2822
0.3778
0.3661
0.259
0.2281
0.2314
0.2747
0.3234
0.6569999999999999
0.371
0.6102000000000001
1.1599
0.0
0.0
0.0
0.0
0.0
0.0
0.0019
0.0
0.0
0.0079
0.1869
0.2401
0.9027000000000001
2.8758999999999997
0.7304
0.0
0.0
0.0
0.2201
2.2878
0.8637
0.1078
0.0
5.2676
0.8124
1.3268
1.9131
0.8526
0.9639
1.0496
1.0126
1.1699
0.9327000000000001
0.8684000000000001
0.7856000000000001
1.1295
1.2733
0.7484
0.5587
0.4108
0.4066
0.3971
0.4262
0.4438
0.5293000000000001
0.5696
0.6146
0.6924
0.5579000000000001
0.3691
0.7404999999999999
0.3528
0.367
0.2459
0.1295
0.0841
0.1011
0.511
0.11030000000000001
0.0549
0.027499999999999997
0.0119
0.0071
0.0
0.0001
0.0
0.0
0.006
0.0305
0.0422
0.057
0.0923
0.1817
0.1501
0.1398
0.1341
0.1339
0.10919999999999999
0.0709
0.0576
0.08560000000000001
0.1261
0.1509
0.179
0.1733
0.1247
1.1615
0.38580000000000003
0.7399
0.2206
0.2271
0.4133
0.6408
0.6718
0.43200000000000005
0.2465
3.1879
2.9737999999999998
2.9386
2.0456
0.8678
0.8511
0.7666999999999999
0.3648
0.17209999999999998
0.1021
0.0911
0.0797
0.091
0.0907
0.1336
0.2649
1.9364
3.276
3.5757000000000003
3.3335999999999997
2.8194
2.6688
3.7561999999999998
5.593500000000001
0.0
0.4839
0.4133
0.6367
0.4965
0.1017
0.23070000000000002
0.0994
0.056
0.042499999999999996
0.0299
0.028200000000000003
0.0201
0.026099999999999998
0.0131
0.0135
0.0037
0.0342
0.036699999999999997
0.048600000000000004
0.0183
0.0
0.0021
0.0
0.0987
0.0984
0.097
0.1
0.1013
0.1005
0.0916
0.09190000000000001
0.0891
0.079
0.07680000000000001
0.0785
0.0819
0.09359999999999999
0.1056
0.1019
0.0923
0.0992
0.0966
0.095
0.0814
0.0741
0.0842
0.0937
0.2419
0.16599999999999998
0.1718
0.16720000000000002
0.1542
0.1497
0.1926
0.29300000000000004
0.2603
0.27
0.33499999999999996
0.47100000000000003
0.3297
0.26170000000000004
0.2591
0.8563999999999999
1.1857
0.7777000000000001
0.7992999999999999
0.9609
0.8797999999999999
0.4345
0.2636
1.0048000000000001
0.1227
1.959
0.1696
0.1492
0.11660000000000001
0.2283
0.29090000000000005
0.44789999999999996
0.3906
0.38370000000000004
0.33120000000000005
0.4867
0.6958
0.2526
0.1837
0.1022
0.3069
0.1591
0.051699999999999996
0.0496
0.0692
0.0903
1.2411
0.6816
0.2032
0.2181
0.2064
0.20350000000000001
0.2101
0.184
0.2924
0.4937
0.2716
1.4807000000000001
0.2633
0.4248
0.4003
0.3758
0.3438
0.3407
0.3503
0.9601000000000001
0.9861
0.2956
0.2529
0.1989
0.1817
0.1675
1.1571
1.0624
1.0316
0.9508000000000001
0.9598
1.0131999999999999
1.2787000000000002
1.9893999999999998
2.6635
3.1772
3.3457
2.9787
2.2051
1.9803000000000002
8.3858
1.5695000000000001
1.5022
1.5758
1.7887
1.8201
4.4564
4.0712
4.891
3.1091
7.5202
3.2172
0.7324999999999999
0.4505
0.2717
0.3458
0.4333
0.5989
0.5802
0.5744
1.6680000000000001
0.9944999999999999
1.1643
2.4852999999999996
2.6479
0.6560999999999999
0.5526
0.48429999999999995
0.5485
0.6285000000000001
0.4353
0.2045
0.23
6.6305
0.5836
0.262
0.2742
0.21139999999999998
0.13840000000000002
0.1578
0.33120000000000005
0.1367
0.014
0.032
0.20639999999999997
0.0334
0.0237
0.0191
0.0
0.0
0.0
0.0
0.0
0.0458
0.8082
0.0
0.0
0.0
0.0987
0.0984
0.097
0.1
0.1013
0.1005
0.0916
0.09190000000000001
0.0891
0.079
0.07680000000000001
0.0785
0.0819
0.09359999999999999
0.1056
0.1019
0.0923
0.0992
0.0966
0.095
0.0814
0.0741
0.0842
0.0937
0.2419
0.16599999999999998
0.1718
0.16720000000000002
0.1542
0.1497
0.1926
0.29300000000000004
0.2603
0.27
0.33499999999999996
0.47100000000000003
0.3297
0.26170000000000004
0.2591
0.8563999999999999
1.1857
0.7777000000000001
0.7992999999999999
0.9609
0.8797999999999999
0.4345
0.2636
1.0048000000000001
0.1227
1.959
0.1696
0.1492
0.11660000000000001
0.2283
0.29090000000000005
0.44789999999999996
0.3906
0.38370000000000004
0.33120000000000005
0.4867
0.6958
0.2526
0.1837
0.1022
0.3069
0.1591
0.051699999999999996
0.0496
0.0692
0.0903
1.2411
0.6816
0.2032
0.2181
0.2064
0.20350000000000001
0.2101
0.184
0.2924
0.4937
0.2716
1.4807000000000001
0.2633
0.4248
0.4003
0.3758
0.3438
0.3407
0.3503
0.9601000000000001
0.9861
0.2956
0.2529
0.1989
0.1817
0.1675
1.1571
1.0624
1.0316
0.9508000000000001
0.9598
1.0131999999999999
1.2787000000000002
1.9893999999999998
2.6635
3.1772
3.3457
2.9787
2.2051
1.9803000000000002
8.3858
1.5695000000000001
1.5022
1.5758
1.7887
1.8201
4.4564
4.0712
4.891
3.1091
7.5202
3.2172
0.7324999999999999
0.4505
0.2717
0.3458
0.4333
0.5989
0.5802
0.5744
1.6680000000000001
0.9944999999999999
1.1643
2.4852999999999996
2.6479
0.6560999999999999
0.5526
0.48429999999999995
0.5485
0.6285000000000001
0.4353
0.2045
0.23
6.6305
0.5836
0.262
0.2742
0.21139999999999998
0.13840000000000002
0.1578
0.33120000000000005
0.1367
0.014
0.032
0.20639999999999997
0.0334
0.0237
0.0191
0.0
0.0
0.0
0.0
0.0
0.0458
0.8082
0.0
0.0
0.0
0.0987
0.0984
0.097
0.1
0.1013
0.1005
0.0916
0.09190000000000001
0.0891
0.079
0.07680000000000001
0.0785
0.0819
0.09359999999999999
0.1056
0.1019
0.0923
0.0992
0.0966
0.095
0.0814
0.0741
0.0842
0.0937
0.2419
0.16599999999999998
0.1718
0.16720000000000002
0.1542
0.1497
0.1926
0.29300000000000004
0.2603
0.27
0.33499999999999996
0.47100000000000003
0.3297
0.26170000000000004
0.2591
0.8563999999999999
1.1857
0.7777000000000001
0.7992999999999999
0.9609
0.8797999999999999
0.4345
0.2636
1.0048000000000001
0.1227
1.959
0.1696
0.1492
0.11660000000000001
0.2283
0.29090000000000005
0.44789999999999996
0.3906
0.38370000000000004
0.33120000000000005
0.4867
0.6958
0.2526
0.1837
0.1022
0.3069
0.1591
0.051699999999999996
0.0496
0.0692
0.0903
1.2411
0.6816
0.2032
0.2181
0.2064
0.20350000000000001
0.2101
0.184
0.2924
0.4937
0.2716
1.4807000000000001
0.2633
0.4248
0.4003
0.3758
0.3438
0.3407
0.3503
0.9601000000000001
0.9861
0.2956
0.2529
0.1989
0.1817
0.1675
1.1571
1.0624
1.0316
0.9508000000000001
0.9598
1.0131999999999999
1.2787000000000002
1.9893999999999998
2.6635
3.1772
3.3457
2.9787
2.2051
1.9803000000000002
8.3858
1.5695000000000001
1.5022
1.5758
1.7887
1.8201
4.4564
4.0712
4.891
3.1091
7.5202
3.2172
0.7324999999999999
0.4505
0.2717
0.3458
0.4333
0.5989
0.5802
0.5744
1.6680000000000001
0.9944999999999999
1.1643
2.4852999999999996
2.6479
0.6560999999999999
0.5526
0.48429999999999995
0.5485
0.6285000000000001
0.4353
0.2045
0.23
6.6305
0.5836
0.262
0.2742
0.21139999999999998
0.13840000000000002
0.1578
0.33120000000000005
0.1367
0.014
0.032
0.20639999999999997
0.0334
0.0237
0.0191
0.0
0.0
0.0
0.0
0.0
0.0458
0.8082
0.0
0.0
0.0
0.0987
0.0984
0.097
0.1
0.1013
0.1005
0.0916
0.09190000000000001
0.0891
0.079
0.07680000000000001
0.0785
0.0819
0.09359999999999999
0.1056
0.1019
0.0923
0.0992
0.0966
0.095
0.0814
0.0741
0.0842
0.0937
0.2419
0.16599999999999998
0.1718
0.16720000000000002
0.1542
0.1497
0.1926
0.29300000000000004
0.2603
0.27
0.33499999999999996
0.47100000000000003
0.3297
0.26170000000000004
0.2591
0.8563999999999999
1.1857
0.7777000000000001
0.7992999999999999
0.9609
0.8797999999999999
0.4345
0.2636
1.0048000000000001
0.1227
1.959
0.1696
0.1492
0.11660000000000001
0.2283
0.29090000000000005
0.44789999999999996
0.3906
0.38370000000000004
0.33120000000000005
0.4867
0.6958
0.2526
0.1837
0.1022
0.3069
0.1591
0.051699999999999996
0.0496
0.0692
0.0903
1.2411
0.6816
0.2032
0.2181
0.2064
0.20350000000000001
0.2101
0.184
0.2924
0.4937
0.2716
1.4807000000000001
0.2633
0.4248
0.4003
0.3758
0.3438
0.3407
0.3503
0.9601000000000001
0.9861
0.2956
0.2529
0.1989
0.1817
0.1675
1.1571
1.0624
1.0316
0.9508000000000001
0.9598
1.0131999999999999
1.2787000000000002
1.9893999999999998
2.6635
3.1772
3.3457
2.9787
2.2051
1.9803000000000002
8.3858
1.5695000000000001
1.5022
1.5758
1.7887
1.8201
4.4564
4.0712
4.891
3.1091
7.5202
3.2172
0.7324999999999999
0.4505
0.2717
0.3458
0.4333
0.5989
0.5802
0.5744
1.6680000000000001
0.9944999999999999
1.1643
2.4852999999999996
2.6479
0.6560999999999999
0.5526
0.48429999999999995
0.5485
0.6285000000000001
0.4353
0.2045
0.23
6.6305
0.5836
0.262
0.2742
0.21139999999999998
0.13840000000000002
0.1578
0.33120000000000005
0.1367
0.014
0.032
0.20639999999999997
0.0334
0.0237
0.0191
0.0
0.0
0.0
0.0
0.0
0.0458
0.8082
0.0
0.0
0.0
0.0987
0.0984
0.097
0.1
0.1013
0.1005
0.0916
0.09190000000000001
0.0891
0.079
0.07680000000000001
0.0785
0.0819
0.09359999999999999
0.1056
0.1019
0.0923
0.0992
0.0966
0.095
0.0814
0.0741
0.0842
0.0937
0.2419
0.16599999999999998
0.1718
0.16720000000000002
0.1542
0.1497
0.1926
0.29300000000000004
0.2603
0.27
0.33499999999999996
0.47100000000000003
0.3297
0.26170000000000004
0.2591
0.8563999999999999
1.1857
0.7777000000000001
0.7992999999999999
0.9609
0.8797999999999999
0.4345
0.2636
1.0048000000000001
1.7104
0.2697
0.2516
0.2429
0.2454
0.2964
0.5113
0.6942
0.42469999999999997
0.3084
0.2836
0.2768
0.2783
0.27880000000000005
0.2901
0.3254
0.41859999999999997
1.5516
0.5729
0.5769
0.6052
0.7863
0.923
0.6964
0.13690000000000002
0.13540000000000002
0.13019999999999998
0.1291
0.12680000000000002
0.1347
0.1491
0.1644
0.2224
0.2908
0.4093
0.5185
0.5101
1.2666
0.6053
0.1774
0.1404
0.13090000000000002
0.2793
0.1684
0.13799999999999998
0.1053
0.1317
2.2011000000000003
0.1655
0.1377
0.1779
0.09309999999999999
1.6123
0.1764
0.2112
0.1765
0.164
0.14639999999999997
0.18209999999999998
0.1684
0.17959999999999998
0.3
1.3981
0.1669
0.0862
1.3181
0.8632
0.10969999999999999
0.0
0.0
0.0
0.0
1.8002
1.4504000000000001
1.4735
1.4242
0.1519
0.6926
0.4599
0.0042
0.04
0.048799999999999996
0.0446
0.0308
0.0424
0.036199999999999996
0.10719999999999999
0.2177
1.1703000000000001
0.4921
0.26639999999999997
0.2887
0.1875
0.0829
0.0446
0.3619
0.7842
0.95
1.0798
0.35219999999999996
0.3619
0.4413
0.6776
0.8871
0.7589
0.6951
0.6557999999999999
0.6347
0.67
0.6733
0.7113
0.7808999999999999
0.7369
0.7719
1.2762
1.7189999999999999
0.8709
0.75
0.5769
1.1583999999999999
0.0775
0.1058
0.0955
0.0974
0.1005
0.0625
0.2703
1.1364
1.4919
1.5711
0.4325
0.5992999999999999
0.5589
0.5811
0.7152000000000001
0.433
0.3181
0.272
0.3204
1.5356
0.0
0.045799999999999993
0.0268
0.0143
0.3813
0.3301
0.3347
0.3157
0.3348
0.4803
0.8468
0.4046
0.2746
0.20729999999999998
0.17809999999999998
0.1829
0.2079
0.4476
1.0098
0.4756
0.901
2.5326
1.4823
0.6907
1.5859999999999999
0.2802
0.21610000000000001
0.23149999999999998
1.7104
0.2697
0.2516
0.2429
0.2454
0.2964
0.5113
0.6942
0.42469999999999997
0.3084
0.2836
0.2768
0.2783
0.27880000000000005
0.2901
0.3254
0.41859999999999997
1.5516
0.5729
0.5769
0.6052
0.7863
0.923
0.6964
0.13690000000000002
0.13540000000000002
0.13019999999999998
0.1291
0.12680000000000002
0.1347
0.1491
0.1644
0.2224
0.2908
0.4093
0.5185
0.5101
1.2666
0.6053
0.1774
0.1404
0.13090000000000002
0.2793
0.1684
0.13799999999999998
0.1053
0.1317
2.2011000000000003
0.1655
0.1377
0.1779
0.09309999999999999
1.6123
0.1764
0.2112
0.1765
0.164
0.14639999999999997
0.18209999999999998
0.1684
0.17959999999999998
0.3
1.3981
0.1669
0.0862
1.3181
0.8632
0.10969999999999999
0.0
0.0
0.0
0.0
1.8002
1.4504000000000001
1.4735
1.4242
0.1519
0.6926
0.4599
0.0042
0.04
0.048799999999999996
0.0446
0.0308
0.0424
0.036199999999999996
0.10719999999999999
0.2177
1.1703000000000001
0.4921
0.26639999999999997
0.2887
0.1875
0.0829
0.0446
0.3619
0.7842
0.95
1.0798
0.35219999999999996
0.3619
0.4413
0.6776
0.8871
0.7589
0.6951
0.6557999999999999
0.6347
0.67
0.6733
0.7113
0.7808999999999999
0.7369
0.7719
1.2762
1.7189999999999999
0.8709
0.75
0.5769
1.1583999999999999
0.0775
0.1058
0.0955
0.0974
0.1005
0.0625
0.2703
1.1364
1.4919
1.5711
0.4325
0.5992999999999999
0.5589
0.5811
0.7152000000000001
0.433
0.3181
0.272
0.3204
1.5356
0.0
0.045799999999999993
0.0268
0.0143
0.3813
0.3301
0.3347
0.3157
0.3348
0.4803
0.8468
0.4046
0.2746
0.20729999999999998
0.17809999999999998
0.1829
0.2079
0.4476
1.0098
0.4756
0.901
2.5326
1.4823
0.6907
1.5859999999999999
0.2802
0.21610000000000001
0.23149999999999998
1.7104
0.2697
0.2516
0.2429
0.2454
0.2964
0.5113
0.6942
0.42469999999999997
0.3084
0.2836
0.2768
0.2783
0.27880000000000005
0.2901
0.3254
0.41859999999999997
1.5516
0.5729
0.5769
0.6052
0.7863
0.923
0.6964
0.13690000000000002
0.13540000000000002
0.13019999999999998
0.1291
0.12680000000000002
0.1347
0.1491
0.1644
0.2224
0.2908
0.4093
0.5185
0.5101
1.2666
0.6053
0.1774
0.1404
0.13090000000000002
0.2793
0.1684
0.13799999999999998
0.1053
0.1317
2.2011000000000003
0.1655
0.1377
0.1779
0.09309999999999999
1.6123
0.1764
0.2112
0.1765
0.164
0.14639999999999997
0.18209999999999998
0.1684
0.17959999999999998
0.3
1.3981
0.1669
0.0862
1.3181
0.8632
0.10969999999999999
0.0
0.0
0.0
0.0
1.8002
1.4504000000000001
1.4735
1.4242
0.1519
0.6926
0.4599
0.0042
0.04
0.048799999999999996
0.0446
0.0308
0.0424
0.036199999999999996
0.10719999999999999
0.2177
1.1703000000000001
0.4921
0.26639999999999997
0.2887
0.1875
0.0829
0.0446
0.3619
0.7842
0.95
1.0798
0.35219999999999996
0.3619
0.4413
0.6776
0.8871
0.7589
0.6951
0.6557999999999999
0.6347
0.67
0.6733
0.7113
0.7808999999999999
0.7369
0.7719
1.2762
1.7189999999999999
0.8709
0.75
0.5769
1.1583999999999999
0.0775
0.1058
0.0955
0.0974
0.1005
0.0625
0.2703
1.1364
1.4919
1.5711
0.4325
0.5992999999999999
0.5589
0.5811
0.7152000000000001
0.433
0.3181
0.272
0.3204
1.5356
0.0
0.045799999999999993
0.0268
0.0143
0.3813
0.3301
0.3347
0.3157
0.3348
0.4803
0.8468
0.4046
0.2746
0.20729999999999998
0.17809999999999998
0.1829
0.2079
0.4476
1.0098
0.4756
0.901
2.5326
1.4823
0.6907
1.5859999999999999
0.2802
0.21610000000000001
0.23149999999999998
1.7104
0.2697
0.2516
0.2429
0.2454
0.2964
0.5113
0.6942
0.42469999999999997
0.3084
0.2836
0.2768
0.2783
0.27880000000000005
0.2901
0.3254
0.41859999999999997
1.5516
0.5729
0.5769
0.6052
0.7863
0.923
0.6964
0.13690000000000002
0.13540000000000002
0.13019999999999998
0.1291
0.12680000000000002
0.1347
0.1491
0.1644
0.2224
0.2908
0.4093
0.5185
0.5101
1.2666
0.6053
0.1774
0.1404
0.13090000000000002
0.2793
0.1684
0.13799999999999998
0.1053
0.1317
2.2011000000000003
0.1655
0.1377
0.1779
0.09309999999999999
1.6123
0.1764
0.2112
0.1765
0.164
0.14639999999999997
0.18209999999999998
0.1684
0.17959999999999998
0.3
1.3981
0.1669
0.0862
1.3181
0.8632
0.10969999999999999
0.0
0.0
0.0
0.0
1.8002
1.4504000000000001
1.4735
1.4242
0.1519
0.6926
0.4599
0.0042
0.04
0.048799999999999996
0.0446
0.0308
0.0424
0.036199999999999996
0.10719999999999999
0.2177
1.1703000000000001
0.4921
0.26639999999999997
0.2887
0.1875
0.0829
0.0446
0.3619
0.7842
0.95
1.0798
0.35219999999999996
0.3619
0.4413
0.6776
0.8871
0.7589
0.6951
0.6557999999999999
0.6347
0.67
0.6733
0.7113
0.7808999999999999
0.7369
0.7719
1.2762
1.7189999999999999
0.8709
0.75
0.5769
1.1583999999999999
0.0775
0.1058
0.0955
0.0974
0.1005
0.0625
0.2703
1.1364
1.4919
1.5711
0.4325
0.5992999999999999
0.5589
0.5811
0.7152000000000001
0.433
0.3181
0.272
0.3204
1.5356
0.0
0.045799999999999993
0.0268
0.0143
0.3813
0.3301
0.3347
0.3157
0.3348
0.4803
0.8468
0.4046
0.2746
0.20729999999999998
0.17809999999999998
0.1829
0.2079
0.4476
1.0098
0.4756
0.901
2.5326
1.4823
0.6907
1.5859999999999999
0.2802
0.21610000000000001
0.23149999999999998
1.7104
0.2697
0.2516
0.2429
0.2454
0.2964
0.5113
0.6942
0.42469999999999997
0.3084
0.2836
0.2768
0.2783
0.27880000000000005
0.2901
0.3254
0.41859999999999997
1.5516
0.5729
0.5769
0.6052
0.7863
0.923
0.6964
0.13690000000000002
0.13540000000000002
0.13019999999999998
0.1291
0.12680000000000002
0.1347
0.1491
0.1644
0.2224
0.2908
0.4093
0.5185
0.5101
1.2666
0.6053
0.1774
0.1404
0.13090000000000002
0.2793
0.1684
0.13799999999999998
0.1053
0.1317
2.2011000000000003
0.1655
0.1377
0.1779
0.09309999999999999
1.6123
0.1764
0.2112
0.1765
0.164
0.14639999999999997
0.18209999999999998
0.1684
0.17959999999999998
0.3
1.3981
0.1669
0.0862
1.3181
0.8632
0.10969999999999999
0.0
0.0
0.0
0.0
2.6106
2.7369000000000003
0.197
0.1607
0.1862
0.2192
0.307
0.9667000000000001
0.536
0.2955
0.2235
0.202
0.1987
0.2022
0.2273
0.5383
0.9758
0.6992
0.6528
0.6481
0.7175
0.7167
0.5740000000000001
0.8377
0.2563
0.26649999999999996
0.2704
0.2594
0.2572
0.31779999999999997
0.48109999999999997
0.5389999999999999
0.332
0.30379999999999996
0.8108
0.6629
0.4314
0.45730000000000004
0.4233
0.39680000000000004
0.4253
0.5091
1.7995
0.8515999999999999
0.3108
0.26
0.25329999999999997
0.2308
0.1911
0.1765
0.153
0.1399
0.1441
0.14629999999999999
0.1558
0.13069999999999998
0.2076
0.2486
0.31
0.391
0.4939
0.5203
2.1657
1.1989999999999998
2.3395
1.3431000000000002
0.692
0.609
0.6204000000000001
0.6178999999999999
0.5468
1.2706
0.0
0.0
0.0
0.0
0.0
0.0
0.0
0.0126
0.0
0.0
0.0368
0.2477
0.0423
2.3489999999999998
0.986
0.0
0.0
0.0
0.0
3.3861000000000003
2.9385
9.0728
4.7448
0.9512
0.3769
0.4112
0.3886
0.3879
0.3634
0.35009999999999997
0.357
3.5449
0.7770999999999999
0.0505
0.3198
0.4699
0.4128
0.3109
1.972
0.2019
0.0232
0.076
1.71
0.49429999999999996
0.0
0.0
0.0
0.0
0.1046
0.1048
0.0944
0.0979
0.0888
0.07
0.7774
0.6021
0.0844
0.1437
0.1815
0.2197
0.1747
0.139
0.13390000000000002
0.133
0.1026
1.1429
0.1889
0.3372
0.4151
0.3674
0.2385
0.1533
0.384
0.3634
0.3496
0.31479999999999997
0.3084
0.2534
0.318
0.9007999999999999
0.22190000000000001
0.2913
0.3494
0.48729999999999996
0.2706
0.2091
0.2006
0.307
0.8758
0.7331000000000001
0.9365
0.6631
0.6577999999999999
0.6593
0.8186
0.661
2.6106
2.7369000000000003
0.197
0.1607
0.1862
0.2192
0.307
0.9667000000000001
0.536
0.2955
0.2235
0.202
0.1987
0.2022
0.2273
0.5383
0.9758
0.6992
0.6528
0.6481
0.7175
0.7167
0.5740000000000001
0.8377
0.2563
0.26649999999999996
0.2704
0.2594
0.2572
0.31779999999999997
0.48109999999999997
0.5389999999999999
0.332
0.30379999999999996
0.8108
0.6629
0.4314
0.45730000000000004
0.4233
0.39680000000000004
0.4253
0.5091
1.7995
0.8515999999999999
0.3108
0.26
0.25329999999999997
0.2308
0.1911
0.1765
0.153
0.1399
0.1441
0.14629999999999999
0.1558
0.13069999999999998
0.2076
0.2486
0.31
0.391
0.4939
0.5203
2.1657
1.1989999999999998
2.3395
1.3431000000000002
0.692
0.609
0.6204000000000001
0.6178999999999999
0.5468
1.2706
0.0
0.0
0.0
0.0
0.0
0.0
0.0
0.0126
0.0
0.0
0.0368
0.2477
0.0423
2.3489999999999998
0.986
0.0
0.0
0.0
0.0
3.3861000000000003
2.9385
9.0728
4.7448
0.9512
0.3769
0.4112
0.3886
0.3879
0.3634
0.35009999999999997
0.357
3.5449
0.7770999999999999
0.0505
0.3198
0.4699
0.4128
0.3109
1.972
0.2019
0.0232
0.076
1.71
0.49429999999999996
0.0
0.0
0.0
0.0
0.1046
0.1048
0.0944
0.0979
0.0888
0.07
0.7774
0.6021
0.0844
0.1437
0.1815
0.2197
0.1747
0.139
0.13390000000000002
0.133
0.1026
1.1429
0.1889
0.3372
0.4151
0.3674
0.2385
0.1533
0.384
0.3634
0.3496
0.31479999999999997
0.3084
0.2534
0.318
0.9007999999999999
0.22190000000000001
0.2913
0.3494
0.48729999999999996
0.2706
0.2091
0.2006
0.307
0.8758
0.7331000000000001
0.9365
0.6631
0.6577999999999999
0.6593
0.8186
0.661
2.6106
2.7369000000000003
0.197
0.1607
0.1862
0.2192
0.307
0.9667000000000001
0.536
0.2955
0.2235
0.202
0.1987
0.2022
0.2273
0.5383
0.9758
0.6992
0.6528
0.6481
0.7175
0.7167
0.5740000000000001
0.8377
0.2563
0.26649999999999996
0.2704
0.2594
0.2572
0.31779999999999997
0.48109999999999997
0.5389999999999999
0.332
0.30379999999999996
0.8108
0.6629
0.4314
0.45730000000000004
0.4233
0.39680000000000004
0.4253
0.5091
1.7995
0.8515999999999999
0.3108
0.26
0.25329999999999997
0.2308
0.1911
0.1765
0.153
0.1399
0.1441
0.14629999999999999
0.1558
0.13069999999999998
0.2076
0.2486
0.31
0.391
0.4939
0.5203
2.1657
1.1989999999999998
2.3395
1.3431000000000002
0.692
0.609
0.6204000000000001
0.6178999999999999
0.5468
1.2706
0.0
0.0
0.0
0.0
0.0
0.0
0.0
0.0126
0.0
0.0
0.0368
0.2477
0.0423
2.3489999999999998
0.986
0.0
0.0
0.0
0.0
3.3861000000000003
2.9385
9.0728
4.7448
0.9512
0.3769
0.4112
0.3886
0.3879
0.3634
0.35009999999999997
0.357
3.5449
0.7770999999999999
0.0505
0.3198
0.4699
0.4128
0.3109
1.972
0.2019
0.0232
0.076
1.71
0.49429999999999996
0.0
0.0
0.0
0.0
0.1046
0.1048
0.0944
0.0979
0.0888
0.07
0.7774
0.6021
0.0844
0.1437
0.1815
0.2197
0.1747
0.139
0.13390000000000002
0.133
0.1026
1.1429
0.1889
0.3372
0.4151
0.3674
0.2385
0.1533
0.384
0.3634
0.3496
0.31479999999999997
0.3084
0.2534
0.318
0.9007999999999999
0.22190000000000001
0.2913
0.3494
0.48729999999999996
0.2706
0.2091
0.2006
0.307
0.8758
0.7331000000000001
0.9365
0.6631
0.6577999999999999
0.6593
0.8186
0.661
2.6106
2.7369000000000003
0.197
0.1607
0.1862
0.2192
0.307
0.9667000000000001
0.536
0.2955
0.2235
0.202
0.1987
0.2022
0.2273
0.5383
0.9758
0.6992
0.6528
0.6481
0.7175
0.7167
0.5740000000000001
0.8377
0.2563
0.26649999999999996
0.2704
0.2594
0.2572
0.31779999999999997
0.48109999999999997
0.5389999999999999
0.332
0.30379999999999996
0.8108
0.6629
0.4314
0.45730000000000004
0.4233
0.39680000000000004
0.4253
0.5091
1.7995
0.8515999999999999
0.3108
0.26
0.25329999999999997
0.2308
0.1911
0.1765
0.153
0.1399
0.1441
0.14629999999999999
0.1558
0.13069999999999998
0.2076
0.2486
0.31
0.391
0.4939
0.5203
2.1657
1.1989999999999998
2.3395
1.3431000000000002
0.692
0.609
0.6204000000000001
0.6178999999999999
0.5468
1.2706
0.0
0.0
0.0
0.0
0.0
0.0
0.0
0.0126
0.0
0.0
0.0368
0.2477
0.0423
2.3489999999999998
0.986
0.0
0.0
0.0
0.0
3.3861000000000003
2.9385
9.0728
4.7448
0.9512
0.3769
0.4112
0.3886
0.3879
0.3634
0.35009999999999997
0.357
3.5449
0.7770999999999999
0.0505
0.3198
0.4699
0.4128
0.3109
1.972
0.2019
0.0232
0.076
1.71
0.49429999999999996
0.0
0.0
0.0
0.0
0.1046
0.1048
0.0944
0.0979
0.0888
0.07
0.7774
0.6021
0.0844
0.1437
0.1815
0.2197
0.1747
0.139
0.13390000000000002
0.133
0.1026
1.1429
0.1889
0.3372
0.4151
0.3674
0.2385
0.1533
0.384
0.3634
0.3496
0.31479999999999997
0.3084
0.2534
0.318
0.9007999999999999
0.22190000000000001
0.2913
0.3494
0.48729999999999996
0.2706
0.2091
0.2006
0.307
0.8758
0.7331000000000001
0.9365
0.6631
0.6577999999999999
0.6593
0.8186
0.661
2.6106
2.7369000000000003
0.197
0.1607
0.1862
0.2192
0.307
0.9667000000000001
0.536
0.2955
0.2235
0.202
0.1987
0.2022
0.2273
0.5383
0.9758
0.6992
0.6528
0.6481
0.7175
0.7167
0.5740000000000001
0.8377
0.2563
0.26649999999999996
0.2704
0.2594
0.2572
0.31779999999999997
0.48109999999999997
0.5389999999999999
0.332
0.30379999999999996
0.8108
0.6629
0.4314
0.45730000000000004
0.4233
0.39680000000000004
0.4253
0.5091
1.7995
0.8515999999999999
0.3108
0.26
0.25329999999999997
0.2308
0.212
0.1867
0.18259999999999998
0.17859999999999998
0.1789
0.1809
0.2285
0.7036
0.6922999999999999
0.6632
0.5583
0.41400000000000003
0.2615
0.217
0.1977
0.193
0.21939999999999998
0.22110000000000002
1.0674
0.4773
0.5948
0.5942000000000001
0.44520000000000004
1.6006
0.2298
0.2018
0.1881
0.1881
0.18680000000000002
0.19030000000000002
0.2002
0.181
0.2013
0.2728
0.2754
0.345
0.6873
0.378
0.2666
0.2349
0.4942
0.7108
1.6038000000000001
0.5418000000000001
0.9386000000000001
0.98
0.704
0.3634
0.5139
0.6379
0.2181
0.1835
0.1915
0.1955
0.2203
0.21860000000000002
0.1763
0.1485
0.14479999999999998
0.13840000000000002
0.1492
0.181
0.6654
0.47320000000000007
0.405
1.1568
0.5804
0.3811
0.3902
0.42190000000000005
0.4523
0.5975
0.0901
0.0907
0.086
0.0927
0.0786
0.0849
0.1623
1.1929
2.6797
0.4292
0.5002
0.2859
0.27449999999999997
0.2252
0.188
0.2049
1.2012
0.2595
0.3038
0.3655
0.3343
0.1977
0.1134
0.1111
0.7866
0.276
0.2249
0.235
0.25670000000000004
0.3742
0.368
0.3257
0.2899
0.2825
0.2618
0.261
0.33089999999999997
0.5585
0.40790000000000004
0.2897
0.2614
0.9496
0.2867
0.3092
0.3218
0.3974
1.5083
2.4411
0.4595
0.4446
0.4577
0.478
0.4541
0.4625
0.7274
1.2277
1.1059999999999999
0.8203
0.2842
0.0109
0.0221
0.0264
0.0358
0.0683
0.1054
0.2581
0.707
0.3732
0.3729
0.48030000000000006
0.8913
0.872
0.3658
0.3446
0.32020000000000004
0.3054
0.29610000000000003
0.29100000000000004
0.28490000000000004
0.5226
0.23220000000000002
0.20279999999999998
0.2314
0.2693
0.3427
0.3942
0.3571
0.37070000000000003
0.4242
0.659
1.3886
1.0476
1.3094
0.7727999999999999
0.6986
0.5319
0.212
0.1867
0.18259999999999998
0.17859999999999998
0.1789
0.1809
0.2285
0.7036
0.6922999999999999
0.6632
0.5583
0.41400000000000003
0.2615
0.217
0.1977
0.193
0.21939999999999998
0.22110000000000002
1.0674
0.4773
0.5948
0.5942000000000001
0.44520000000000004
1.6006
0.2298
0.2018
0.1881
0.1881
0.18680000000000002
0.19030000000000002
0.2002
0.181
0.2013
0.2728
0.2754
0.345
0.6873
0.378
0.2666
0.2349
0.4942
0.7108
1.6038000000000001
0.5418000000000001
0.9386000000000001
0.98
0.704
0.3634
0.5139
0.6379
0.2181
0.1835
0.1915
0.1955
0.2203
0.21860000000000002
0.1763
0.1485
0.14479999999999998
0.13840000000000002
0.1492
0.181
0.6654
0.47320000000000007
0.405
1.1568
0.5804
0.3811
0.3902
0.42190000000000005
0.4523
0.5975
0.0901
0.0907
0.086
0.0927
0.0786
0.0849
0.1623
1.1929
2.6797
0.4292
0.5002
0.2859
0.27449999999999997
0.2252
0.188
0.2049
1.2012
0.2595
0.3038
0.3655
0.3343
0.1977
0.1134
0.1111
0.7866
0.276
0.2249
0.235
0.25670000000000004
0.3742
0.368
0.3257
0.2899
0.2825
0.2618
0.261
0.33089999999999997
0.5585
0.40790000000000004
0.2897
0.2614
0.9496
0.2867
0.3092
0.3218
0.3974
1.5083
2.4411
0.4595
0.4446
0.4577
0.478
0.4541
0.4625
0.7274
1.2277
1.1059999999999999
0.8203
0.2842
0.0109
0.0221
0.0264
0.0358
0.0683
0.1054
0.2581
0.707
0.3732
0.3729
0.48030000000000006
0.8913
0.872
0.3658
0.3446
0.32020000000000004
0.3054
0.29610000000000003
0.29100000000000004
0.28490000000000004
0.5226
0.23220000000000002
0.20279999999999998
0.2314
0.2693
0.3427
0.3942
0.3571
0.37070000000000003
0.4242
0.659
1.3886
1.0476
1.3094
0.7727999999999999
0.6986
0.5319
0.212
0.1867
0.18259999999999998
0.17859999999999998
0.1789
0.1809
0.2285
0.7036
0.6922999999999999
0.6632
0.5583
0.41400000000000003
0.2615
0.217
0.1977
0.193
0.21939999999999998
0.22110000000000002
1.0674
0.4773
0.5948
0.5942000000000001
0.44520000000000004
1.6006
0.2298
0.2018
0.1881
0.1881
0.18680000000000002
0.19030000000000002
0.2002
0.181
0.2013
0.2728
0.2754
0.345
0.6873
0.378
0.2666
0.2349
0.4942
0.7108
1.6038000000000001
0.5418000000000001
0.9386000000000001
0.98
0.704
0.3634
0.5139
0.6379
0.2181
0.1835
0.1915
0.1955
0.2203
0.21860000000000002
0.1763
0.1485
0.14479999999999998
0.13840000000000002
0.1492
0.181
0.6654
0.47320000000000007
0.405
1.1568
0.5804
0.3811
0.3902
0.42190000000000005
0.4523
0.5975
0.0901
0.0907
0.086
0.0927
0.0786
0.0849
0.1623
1.1929
2.6797
0.4292
0.5002
0.2859
0.27449999999999997
0.2252
0.188
0.2049
1.2012
0.2595
0.3038
0.3655
0.3343
0.1977
0.1134
0.1111
0.7866
0.276
0.2249
0.235
0.25670000000000004
0.3742
0.368
0.3257
0.2899
0.2825
0.2618
0.261
0.33089999999999997
0.5585
0.40790000000000004
0.2897
0.2614
0.9496
0.2867
0.3092
0.3218
0.3974
1.5083
2.4411
0.4595
0.4446
0.4577
0.478
0.4541
0.4625
0.7274
1.2277
1.1059999999999999
0.8203
0.2842
0.0109
0.0221
0.0264
0.0358
0.0683
0.1054
0.2581
0.707
0.3732
0.3729
0.48030000000000006
0.8913
0.872
0.3658
0.3446
0.32020000000000004
0.3054
0.29610000000000003
0.29100000000000004
0.28490000000000004
0.5226
0.23220000000000002
0.20279999999999998
0.2314
0.2693
0.3427
0.3942
0.3571
0.37070000000000003
0.4242
0.659
1.3886
1.0476
1.3094
0.7727999999999999
0.6986
0.5319
0.212
0.1867
0.18259999999999998
0.17859999999999998
0.1789
0.1809
0.2285
0.7036
0.6922999999999999
0.6632
0.5583
0.41400000000000003
0.2615
0.217
0.1977
0.193
0.21939999999999998
0.22110000000000002
1.0674
0.4773
0.5948
0.5942000000000001
0.44520000000000004
1.6006
0.2298
0.2018
0.1881
0.1881
0.18680000000000002
0.19030000000000002
0.2002
0.181
0.2013
0.2728
0.2754
0.345
0.6873
0.378
0.2666
0.2349
0.4942
0.7108
1.6038000000000001
0.5418000000000001
0.9386000000000001
0.98
0.704
0.3634
0.5139
0.6379
0.2181
0.1835
0.1915
0.1955
0.2203
0.21860000000000002
0.1763
0.1485
0.14479999999999998
0.13840000000000002
0.1492
0.181
0.6654
0.47320000000000007
0.405
1.1568
0.5804
0.3811
0.3902
0.42190000000000005
0.4523
0.5975
0.0901
0.0907
0.086
0.0927
0.0786
0.0849
0.1623
1.1929
2.6797
0.4292
0.5002
0.2859
0.27449999999999997
0.2252
0.188
0.2049
1.2012
0.2595
0.3038
0.3655
0.3343
0.1977
0.1134
0.1111
0.7866
0.276
0.2249
0.235
0.25670000000000004
0.3742
0.368
0.3257
0.2899
0.2825
0.2618
0.261
0.33089999999999997
0.5585
0.40790000000000004
0.2897
0.2614
0.9496
0.2867
0.3092
0.3218
0.3974
1.5083
2.4411
0.4595
0.4446
0.4577
0.478
0.4541
0.4625
0.7274
1.2277
1.1059999999999999
0.8203
0.2842
0.0109
0.0221
0.0264
0.0358
0.0683
0.1054
0.2581
0.707
0.3732
0.3729
0.48030000000000006
0.8913
0.872
0.3658
0.3446
0.32020000000000004
0.3054
0.29610000000000003
0.29100000000000004
0.28490000000000004
0.5226
0.23220000000000002
0.20279999999999998
0.2314
0.2693
0.3427
0.3942
0.3571
0.37070000000000003
0.4242
0.659
1.3886
1.0476
1.3094
0.7727999999999999
0.6986
0.5319
0.212
0.1867
0.18259999999999998
0.17859999999999998
0.1789
0.1809
0.2285
0.7036
0.6922999999999999
0.6632
0.5583
0.41400000000000003
0.2615
0.217
0.1977
0.193
0.21939999999999998
0.22110000000000002
1.0674
0.4773
0.5948
0.5942000000000001
0.44520000000000004
1.6006
0.2298
0.2018
0.1881
0.1881
0.18680000000000002
0.19030000000000002
0.2002
0.181
0.2013
0.2728
0.2754
0.345
0.6873
0.378
0.2666
0.2349
0.4942
0.7108
1.6038000000000001
0.5418000000000001
0.9386000000000001
0.98
0.704
0.3634
0.5139
0.6379
0.2181
0.1835
0.1915
0.1955
0.2203
0.21860000000000002
0.1763
0.1485
0.14479999999999998
0.13840000000000002
0.1492
0.181
0.6654
0.47320000000000007
0.405
1.1568
0.5804
0.3811
0.3902
0.42190000000000005
0.4523
0.5975
