0.7363999999999999
0.5799
0.3945
0.3646
0.2494
0.23759999999999998
0.24569999999999997
0.3099
0.3196
0.33740000000000003
0.3546
0.3945
0.4031
0.4165
0.6245
0.4548
0.3504
0.8714000000000001
0.5077
0.2605
0.1653
0.0912
0.0812
0.0959
0.3738
0.3718
0.3589
0.3544
0.3277
0.3528
0.7319
0.5061
0.0601
0.059300000000000005
0.1032
0.1373
0.126
0.1268
0.1168
0.0741
0.1021
1.762
0.5169999999999999
0.5371
0.903
0.8487
0.9893
0.8009999999999999
0.27449999999999997
0.3506
0.3261
0.4165
0.3792
1.5092999999999999
0.063
0.048799999999999996
0.036699999999999997
0.0344
0.0208
0.0426
0.0395
0.0389
0.035199999999999995
0.037599999999999995
0.136
0.3627
0.1257
0.1624
0.1647
0.1764
0.2424
1.3867
1.8479999999999999
2.1033
0.45930000000000004
0.2254
0.201
0.20090000000000002
0.2304
0.3722
0.6178
0.5539000000000001
0.3639
0.30279999999999996
0.3029
0.3133
0.35129999999999995
0.4303
0.6904
1.0091999999999999
0.7254
0.3312
0.32730000000000004
0.3598
0.4608
0.4878
0.0665
0.053000000000000005
0.056
0.0629
0.0658
0.0684
0.18209999999999998
0.337
0.027
0.019200000000000002
0.0187
0.0283
0.0378
0.038
0.08249999999999999
0.5408999999999999
0.0
0.0222
0.0332
0.2772
0.3012
0.0336
0.0244
0.0747
0.2759
0.26890000000000003
0.2669
0.2569
0.2499
0.2482
0.2549
0.8155
0.3367
0.3023
0.2843
0.2693
0.26480000000000004
0.25429999999999997
0.2596
0.8271999999999999
1.2801
0.36719999999999997
0.457
0.6061000000000001
0.6095999999999999
0.6312
0.5326
0.3543
1.8674
1.7191
1.6623999999999999
1.6038000000000001
1.5371000000000001
1.4544
1.0557
0.9071
0.8739
0.9758
0.9710000000000001
1.1425
1.1717
1.0429
1.0010999999999999
0.8912
0.8976
0.9143
0.9711000000000001
0.9018
6.5667
6.536099999999999
4.3964
1.6657000000000002
0.7363999999999999
0.5799
0.3945
0.3646
0.2494
0.23759999999999998
0.24569999999999997
0.3099
0.3196
0.33740000000000003
0.3546
0.3945
0.4031
0.4165
0.6245
0.4548
0.3504
0.8714000000000001
0.5077
0.2605
0.1653
0.0912
0.0812
0.0959
0.3738
0.3718
0.3589
0.3544
0.3277
0.3528
0.7319
0.5061
0.0601
0.059300000000000005
0.1032
0.1373
0.126
0.1268
0.1168
0.0741
0.1021
1.762
0.5169999999999999
0.5371
0.903
0.8487
0.9893
0.8009999999999999
0.27449999999999997
0.3506
0.3261
0.4165
0.3792
1.5092999999999999
0.063
0.048799999999999996
0.036699999999999997
0.0344
0.0208
0.0426
0.0395
0.0389
0.035199999999999995
0.037599999999999995
0.136
0.3627
0.1257
0.1624
0.1647
0.1764
0.2424
1.3867
1.8479999999999999
2.1033
0.45930000000000004
0.2254
0.201
0.20090000000000002
0.2304
0.3722
0.6178
0.5539000000000001
0.3639
0.30279999999999996
0.3029
0.3133
0.35129999999999995
0.4303
0.6904
1.0091999999999999
0.7254
0.3312
0.32730000000000004
0.3598
0.4608
0.4878
0.0665
0.053000000000000005
0.056
0.0629
0.0658
0.0684
0.18209999999999998
0.337
0.027
0.019200000000000002
0.0187
0.0283
0.0378
0.038
0.08249999999999999
0.5408999999999999
0.0
0.0222
0.0332
0.2772
0.3012
0.0336
0.0244
0.0747
0.2759
0.26890000000000003
0.2669
0.2569
0.2499
0.2482
0.2549
0.8155
0.3367
0.3023
0.2843
0.2693
0.26480000000000004
0.25429999999999997
0.2596
0.8271999999999999
1.2801
0.36719999999999997
0.457
0.6061000000000001
0.6095999999999999
0.6312
0.5326
0.3543
1.8674
1.7191
1.6623999999999999
1.6038000000000001
1.5371000000000001
1.4544
1.0557
0.9071
0.8739
0.9758
0.9710000000000001
1.1425
1.1717
1.0429
1.0010999999999999
0.8912
0.8976
0.9143
0.9711000000000001
0.9018
6.5667
6.536099999999999
4.3964
1.6657000000000002
0.7363999999999999
0.5799
0.3945
0.3646
0.2494
0.23759999999999998
0.24569999999999997
0.3099
0.3196
0.33740000000000003
0.3546
0.3945
0.4031
0.4165
0.6245
0.4548
0.3504
0.8714000000000001
0.5077
0.2605
0.1653
0.0912
0.0812
0.0959
0.3738
0.3718
0.3589
0.3544
0.3277
0.3528
0.7319
0.5061
0.0601
0.059300000000000005
0.1032
0.1373
0.126
0.1268
0.1168
0.0741
0.1021
1.762
0.5169999999999999
0.5371
0.903
0.8487
0.9893
0.8009999999999999
0.27449999999999997
0.3506
0.3261
0.4165
0.3792
1.5092999999999999
0.063
0.048799999999999996
0.036699999999999997
0.0344
0.0208
0.0426
0.0395
0.0389
0.035199999999999995
0.037599999999999995
0.136
0.3627
0.1257
0.1624
0.1647
0.1764
0.2424
1.3867
1.8479999999999999
2.1033
0.45930000000000004
0.2254
0.201
0.20090000000000002
0.2304
0.3722
0.6178
0.5539000000000001
0.3639
0.30279999999999996
0.3029
0.3133
0.35129999999999995
0.4303
0.6904
1.0091999999999999
0.7254
0.3312
0.32730000000000004
0.3598
0.4608
0.4878
0.0665
0.053000000000000005
0.056
0.0629
0.0658
0.0684
0.18209999999999998
0.337
0.027
0.019200000000000002
0.0187
0.0283
0.0378
0.038
0.08249999999999999
0.5408999999999999
0.0
0.0222
0.0332
0.2772
0.3012
0.0336
0.0244
0.0747
0.2759
0.26890000000000003
0.2669
0.2569
0.2499
0.2482
0.2549
0.8155
0.3367
0.3023
0.2843
0.2693
0.26480000000000004
0.25429999999999997
0.2596
0.8271999999999999
1.2801
0.36719999999999997
0.457
0.6061000000000001
0.6095999999999999
0.6312
0.5326
0.3543
1.8674
1.7191
1.6623999999999999
1.6038000000000001
1.5371000000000001
1.4544
1.0557
0.9071
0.8739
0.9758
0.9710000000000001
1.1425
1.1717
1.0429
1.0010999999999999
0.8912
0.8976
0.9143
0.9711000000000001
0.9018
6.5667
6.536099999999999
4.3964
1.6657000000000002
0.7363999999999999
0.5799
0.3945
0.3646
0.2494
0.23759999999999998
0.24569999999999997
0.3099
0.3196
0.33740000000000003
0.3546
0.3945
0.4031
0.4165
0.6245
0.4548
0.3504
0.8714000000000001
0.5077
0.2605
0.1653
0.0912
0.0812
0.0959
0.3738
0.3718
0.3589
0.3544
0.3277
0.3528
0.7319
0.5061
0.0601
0.059300000000000005
0.1032
0.1373
0.126
0.1268
0.1168
0.0741
0.1021
1.762
0.5169999999999999
0.5371
0.903
0.8487
0.9893
0.8009999999999999
0.27449999999999997
0.3506
0.3261
0.4165
0.3792
1.5092999999999999
0.063
0.048799999999999996
0.036699999999999997
0.0344
0.0208
0.0426
0.0395
0.0389
0.035199999999999995
0.037599999999999995
0.136
0.3627
0.1257
0.1624
0.1647
0.1764
0.2424
1.3867
1.8479999999999999
2.1033
0.45930000000000004
0.2254
0.201
0.20090000000000002
0.2304
0.3722
0.6178
0.5539000000000001
0.3639
0.30279999999999996
0.3029
0.3133
0.35129999999999995
0.4303
0.6904
1.0091999999999999
0.7254
0.3312
0.32730000000000004
0.3598
0.4608
0.4878
0.0665
0.053000000000000005
0.056
0.0629
0.0658
0.0684
0.18209999999999998
0.337
0.027
0.019200000000000002
0.0187
0.0283
0.0378
0.038
0.08249999999999999
0.5408999999999999
0.0
0.0222
0.0332
0.2772
0.3012
0.0336
0.0244
0.0747
0.2759
0.26890000000000003
0.2669
0.2569
0.2499
0.2482
0.2549
0.8155
0.3367
0.3023
0.2843
0.2693
0.26480000000000004
0.25429999999999997
0.2596
0.8271999999999999
1.2801
0.36719999999999997
0.457
0.6061000000000001
0.6095999999999999
0.6312
0.5326
0.3543
1.8674
1.7191
1.6623999999999999
1.6038000000000001
1.5371000000000001
1.4544
1.0557
0.9071
0.8739
0.9758
0.9710000000000001
1.1425
1.1717
1.0429
1.0010999999999999
0.8912
0.8976
0.9143
0.9711000000000001
0.9018
6.5667
6.536099999999999
4.3964
1.6657000000000002
0.7363999999999999
0.5799
0.3945
0.3646
0.2494
0.23759999999999998
0.24569999999999997
0.3099
0.3196
0.33740000000000003
0.3546
0.3945
0.4031
0.4165
0.6245
0.4548
0.3504
0.8714000000000001
0.5077
0.2605
0.1653
0.0912
0.0812
0.0959
0.3738
0.3718
0.3589
0.3544
0.3277
0.3528
0.7319
0.5061
0.0601
0.059300000000000005
0.1032
0.1373
0.126
0.1268
0.1168
0.0741
0.1021
1.762
0.5169999999999999
0.5371
0.903
0.8487
0.9893
0.8009999999999999
0.27449999999999997
0.3506
0.3261
0.4165
0.3792
1.5092999999999999
0.063
0.048799999999999996
0.036699999999999997
0.0344
0.0208
0.0426
0.0395
0.0389
0.035199999999999995
0.037599999999999995
0.136
0.3627
0.1257
0.1624
0.1647
0.1764
0.2424
1.3867
0.4952
0.5066999999999999
0.5004
0.5093
0.5061
0.5012
0.5065
0.47709999999999997
0.4404
0.4266
0.4481
0.5261
0.4917
1.2330999999999999
0.1324
0.154
0.12
0.1189
0.0632
0.7261
0.5405
0.34640000000000004
0.1815
0.1956
0.3536
0.3805
1.9543000000000001
6.135
6.2684
5.1289
1.7810000000000001
1.371
0.9808
0.8752
0.8608
0.9187000000000001
0.9094
0.9409000000000001
0.9612
1.0441
0.9291
2.3903
1.9674
0.724
0.5317
0.4219
0.3647
0.3489
0.27080000000000004
0.2581
0.2623
0.2687
0.2858
0.3743
0.7797000000000001
1.076
1.029
2.0419
1.1708
0.38749999999999996
0.4736
0.5356000000000001
0.5554
0.8369
0.6995
0.7936
1.4947
0.9967
1.0622
0.7821
0.5108999999999999
0.3436
1.1707
0.2816
0.1333
0.1457
0.15089999999999998
0.1638
0.1979
0.21960000000000002
0.2764
0.2717
0.29259999999999997
0.3403
0.6557999999999999
0.7372
0.762
0.5421
0.4004
0.8326
0.9977
0.5049
0.3503
0.2662
0.1877
3.3704
0.2814
0.2623
0.2521
0.2409
0.2407
0.2554
0.2656
0.30800000000000005
0.391
0.4696
0.6754
1.0569000000000002
0.823
1.5255
0.33899999999999997
0.22460000000000002
0.1871
0.1899
0.1928
0.2949
0.5267999999999999
0.5542
0.7154
1.4167999999999998
0.47119999999999995
0.9555
1.4398
2.694
3.0534999999999997
3.8971999999999998
7.6634
1.3424999999999998
0.402
0.7961
0.9044000000000001
1.0068
0.9495
1.3558
2.8354
0.6363
0.39239999999999997
0.4689
0.35419999999999996
3.8091999999999997
5.6292
4.846
0.9404
0.41309999999999997
0.7676
1.663
0.24989999999999998
0.1855
0.1769
0.1603
0.1652
0.1721
0.1311
0.24580000000000002
0.5769
0.833
0.5433
0.2123
0.1533
0.1547
0.1518
0.17609999999999998
0.192
0.3042
0.41469999999999996
0.2935
0.2459
0.2333
0.4952
0.5066999999999999
0.5004
0.5093
0.5061
0.5012
0.5065
0.47709999999999997
0.4404
0.4266
0.4481
0.5261
0.4917
1.2330999999999999
0.1324
0.154
0.12
0.1189
0.0632
0.7261
0.5405
0.34640000000000004
0.1815
0.1956
0.3536
0.3805
1.9543000000000001
6.135
6.2684
5.1289
1.7810000000000001
1.371
0.9808
0.8752
0.8608
0.9187000000000001
0.9094
0.9409000000000001
0.9612
1.0441
0.9291
2.3903
1.9674
0.724
0.5317
0.4219
0.3647
0.3489
0.27080000000000004
0.2581
0.2623
0.2687
0.2858
0.3743
0.7797000000000001
1.076
1.029
2.0419
1.1708
0.38749999999999996
0.4736
0.5356000000000001
0.5554
0.8369
0.6995
0.7936
1.4947
0.9967
1.0622
0.7821
0.5108999999999999
0.3436
1.1707
0.2816
0.1333
0.1457
0.15089999999999998
0.1638
0.1979
0.21960000000000002
0.2764
0.2717
0.29259999999999997
0.3403
0.6557999999999999
0.7372
0.762
0.5421
0.4004
0.8326
0.9977
0.5049
0.3503
0.2662
0.1877
3.3704
0.2814
0.2623
0.2521
0.2409
0.2407
0.2554
0.2656
0.30800000000000005
0.391
0.4696
0.6754
1.0569000000000002
0.823
1.5255
0.33899999999999997
0.22460000000000002
0.1871
0.1899
0.1928
0.2949
0.5267999999999999
0.5542
0.7154
1.4167999999999998
0.47119999999999995
0.9555
1.4398
2.694
3.0534999999999997
3.8971999999999998
7.6634
1.3424999999999998
0.402
0.7961
0.9044000000000001
1.0068
0.9495
1.3558
2.8354
0.6363
0.39239999999999997
0.4689
0.35419999999999996
3.8091999999999997
5.6292
4.846
0.9404
0.41309999999999997
0.7676
1.663
0.24989999999999998
0.1855
0.1769
0.1603
0.1652
0.1721
0.1311
0.24580000000000002
0.5769
0.833
0.5433
0.2123
0.1533
0.1547
0.1518
0.17609999999999998
0.192
0.3042
0.41469999999999996
0.2935
0.2459
0.2333
0.4952
0.5066999999999999
0.5004
0.5093
0.5061
0.5012
0.5065
0.47709999999999997
0.4404
0.4266
0.4481
0.5261
0.4917
1.2330999999999999
0.1324
0.154
0.12
0.1189
0.0632
0.7261
0.5405
0.34640000000000004
0.1815
0.1956
0.3536
0.3805
1.9543000000000001
6.135
6.2684
5.1289
1.7810000000000001
1.371
0.9808
0.8752
0.8608
0.9187000000000001
0.9094
0.9409000000000001
0.9612
1.0441
0.9291
2.3903
1.9674
0.724
0.5317
0.4219
0.3647
0.3489
0.27080000000000004
0.2581
0.2623
0.2687
0.2858
0.3743
0.7797000000000001
1.076
1.029
2.0419
1.1708
0.38749999999999996
0.4736
0.5356000000000001
0.5554
0.8369
0.6995
0.7936
1.4947
0.9967
1.0622
0.7821
0.5108999999999999
0.3436
1.1707
0.2816
0.1333
0.1457
0.15089999999999998
0.1638
0.1979
0.21960000000000002
0.2764
0.2717
0.29259999999999997
0.3403
0.6557999999999999
0.7372
0.762
0.5421
0.4004
0.8326
0.9977
0.5049
0.3503
0.2662
0.1877
3.3704
0.2814
0.2623
0.2521
0.2409
0.2407
0.2554
0.2656
0.30800000000000005
0.391
0.4696
0.6754
1.0569000000000002
0.823
1.5255
0.33899999999999997
0.22460000000000002
0.1871
0.1899
0.1928
0.2949
0.5267999999999999
0.5542
0.7154
1.4167999999999998
0.47119999999999995
0.9555
1.4398
2.694
3.0534999999999997
3.8971999999999998
7.6634
1.3424999999999998
0.402
0.7961
0.9044000000000001
1.0068
0.9495
1.3558
2.8354
0.6363
0.39239999999999997
0.4689
0.35419999999999996
3.8091999999999997
5.6292
4.846
0.9404
0.41309999999999997
0.7676
1.663
0.24989999999999998
0.1855
0.1769
0.1603
0.1652
0.1721
0.1311
0.24580000000000002
0.5769
0.833
0.5433
0.2123
0.1533
0.1547
0.1518
0.17609999999999998
0.192
0.3042
0.41469999999999996
0.2935
0.2459
0.2333
0.4952
0.5066999999999999
0.5004
0.5093
0.5061
0.5012
0.5065
0.47709999999999997
0.4404
0.4266
0.4481
0.5261
0.4917
1.2330999999999999
0.1324
0.154
0.12
0.1189
0.0632
0.7261
0.5405
0.34640000000000004
0.1815
0.1956
0.3536
0.3805
1.9543000000000001
6.135
6.2684
5.1289
1.7810000000000001
1.371
0.9808
0.8752
0.8608
0.9187000000000001
0.9094
0.9409000000000001
0.9612
1.0441
0.9291
2.3903
1.9674
0.724
0.5317
0.4219
0.3647
0.3489
0.27080000000000004
0.2581
0.2623
0.2687
0.2858
0.3743
0.7797000000000001
1.076
1.029
2.0419
1.1708
0.38749999999999996
0.4736
0.5356000000000001
0.5554
0.8369
0.6995
0.7936
1.4947
0.9967
1.0622
0.7821
0.5108999999999999
0.3436
1.1707
0.2816
0.1333
0.1457
0.15089999999999998
0.1638
0.1979
0.21960000000000002
0.2764
0.2717
0.29259999999999997
0.3403
0.6557999999999999
0.7372
0.762
0.5421
0.4004
0.8326
0.9977
0.5049
0.3503
0.2662
0.1877
3.3704
0.2814
0.2623
0.2521
0.2409
0.2407
0.2554
0.2656
0.30800000000000005
0.391
0.4696
0.6754
1.0569000000000002
0.823
1.5255
0.33899999999999997
0.22460000000000002
0.1871
0.1899
0.1928
0.2949
0.5267999999999999
0.5542
0.7154
1.4167999999999998
0.47119999999999995
0.9555
1.4398
2.694
3.0534999999999997
3.8971999999999998
7.6634
1.3424999999999998
0.402
0.7961
0.9044000000000001
1.0068
0.9495
1.3558
2.8354
0.6363
0.39239999999999997
0.4689
0.35419999999999996
3.8091999999999997
5.6292
4.846
0.9404
0.41309999999999997
0.7676
1.663
0.24989999999999998
0.1855
0.1769
0.1603
0.1652
0.1721
0.1311
0.24580000000000002
0.5769
0.833
0.5433
0.2123
0.1533
0.1547
0.1518
0.17609999999999998
0.192
0.3042
0.41469999999999996
0.2935
0.2459
0.2333
0.3911
0.3779
0.3555
0.3548
0.3677
0.4178
0.735
0.8281000000000001
0.5705
0.5529999999999999
0.563
0.5823
0.6278999999999999
0.6747
0.7599
0.8193999999999999
0.7061
0.7314
0.9191
1.0913
0.5550999999999999
0.42210000000000003
0.38880000000000003
0.45499999999999996
0.1473
0.1452
0.1527
0.15960000000000002
0.16349999999999998
0.18819999999999998
0.5632
0.8578
0.6471
0.5013
0.313
0.2197
0.1846
0.1248
0.0761
0.09340000000000001
0.0839
0.047900000000000005
0.0101
0.5851
0.36160000000000003
0.5295000000000001
0.24630000000000002
0.0795
0.3726
0.3692
0.3653
0.3526
0.3598
0.3932
0.44530000000000003
0.5125
0.5764
0.5944
0.5916
0.5481
0.48350000000000004
0.4789
0.8711
0.2831
0.311
0.27449999999999997
0.2859
0.3406
0.8576
0.9623999999999999
0.3923
1.6757
0.2042
0.21810000000000002
0.24180000000000001
0.2515
0.2404
0.11760000000000001
0.4708
0.321
0.0
0.0
0.014499999999999999
0.0146
0.02
0.0
2.1431
0.0
0.0
0.0334
0.119
0.0529
0.0
0.0
0.0
0.0
0.8002
0.31899999999999995
0.2792
0.2514
0.2338
0.2391
0.23120000000000002
0.23299999999999998
0.2565
0.29400000000000004
0.33309999999999995
0.4504
0.4072
0.3745
0.3881
0.4441
0.6738
0.7724
0.7607999999999999
0.5975
0.5680000000000001
0.6251
0.8941
0.8605
0.3093
0.30679999999999996
0.27849999999999997
0.2741
0.2934
0.314
0.3644
0.3211
1.8851
1.8511
0.4262
0.6996
0.7917
2.4632
1.5447
0.5665
1.3873000000000002
1.0771
0.9305
0.8668
0.5643
0.3789
0.3224
0.2821
4.1228
3.3156
1.9940000000000002
1.4889999999999999
0.92
0.1402
0.2714
0.7488999999999999
0.1065
0.053099999999999994
0.07250000000000001
0.0928
0.11100000000000002
0.06359999999999999
0.0552
0.010100000000000001
0.0163
0.0
0.0
1.3355
5.2304
6.004
5.7341999999999995
5.1807
0.3911
0.3779
0.3555
0.3548
0.3677
0.4178
0.735
0.8281000000000001
0.5705
0.5529999999999999
0.563
0.5823
0.6278999999999999
0.6747
0.7599
0.8193999999999999
0.7061
0.7314
0.9191
1.0913
0.5550999999999999
0.42210000000000003
0.38880000000000003
0.45499999999999996
0.1473
0.1452
0.1527
0.15960000000000002
0.16349999999999998
0.18819999999999998
0.5632
0.8578
0.6471
0.5013
0.313
0.2197
0.1846
0.1248
0.0761
0.09340000000000001
0.0839
0.047900000000000005
0.0101
0.5851
0.36160000000000003
0.5295000000000001
0.24630000000000002
0.0795
0.3726
0.3692
0.3653
0.3526
0.3598
0.3932
0.44530000000000003
0.5125
0.5764
0.5944
0.5916
0.5481
0.48350000000000004
0.4789
0.8711
0.2831
0.311
0.27449999999999997
0.2859
0.3406
0.8576
0.9623999999999999
0.3923
1.6757
0.2042
0.21810000000000002
0.24180000000000001
0.2515
0.2404
0.11760000000000001
0.4708
0.321
0.0
0.0
0.014499999999999999
0.0146
0.02
0.0
2.1431
0.0
0.0
0.0334
0.119
0.0529
0.0
0.0
0.0
0.0
0.8002
0.31899999999999995
0.2792
0.2514
0.2338
0.2391
0.23120000000000002
0.23299999999999998
0.2565
0.29400000000000004
0.33309999999999995
0.4504
0.4072
0.3745
0.3881
0.4441
0.6738
0.7724
0.7607999999999999
0.5975
0.5680000000000001
0.6251
0.8941
0.8605
0.3093
0.30679999999999996
0.27849999999999997
0.2741
0.2934
0.314
0.3644
0.3211
1.8851
1.8511
0.4262
0.6996
0.7917
2.4632
1.5447
0.5665
1.3873000000000002
1.0771
0.9305
0.8668
0.5643
0.3789
0.3224
0.2821
4.1228
3.3156
1.9940000000000002
1.4889999999999999
0.92
0.1402
0.2714
0.7488999999999999
0.1065
0.053099999999999994
0.07250000000000001
0.0928
0.11100000000000002
0.06359999999999999
0.0552
0.010100000000000001
0.0163
0.0
0.0
1.3355
5.2304
6.004
5.7341999999999995
5.1807
0.3911
0.3779
0.3555
0.3548
0.3677
0.4178
0.735
0.8281000000000001
0.5705
0.5529999999999999
0.563
0.5823
0.6278999999999999
0.6747
0.7599
0.8193999999999999
0.7061
0.7314
0.9191
1.0913
0.5550999999999999
0.42210000000000003
0.38880000000000003
0.45499999999999996
0.1473
0.1452
0.1527
0.15960000000000002
0.16349999999999998
0.18819999999999998
0.5632
0.8578
0.6471
0.5013
0.313
0.2197
0.1846
0.1248
0.0761
0.09340000000000001
0.0839
0.047900000000000005
0.0101
0.5851
0.36160000000000003
0.5295000000000001
0.24630000000000002
0.0795
0.3726
0.3692
0.3653
0.3526
0.3598
0.3932
0.44530000000000003
0.5125
0.5764
0.5944
0.5916
0.5481
0.48350000000000004
0.4789
0.8711
0.2831
0.311
0.27449999999999997
0.2859
0.3406
0.8576
0.9623999999999999
0.3923
1.6757
0.2042
0.21810000000000002
0.24180000000000001
0.2515
0.2404
0.11760000000000001
0.4708
0.321
0.0
0.0
0.014499999999999999
0.0146
0.02
0.0
2.1431
0.0
0.0
0.0334
0.119
0.0529
0.0
0.0
0.0
0.0
0.8002
0.31899999999999995
0.2792
0.2514
0.2338
0.2391
0.23120000000000002
0.23299999999999998
0.2565
0.29400000000000004
0.33309999999999995
0.4504
0.4072
0.3745
0.3881
0.4441
0.6738
0.7724
0.7607999999999999
0.5975
0.5680000000000001
0.6251
0.8941
0.8605
0.3093
0.30679999999999996
0.27849999999999997
0.2741
0.2934
0.314
0.3644
0.3211
1.8851
1.8511
0.4262
0.6996
0.7917
2.4632
1.5447
0.5665
1.3873000000000002
1.0771
0.9305
0.8668
0.5643
0.3789
0.3224
0.2821
4.1228
3.3156
1.9940000000000002
1.4889999999999999
0.92
0.1402
0.2714
0.7488999999999999
0.1065
0.053099999999999994
0.07250000000000001
0.0928
0.11100000000000002
0.06359999999999999
0.0552
0.010100000000000001
0.0163
0.0
0.0
1.3355
5.2304
6.004
5.7341999999999995
5.1807
0.3911
0.3779
0.3555
0.3548
0.3677
0.4178
0.735
0.8281000000000001
0.5705
0.5529999999999999
0.563
0.5823
0.6278999999999999
0.6747
0.7599
0.8193999999999999
0.7061
0.7314
0.9191
1.0913
0.5550999999999999
0.42210000000000003
0.38880000000000003
0.45499999999999996
0.1473
0.1452
0.1527
0.15960000000000002
0.16349999999999998
0.18819999999999998
0.5632
0.8578
0.6471
0.5013
0.313
0.2197
0.1846
0.1248
0.0761
0.09340000000000001
0.0839
0.047900000000000005
0.0101
0.5851
0.36160000000000003
0.5295000000000001
0.24630000000000002
0.0795
0.3726
0.3692
0.3653
0.3526
0.3598
0.3932
0.44530000000000003
0.5125
0.5764
0.5944
0.5916
0.5481
0.48350000000000004
0.4789
0.8711
0.2831
0.311
0.27449999999999997
0.2859
0.3406
0.8576
0.9623999999999999
0.3923
1.6757
0.2042
0.21810000000000002
0.24180000000000001
0.2515
0.2404
0.11760000000000001
0.4708
0.321
0.0
0.0
0.014499999999999999
0.0146
0.02
0.0
2.1431
0.0
0.0
0.0334
0.119
0.0529
0.0
0.0
0.0
0.0
0.8002
0.31899999999999995
0.2792
0.2514
0.2338
0.2391
0.23120000000000002
0.23299999999999998
0.2565
0.29400000000000004
0.33309999999999995
0.4504
0.4072
0.3745
0.3881
0.4441
0.6738
0.7724
0.7607999999999999
0.5975
0.5680000000000001
0.6251
0.8941
0.8605
0.3093
0.30679999999999996
0.27849999999999997
0.2741
0.2934
0.314
0.3644
0.3211
1.8851
1.8511
0.4262
0.6996
0.7917
2.4632
1.5447
0.5665
1.3873000000000002
1.0771
0.9305
0.8668
0.5643
0.3789
0.3224
0.2821
4.1228
3.3156
1.9940000000000002
1.4889999999999999
0.92
0.1402
0.2714
0.7488999999999999
0.1065
0.053099999999999994
0.07250000000000001
0.0928
0.11100000000000002
0.06359999999999999
0.0552
0.010100000000000001
0.0163
0.0
0.0
1.3355
5.2304
6.004
5.7341999999999995
5.1807
0.3911
0.3779
0.3555
0.3548
0.3677
0.4178
0.735
0.8281000000000001
0.5705
0.5529999999999999
0.563
0.5823
0.6278999999999999
0.6747
0.7599
0.8193999999999999
0.7061
0.7314
0.9191
1.0913
0.5550999999999999
0.42210000000000003
0.38880000000000003
0.45499999999999996
0.1473
0.1452
0.1527
0.15960000000000002
0.16349999999999998
0.18819999999999998
0.5632
0.8578
0.6471
0.5013
0.313
0.2197
0.1846
0.1248
0.0761
0.09340000000000001
0.0839
0.047900000000000005
0.0101
0.5851
0.36160000000000003
0.5295000000000001
0.24630000000000002
0.0795
0.3726
0.3692
0.3653
0.3526
0.3598
0.3932
0.44530000000000003
0.5125
0.5764
0.5944
0.5916
0.5481
0.48350000000000004
0.4789
0.8711
0.2831
0.311
0.27449999999999997
0.2859
0.3406
0.8576
0.9623999999999999
0.3923
1.6757
2.2604
0.1679
0.0982
0.1163
0.1026
0.0871
0.0518
0.020200000000000003
0.03730000000000001
0.0895
0.1294
0.1143
0.0727
0.1016
0.0414
0.0
0.0
0.0
0.8675
0.005
0.0
0.0551
3.9034000000000004
2.4442
0.35009999999999997
0.4825
0.313
0.15910000000000002
0.19740000000000002
0.2163
0.24619999999999997
0.23920000000000002
0.20939999999999998
0.1729
0.1647
0.1706
0.1704
0.17020000000000002
0.18380000000000002
0.2154
0.3315
1.1104
1.5489
0.8184
0.4532
0.399
0.3136
0.9039999999999999
3.0426
6.9353
8.3314
6.5372
2.0275
0.4586
0.6382
0.8138000000000001
0.6880999999999999
0.6135999999999999
0.5219
0.4161
1.8096
1.4629
0.2821
0.3032
0.3488
0.317
1.5451000000000001
0.6791
0.5142
0.4142
0.2827
0.1445
0.2734
0.31389999999999996
0.3054
0.2995
0.2788
0.44220000000000004
0.4563
0.0952
0.0971
0.0769
0.101
0.09540000000000001
0.11610000000000001
0.1242
0.1296
0.0752
0.0603
0.023600000000000003
0.7179
0.0
0.0152
0.056
0.0738
0.1071
0.118
0.116
0.10619999999999999
0.1085
0.11069999999999999
0.1128
0.2084
0.41859999999999997
0.3905
0.6452
0.5512
0.5171
1.2254
0.488
0.4714
0.5433
0.8984000000000001
1.2585
1.8426
1.1694
0.5721
0.5119
0.3115
0.1844
0.6017
0.4528
0.4345
0.36970000000000003
0.33799999999999997
0.3915
0.42800000000000005
0.2229
0.21
0.2081
0.2001
0.21250000000000002
0.2294
0.2477
0.313
0.4162
0.35519999999999996
0.4672
1.1592
0.5743
0.243
0.20429999999999998
0.2049
1.948
0.0031
0.0076
0.0
0.0024
0.0006
0.0184
0.0451
0.0074
0.0083
0.0051
0.025
0.0136
0.0359
0.0513
0.12029999999999999
0.011099999999999999
0.0068
0.0614
0.0862
0.013
0.0295
0.0215
0.0222
0.0146
2.2604
0.1679
0.0982
0.1163
0.1026
0.0871
0.0518
0.020200000000000003
0.03730000000000001
0.0895
0.1294
0.1143
0.0727
0.1016
0.0414
0.0
0.0
0.0
0.8675
0.005
0.0
0.0551
3.9034000000000004
2.4442
0.35009999999999997
0.4825
0.313
0.15910000000000002
0.19740000000000002
0.2163
0.24619999999999997
0.23920000000000002
0.20939999999999998
0.1729
0.1647
0.1706
0.1704
0.17020000000000002
0.18380000000000002
0.2154
0.3315
1.1104
1.5489
0.8184
0.4532
0.399
0.3136
0.9039999999999999
3.0426
6.9353
8.3314
6.5372
2.0275
0.4586
0.6382
0.8138000000000001
0.6880999999999999
0.6135999999999999
0.5219
0.4161
1.8096
1.4629
0.2821
0.3032
0.3488
0.317
1.5451000000000001
0.6791
0.5142
0.4142
0.2827
0.1445
0.2734
0.31389999999999996
0.3054
0.2995
0.2788
0.44220000000000004
0.4563
0.0952
0.0971
0.0769
0.101
0.09540000000000001
0.11610000000000001
0.1242
0.1296
0.0752
0.0603
0.023600000000000003
0.7179
0.0
0.0152
0.056
0.0738
0.1071
0.118
0.116
0.10619999999999999
0.1085
0.11069999999999999
0.1128
0.2084
0.41859999999999997
0.3905
0.6452
0.5512
0.5171
1.2254
0.488
0.4714
0.5433
0.8984000000000001
1.2585
1.8426
1.1694
0.5721
0.5119
0.3115
0.1844
0.6017
0.4528
0.4345
0.36970000000000003
0.33799999999999997
0.3915
0.42800000000000005
0.2229
0.21
0.2081
0.2001
0.21250000000000002
0.2294
0.2477
0.313
0.4162
0.35519999999999996
0.4672
1.1592
0.5743
0.243
0.20429999999999998
0.2049
1.948
0.0031
0.0076
0.0
0.0024
0.0006
0.0184
0.0451
0.0074
0.0083
0.0051
0.025
0.0136
0.0359
0.0513
0.12029999999999999
0.011099999999999999
0.0068
0.0614
0.0862
0.013
0.0295
0.0215
0.0222
0.0146
2.2604
0.1679
0.0982
0.1163
0.1026
0.0871
0.0518
0.020200000000000003
0.03730000000000001
0.0895
0.1294
0.1143
0.0727
0.1016
0.0414
0.0
0.0
0.0
0.8675
0.005
0.0
0.0551
3.9034000000000004
2.4442
0.35009999999999997
0.4825
0.313
0.15910000000000002
0.19740000000000002
0.2163
0.24619999999999997
0.23920000000000002
0.20939999999999998
0.1729
0.1647
0.1706
0.1704
0.17020000000000002
0.18380000000000002
0.2154
0.3315
1.1104
1.5489
0.8184
0.4532
0.399
0.3136
0.9039999999999999
3.0426
6.9353
8.3314
6.5372
2.0275
0.4586
0.6382
0.8138000000000001
0.6880999999999999
0.6135999999999999
0.5219
0.4161
1.8096
1.4629
0.2821
0.3032
0.3488
0.317
1.5451000000000001
0.6791
0.5142
0.4142
0.2827
0.1445
0.2734
0.31389999999999996
0.3054
0.2995
0.2788
0.44220000000000004
0.4563
0.0952
0.0971
0.0769
0.101
0.09540000000000001
0.11610000000000001
0.1242
0.1296
0.0752
0.0603
0.023600000000000003
0.7179
0.0
0.0152
0.056
0.0738
0.1071
0.118
0.116
0.10619999999999999
0.1085
0.11069999999999999
0.1128
0.2084
0.41859999999999997
0.3905
0.6452
0.5512
0.5171
1.2254
0.488
0.4714
0.5433
0.8984000000000001
1.2585
1.8426
1.1694
0.5721
0.5119
0.3115
0.1844
0.6017
0.4528
0.4345
0.36970000000000003
0.33799999999999997
0.3915
0.42800000000000005
0.2229
0.21
0.2081
0.2001
0.21250000000000002
0.2294
0.2477
0.313
0.4162
0.35519999999999996
0.4672
1.1592
0.5743
0.243
0.20429999999999998
0.2049
1.948
0.0031
0.0076
0.0
0.0024
0.0006
0.0184
0.0451
0.0074
0.0083
0.0051
0.025
0.0136
0.0359
0.0513
0.12029999999999999
0.011099999999999999
0.0068
0.0614
0.0862
0.013
0.0295
0.0215
0.0222
0.0146
2.2604
0.1679
0.0982
0.1163
0.1026
0.0871
0.0518
0.020200000000000003
0.03730000000000001
0.0895
0.1294
0.1143
0.0727
0.1016
0.0414
0.0
0.0
0.0
0.8675
0.005
0.0
0.0551
3.9034000000000004
2.4442
0.35009999999999997
0.4825
0.313
0.15910000000000002
0.19740000000000002
0.2163
0.24619999999999997
0.23920000000000002
0.20939999999999998
0.1729
0.1647
0.1706
0.1704
0.17020000000000002
0.18380000000000002
0.2154
0.3315
1.1104
1.5489
0.8184
0.4532
0.399
0.3136
0.9039999999999999
3.0426
6.9353
8.3314
6.5372
2.0275
0.4586
0.6382
0.8138000000000001
0.6880999999999999
0.6135999999999999
0.5219
0.4161
1.8096
1.4629
0.2821
0.3032
0.3488
0.317
1.5451000000000001
0.6791
0.5142
0.4142
0.2827
0.1445
0.2734
0.31389999999999996
0.3054
0.2995
0.2788
0.44220000000000004
0.4563
0.0952
0.0971
0.0769
0.101
0.09540000000000001
0.11610000000000001
0.1242
0.1296
0.0752
0.0603
0.023600000000000003
0.7179
0.0
0.0152
0.056
0.0738
0.1071
0.118
0.116
0.10619999999999999
0.1085
0.11069999999999999
0.1128
0.2084
0.41859999999999997
0.3905
0.6452
0.5512
0.5171
1.2254
0.488
0.4714
0.5433
0.8984000000000001
1.2585
1.8426
1.1694
0.5721
0.5119
0.3115
0.1844
0.6017
0.4528
0.4345
0.36970000000000003
0.33799999999999997
0.3915
0.42800000000000005
0.2229
0.21
0.2081
0.2001
0.21250000000000002
0.2294
0.2477
0.313
0.4162
0.35519999999999996
0.4672
1.1592
0.5743
0.243
0.20429999999999998
0.2049
1.948
0.0031
0.0076
0.0
0.0024
0.0006
0.0184
0.0451
0.0074
0.0083
0.0051
0.025
0.0136
0.0359
0.0513
0.12029999999999999
0.011099999999999999
0.0068
0.0614
0.0862
0.013
0.0295
0.0215
0.0222
0.0146
2.2604
0.1679
0.0982
0.1163
0.1026
0.0871
0.0518
0.020200000000000003
0.03730000000000001
0.0895
0.1294
0.1143
0.0727
0.1016
0.0414
0.0
0.0
0.0
0.8675
0.005
0.0
0.0551
3.9034000000000004
2.4442
0.35009999999999997
0.4825
0.313
0.15910000000000002
0.19740000000000002
0.2163
0.24619999999999997
0.23920000000000002
0.20939999999999998
0.1729
0.1647
0.1706
0.1704
0.17020000000000002
0.18380000000000002
0.2154
0.3315
1.1104
1.5489
0.8184
0.4532
0.399
0.3136
0.9039999999999999
0.2529
0.21660000000000001
0.2124
0.1755
0.1905
0.1804
0.20529999999999998
0.3231
0.08549999999999999
0.07039999999999999
0.4393
0.8173999999999999
0.12129999999999999
0.0152
0.0176
0.0352
0.0807
0.35309999999999997
0.21660000000000001
0.2729
0.44730000000000003
0.6455
0.5836
0.40790000000000004
1.9613999999999998
1.1101
0.0649
0.0108
0.0
0.5558
0.0142
0.0303
0.0278
0.031799999999999995
0.0211
0.0
0.0045
0.0154
0.5942
0.0374
0.0
0.0039
0.1453
0.1381
0.043199999999999995
0.005699999999999999
0.0
1.5598
1.1576
1.2157
1.1933
1.1756
1.1823000000000001
1.3382
1.0154999999999998
1.6768999999999998
1.6185999999999998
0.5234
0.5856
0.6364
0.5041
0.4214
0.4031
0.7163
1.1556
0.1643
0.2449
0.348
0.2569
0.0036
0.0396
0.0124
0.9308000000000001
0.21789999999999998
0.19979999999999998
0.060899999999999996
0.08660000000000001
0.0677
0.2399
0.6424000000000001
2.1892
3.6645
3.4585
3.1107
3.3487
3.6008
0.319
0.0316
0.0632
0.0758
0.137
0.2953
0.33509999999999995
0.3384
0.3513
1.8286
0.1011
0.0683
0.127
0.068
0.1293
0.06630000000000001
0.09720000000000001
0.071
0.16410000000000002
0.1385
0.14689999999999998
0.248
0.27749999999999997
0.2525
1.883
2.0611
0.6066
0.011
0.0
0.0
0.3339
2.4819
2.7468
0.7352
0.28700000000000003
0.2956
0.30269999999999997
0.3033
0.30479999999999996
0.3769
0.5458000000000001
0.6954
0.43069999999999997
0.3488
0.9192
0.9976999999999999
0.7553000000000001
0.8034
0.5343
0.5623
0.6297
1.8528
1.8359
0.679
0.4085
0.3379
0.30810000000000004
0.2662
0.1431
0.1245
0.121
0.12290000000000001
0.1298
0.13590000000000002
0.1782
0.2274
0.3509
0.49339999999999995
0.6288
0.6397
0.2889
0.23299999999999998
0.2197
0.2803
0.5436
0.2865
0.2895
0.2611
0.4747
0.5764
0.3409
0.28969999999999996
0.2529
0.21660000000000001
0.2124
0.1755
0.1905
0.1804
0.20529999999999998
0.3231
0.08549999999999999
0.07039999999999999
0.4393
0.8173999999999999
0.12129999999999999
0.0152
0.0176
0.0352
0.0807
0.35309999999999997
0.21660000000000001
0.2729
0.44730000000000003
0.6455
0.5836
0.40790000000000004
1.9613999999999998
1.1101
0.0649
0.0108
0.0
0.5558
0.0142
0.0303
0.0278
0.031799999999999995
0.0211
0.0
0.0045
0.0154
0.5942
0.0374
0.0
0.0039
0.1453
0.1381
0.043199999999999995
0.005699999999999999
0.0
1.5598
1.1576
1.2157
1.1933
1.1756
1.1823000000000001
1.3382
1.0154999999999998
1.6768999999999998
1.6185999999999998
0.5234
0.5856
0.6364
0.5041
0.4214
0.4031
0.7163
1.1556
0.1643
0.2449
0.348
0.2569
0.0036
0.0396
0.0124
0.9308000000000001
0.21789999999999998
0.19979999999999998
0.060899999999999996
0.08660000000000001
0.0677
0.2399
0.6424000000000001
2.1892
3.6645
3.4585
3.1107
3.3487
3.6008
0.319
0.0316
0.0632
0.0758
0.137
0.2953
0.33509999999999995
0.3384
0.3513
1.8286
0.1011
0.0683
0.127
0.068
0.1293
0.06630000000000001
0.09720000000000001
0.071
0.16410000000000002
0.1385
0.14689999999999998
0.248
0.27749999999999997
0.2525
1.883
2.0611
0.6066
0.011
0.0
0.0
0.3339
2.4819
2.7468
0.7352
0.28700000000000003
0.2956
0.30269999999999997
0.3033
0.30479999999999996
0.3769
0.5458000000000001
0.6954
0.43069999999999997
0.3488
0.9192
0.9976999999999999
0.7553000000000001
0.8034
0.5343
0.5623
0.6297
1.8528
1.8359
0.679
0.4085
0.3379
0.30810000000000004
0.2662
0.1431
0.1245
0.121
0.12290000000000001
0.1298
0.13590000000000002
0.1782
0.2274
0.3509
0.49339999999999995
0.6288
0.6397
0.2889
0.23299999999999998
0.2197
0.2803
0.5436
0.2865
0.2895
0.2611
0.4747
0.5764
0.3409
0.28969999999999996
0.2529
0.21660000000000001
0.2124
0.1755
0.1905
0.1804
0.20529999999999998
0.3231
0.08549999999999999
0.07039999999999999
0.4393
0.8173999999999999
0.12129999999999999
0.0152
0.0176
0.0352
0.0807
0.35309999999999997
0.21660000000000001
0.2729
0.44730000000000003
0.6455
0.5836
0.40790000000000004
1.9613999999999998
1.1101
0.0649
0.0108
0.0
0.5558
0.0142
0.0303
0.0278
0.031799999999999995
0.0211
0.0
0.0045
0.0154
0.5942
0.0374
0.0
0.0039
0.1453
0.1381
0.043199999999999995
0.005699999999999999
0.0
1.5598
1.1576
1.2157
1.1933
1.1756
1.1823000000000001
1.3382
1.0154999999999998
1.6768999999999998
1.6185999999999998
0.5234
0.5856
0.6364
0.5041
0.4214
0.4031
0.7163
1.1556
0.1643
0.2449
0.348
0.2569
0.0036
0.0396
0.0124
0.9308000000000001
0.21789999999999998
0.19979999999999998
0.060899999999999996
0.08660000000000001
0.0677
0.2399
0.6424000000000001
2.1892
3.6645
3.4585
3.1107
3.3487
3.6008
0.319
0.0316
0.0632
0.0758
0.137
0.2953
0.33509999999999995
0.3384
0.3513
1.8286
0.1011
0.0683
0.127
0.068
0.1293
0.06630000000000001
0.09720000000000001
0.071
0.16410000000000002
0.1385
0.14689999999999998
0.248
0.27749999999999997
0.2525
1.883
2.0611
0.6066
0.011
0.0
0.0
0.3339
2.4819
2.7468
0.7352
0.28700000000000003
0.2956
0.30269999999999997
0.3033
0.30479999999999996
0.3769
0.5458000000000001
0.6954
0.43069999999999997
0.3488
0.9192
0.9976999999999999
0.7553000000000001
0.8034
0.5343
0.5623
0.6297
1.8528
1.8359
0.679
0.4085
0.3379
0.30810000000000004
0.2662
0.1431
0.1245
0.121
0.12290000000000001
0.1298
0.13590000000000002
0.1782
0.2274
0.3509
0.49339999999999995
0.6288
0.6397
0.2889
0.23299999999999998
0.2197
0.2803
0.5436
0.2865
0.2895
0.2611
0.4747
0.5764
0.3409
0.28969999999999996
0.2529
0.21660000000000001
0.2124
0.1755
0.1905
0.1804
0.20529999999999998
0.3231
0.08549999999999999
0.07039999999999999
0.4393
0.8173999999999999
0.12129999999999999
0.0152
0.0176
0.0352
0.0807
0.35309999999999997
0.21660000000000001
0.2729
0.44730000000000003
0.6455
0.5836
0.40790000000000004
1.9613999999999998
1.1101
0.0649
0.0108
0.0
0.5558
0.0142
0.0303
0.0278
0.031799999999999995
0.0211
0.0
0.0045
0.0154
0.5942
0.0374
0.0
0.0039
0.1453
0.1381
0.043199999999999995
0.005699999999999999
0.0
1.5598
1.1576
1.2157
1.1933
1.1756
1.1823000000000001
1.3382
1.0154999999999998
1.6768999999999998
1.6185999999999998
0.5234
0.5856
0.6364
0.5041
0.4214
0.4031
0.7163
1.1556
0.1643
0.2449
0.348
0.2569
0.0036
0.0396
0.0124
0.9308000000000001
0.21789999999999998
0.19979999999999998
0.060899999999999996
0.08660000000000001
0.0677
0.2399
0.6424000000000001
2.1892
3.6645
3.4585
3.1107
3.3487
3.6008
0.319
0.0316
0.0632
0.0758
0.137
0.2953
0.33509999999999995
0.3384
0.3513
1.8286
0.1011
0.0683
0.127
0.068
0.1293
0.06630000000000001
0.09720000000000001
0.071
0.16410000000000002
0.1385
0.14689999999999998
0.248
0.27749999999999997
0.2525
1.883
2.0611
0.6066
0.011
0.0
0.0
0.3339
2.4819
2.7468
0.7352
0.28700000000000003
0.2956
0.30269999999999997
0.3033
0.30479999999999996
0.3769
0.5458000000000001
0.6954
0.43069999999999997
0.3488
0.9192
0.9976999999999999
0.7553000000000001
0.8034
0.5343
0.5623
0.6297
1.8528
1.8359
0.679
0.4085
0.3379
0.30810000000000004
0.2662
0.1431
0.1245
0.121
0.12290000000000001
0.1298
0.13590000000000002
0.1782
0.2274
0.3509
0.49339999999999995
0.6288
0.6397
0.2889
0.23299999999999998
0.2197
0.2803
0.5436
0.2865
0.2895
0.2611
0.4747
0.5764
0.3409
0.28969999999999996
0.2529
0.21660000000000001
0.2124
0.1755
0.1905
0.1804
0.20529999999999998
0.3231
0.08549999999999999
0.07039999999999999
0.4393
0.8173999999999999
0.12129999999999999
0.0152
0.0176
0.0352
0.0807
0.35309999999999997
0.21660000000000001
0.2729
0.44730000000000003
0.6455
0.5836
0.40790000000000004
1.9613999999999998
1.1101
0.0649
0.0108
0.0
0.5558
0.0142
0.0303
0.0278
0.031799999999999995
0.0211
0.0
0.0045
0.0154
0.5942
0.0374
0.0
0.0039
0.1453
0.1381
0.043199999999999995
0.005699999999999999
0.0
1.5598
1.1576
1.2157
1.1933
1.1756
1.1823000000000001
1.3382
1.0154999999999998
1.6768999999999998
1.6185999999999998
0.5234
0.5856
0.6364
0.5041
0.4214
0.4031
0.7163
1.1556
0.1643
0.2449
0.348
0.2569
0.0036
0.0396
0.0124
0.1138
0.1135
0.1192
0.11549999999999999
0.1099
0.09290000000000001
0.056999999999999995
0.0571
0.061
0.055
0.0325
0.024
0.0283
0.024399999999999998
0.0042
0.3967
0.3589
0.0
0.0
0.28190000000000004
0.2121
0.2248
0.1387
0.123
0.0552
0.0532
0.0528
0.052000000000000005
0.0526
0.0503
0.042499999999999996
0.0465
0.041999999999999996
0.052500000000000005
0.0511
0.0521
0.0519
0.053099999999999994
0.0527
0.0537
0.044899999999999995
0.0741
0.0501
0.044899999999999995
0.043
0.0454
0.06420000000000001
0.0727
0.6203000000000001
0.8142
0.7113
0.5772999999999999
0.5754
0.6867000000000001
1.2622
0.7724
0.3522
0.3214
0.3064
0.3199
0.31720000000000004
0.3147
0.3327
0.394
0.5428
0.603
0.7011000000000001
1.0341
1.3375
0.9365
0.6225
2.6189
0.8454999999999999
0.6317999999999999
0.5095
0.41669999999999996
0.3407
0.29259999999999997
0.2403
0.2268
0.23070000000000002
0.2351
0.251
0.2545
0.2666
0.2794
0.2783
0.2996
0.35009999999999997
0.4982
0.7551
1.1076000000000001
0.7756000000000001
0.5609
0.515
2.2019
0.4266
0.3929
0.36939999999999995
0.3564
0.3555
0.362
0.389
0.43489999999999995
0.4943
0.5204
0.5465
0.5803
0.8763
1.0716999999999999
0.8416
0.913
1.0502
2.4497999999999998
1.0325
1.042
1.0134
0.9489000000000001
0.8659
0.6472
0.5781000000000001
0.5367
0.5245
0.5053000000000001
0.4968
0.4723
0.4676
1.4667
0.8936999999999999
0.9331
1.1492
1.3415
0.6701
0.5722
0.5745
0.7130000000000001
0.7884
0.7914
0.8323
0.9433
0.8062
0.7655000000000001
0.8922
1.2282000000000002
0.0325
0.0305
0.0205
0.0281
0.0354
0.0402
0.012
0.3376
0.0066
0.044
0.06470000000000001
0.0207
0.0179
0.018000000000000002
0.025599999999999998
0.022600000000000002
0.0098
0.0008
0.0
0.0187
0.1981
0.3092
0.1174
0.175
0.1138
0.1135
0.1192
0.11549999999999999
0.1099
0.09290000000000001
0.056999999999999995
0.0571
0.061
0.055
0.0325
0.024
0.0283
0.024399999999999998
0.0042
0.3967
0.3589
0.0
0.0
0.28190000000000004
0.2121
0.2248
0.1387
0.123
0.0552
0.0532
0.0528
0.052000000000000005
0.0526
0.0503
0.042499999999999996
0.0465
0.041999999999999996
0.052500000000000005
0.0511
0.0521
0.0519
0.053099999999999994
0.0527
0.0537
0.044899999999999995
0.0741
0.0501
0.044899999999999995
0.043
0.0454
0.06420000000000001
0.0727
0.6203000000000001
0.8142
0.7113
0.5772999999999999
0.5754
0.6867000000000001
1.2622
0.7724
0.3522
0.3214
0.3064
0.3199
0.31720000000000004
0.3147
0.3327
0.394
0.5428
0.603
0.7011000000000001
1.0341
1.3375
0.9365
0.6225
2.6189
0.8454999999999999
0.6317999999999999
0.5095
0.41669999999999996
0.3407
0.29259999999999997
0.2403
0.2268
0.23070000000000002
0.2351
0.251
0.2545
0.2666
0.2794
0.2783
0.2996
0.35009999999999997
0.4982
0.7551
1.1076000000000001
0.7756000000000001
0.5609
0.515
2.2019
0.4266
0.3929
0.36939999999999995
0.3564
0.3555
0.362
0.389
0.43489999999999995
0.4943
0.5204
0.5465
0.5803
0.8763
1.0716999999999999
0.8416
0.913
1.0502
2.4497999999999998
1.0325
1.042
1.0134
0.9489000000000001
0.8659
0.6472
0.5781000000000001
0.5367
0.5245
0.5053000000000001
0.4968
0.4723
0.4676
1.4667
0.8936999999999999
0.9331
1.1492
1.3415
0.6701
0.5722
0.5745
0.7130000000000001
0.7884
0.7914
0.8323
0.9433
0.8062
0.7655000000000001
0.8922
1.2282000000000002
0.0325
0.0305
0.0205
0.0281
0.0354
0.0402
0.012
0.3376
0.0066
0.044
0.06470000000000001
0.0207
0.0179
0.018000000000000002
0.025599999999999998
0.022600000000000002
0.0098
0.0008
0.0
0.0187
0.1981
0.3092
0.1174
0.175
0.1138
0.1135
0.1192
0.11549999999999999
0.1099
0.09290000000000001
0.056999999999999995
0.0571
0.061
0.055
0.0325
0.024
0.0283
0.024399999999999998
0.0042
0.3967
0.3589
0.0
0.0
0.28190000000000004
0.2121
0.2248
0.1387
0.123
0.0552
0.0532
0.0528
0.052000000000000005
0.0526
0.0503
0.042499999999999996
0.0465
0.041999999999999996
0.052500000000000005
0.0511
0.0521
0.0519
0.053099999999999994
0.0527
0.0537
0.044899999999999995
0.0741
0.0501
0.044899999999999995
0.043
0.0454
0.06420000000000001
0.0727
0.6203000000000001
0.8142
0.7113
0.5772999999999999
0.5754
0.6867000000000001
1.2622
0.7724
0.3522
0.3214
0.3064
0.3199
0.31720000000000004
0.3147
0.3327
0.394
0.5428
0.603
0.7011000000000001
1.0341
1.3375
0.9365
0.6225
2.6189
0.8454999999999999
0.6317999999999999
0.5095
0.41669999999999996
0.3407
0.29259999999999997
0.2403
0.2268
0.23070000000000002
0.2351
0.251
0.2545
0.2666
0.2794
0.2783
0.2996
0.35009999999999997
0.4982
0.7551
1.1076000000000001
0.7756000000000001
0.5609
0.515
2.2019
0.4266
0.3929
0.36939999999999995
0.3564
0.3555
0.362
0.389
0.43489999999999995
0.4943
0.5204
0.5465
0.5803
0.8763
1.0716999999999999
0.8416
0.913
1.0502
2.4497999999999998
1.0325
1.042
1.0134
0.9489000000000001
0.8659
0.6472
0.5781000000000001
0.5367
0.5245
0.5053000000000001
0.4968
0.4723
0.4676
1.4667
0.8936999999999999
0.9331
1.1492
1.3415
0.6701
0.5722
0.5745
0.7130000000000001
0.7884
0.7914
0.8323
0.9433
0.8062
0.7655000000000001
0.8922
1.2282000000000002
0.0325
0.0305
0.0205
0.0281
0.0354
0.0402
0.012
0.3376
0.0066
0.044
0.06470000000000001
0.0207
0.0179
0.018000000000000002
0.025599999999999998
0.022600000000000002
0.0098
0.0008
0.0
0.0187
0.1981
0.3092
0.1174
0.175
0.1138
0.1135
0.1192
0.11549999999999999
0.1099
0.09290000000000001
0.056999999999999995
0.0571
0.061
0.055
0.0325
0.024
0.0283
0.024399999999999998
0.0042
0.3967
0.3589
0.0
0.0
0.28190000000000004
0.2121
0.2248
0.1387
0.123
0.0552
0.0532
0.0528
0.052000000000000005
0.0526
0.0503
0.042499999999999996
0.0465
0.041999999999999996
0.052500000000000005
0.0511
0.0521
0.0519
0.053099999999999994
0.0527
0.0537
0.044899999999999995
0.0741
0.0501
0.044899999999999995
0.043
0.0454
0.06420000000000001
0.0727
0.6203000000000001
0.8142
0.7113
0.5772999999999999
0.5754
0.6867000000000001
1.2622
0.7724
0.3522
0.3214
0.3064
0.3199
0.31720000000000004
0.3147
0.3327
0.394
0.5428
0.603
0.7011000000000001
1.0341
1.3375
0.9365
0.6225
2.6189
0.8454999999999999
0.6317999999999999
0.5095
0.41669999999999996
0.3407
0.29259999999999997
0.2403
0.2268
0.23070000000000002
0.2351
0.251
0.2545
0.2666
0.2794
0.2783
0.2996
0.35009999999999997
0.4982
0.7551
1.1076000000000001
0.7756000000000001
0.5609
0.515
2.2019
0.4266
0.3929
0.36939999999999995
0.3564
0.3555
0.362
0.389
0.43489999999999995
0.4943
0.5204
0.5465
0.5803
0.8763
1.0716999999999999
0.8416
0.913
1.0502
2.4497999999999998
1.0325
1.042
1.0134
0.9489000000000001
0.8659
0.6472
0.5781000000000001
0.5367
0.5245
0.5053000000000001
0.4968
0.4723
0.4676
1.4667
0.8936999999999999
0.9331
1.1492
1.3415
0.6701
0.5722
0.5745
0.7130000000000001
0.7884
0.7914
0.8323
0.9433
0.8062
0.7655000000000001
0.8922
1.2282000000000002
0.0325
0.0305
0.0205
0.0281
0.0354
0.0402
0.012
0.3376
0.0066
0.044
0.06470000000000001
0.0207
0.0179
0.018000000000000002
0.025599999999999998
0.022600000000000002
0.0098
0.0008
0.0
0.0187
0.1981
0.3092
0.1174
0.175
0.1138
0.1135
0.1192
0.11549999999999999
0.1099
0.09290000000000001
0.056999999999999995
0.0571
0.061
0.055
0.0325
0.024
0.0283
0.024399999999999998
0.0042
0.3967
0.3589
0.0
0.0
0.28190000000000004
0.2121
0.2248
0.1387
0.123
0.0552
0.0532
0.0528
0.052000000000000005
0.0526
0.0503
0.042499999999999996
0.0465
0.041999999999999996
0.052500000000000005
0.0511
0.0521
0.0519
0.053099999999999994
0.0527
0.0537
0.044899999999999995
0.0741
0.0501
0.044899999999999995
0.043
0.0454
0.06420000000000001
0.0727
0.2024
0.2104
0.1973
0.1997
0.2005
0.4627
0.792
0.7478
0.0091
0.5834
0.4842
0.0648
0.012700000000000001
0.027
0.0407
0.0207
0.0308
0.021900000000000003
0.0072
0.0169
0.1026
0.2969
0.4707
0.28600000000000003
7.2614
3.8586
3.1037
0.23070000000000002
0.11
0.0864
0.0804
0.188
0.0948
0.054
0.08560000000000001
0.30210000000000004
0.6146
0.7847999999999999
1.0951
2.6299
4.1668
1.2582
0.3641
0.4067
0.29800000000000004
0.2052
0.3517
5.5019
0.7491000000000001
0.7351000000000001
0.6990000000000001
0.6638
0.6098
0.4609
0.41359999999999997
1.6514000000000002
0.8044
0.5042
0.4283
0.35250000000000004
0.22540000000000002
0.1642
0.1506
0.1221
2.0684
5.5075
5.3301
5.2330000000000005
5.5516000000000005
5.4303
6.3434
5.9099
0.1386
0.14750000000000002
0.14700000000000002
0.14079999999999998
0.1352
0.1502
0.1719
0.1721
0.16510000000000002
0.3487
1.3751
0.504
0.3951
0.39980000000000004
0.5689
1.7814999999999999
2.2772
1.6107999999999998
0.3278
0.26880000000000004
0.1718
0.059800000000000006
0.07
0.0756
0.17070000000000002
0.20479999999999998
0.20700000000000002
0.1881
0.1624
1.8668
1.5796000000000001
1.0055
0.6478
0.5509
0.5294
0.5659
0.5688
0.5577
0.5628
0.5929
1.252
0.8568
0.4527
0.3527
0.1879
0.0807
0.0726
0.0907
3.3042
3.0941
3.2737
3.3651
3.46
3.5757000000000003
4.4367
4.0291
1.6126
2.5678
3.7378
4.9581
1.5507
0.6799
0.4763
0.43
0.501
0.7637
5.4277999999999995
4.1649
5.792199999999999
5.6873000000000005
4.0135
1.7243
0.5133000000000001
0.486
0.4697
0.4627
0.4656
0.4962
0.519
0.45130000000000003
0.4478
0.405
0.3925
0.3859
0.4052
0.42810000000000004
0.4504
0.49
1.3016
1.7806
0.7665
0.8475
1.1844
0.8158
0.964
0.6847000000000001
0.2024
0.2104
0.1973
0.1997
0.2005
0.4627
0.792
0.7478
0.0091
0.5834
0.4842
0.0648
0.012700000000000001
0.027
0.0407
0.0207
0.0308
0.021900000000000003
0.0072
0.0169
0.1026
0.2969
0.4707
0.28600000000000003
7.2614
3.8586
3.1037
0.23070000000000002
0.11
0.0864
0.0804
0.188
0.0948
0.054
0.08560000000000001
0.30210000000000004
0.6146
0.7847999999999999
1.0951
2.6299
4.1668
1.2582
0.3641
0.4067
0.29800000000000004
0.2052
0.3517
5.5019
0.7491000000000001
0.7351000000000001
0.6990000000000001
0.6638
0.6098
0.4609
0.41359999999999997
1.6514000000000002
0.8044
0.5042
0.4283
0.35250000000000004
0.22540000000000002
0.1642
0.1506
0.1221
2.0684
5.5075
5.3301
5.2330000000000005
5.5516000000000005
5.4303
6.3434
5.9099
0.1386
0.14750000000000002
0.14700000000000002
0.14079999999999998
0.1352
0.1502
0.1719
0.1721
0.16510000000000002
0.3487
1.3751
0.504
0.3951
0.39980000000000004
0.5689
1.7814999999999999
2.2772
1.6107999999999998
0.3278
0.26880000000000004
0.1718
0.059800000000000006
0.07
0.0756
0.17070000000000002
0.20479999999999998
0.20700000000000002
0.1881
0.1624
1.8668
1.5796000000000001
1.0055
0.6478
0.5509
0.5294
0.5659
0.5688
0.5577
0.5628
0.5929
1.252
0.8568
0.4527
0.3527
0.1879
0.0807
0.0726
0.0907
3.3042
3.0941
3.2737
3.3651
3.46
3.5757000000000003
4.4367
4.0291
1.6126
2.5678
3.7378
4.9581
1.5507
0.6799
0.4763
0.43
0.501
0.7637
5.4277999999999995
4.1649
5.792199999999999
5.6873000000000005
4.0135
1.7243
0.5133000000000001
0.486
0.4697
0.4627
0.4656
0.4962
0.519
0.45130000000000003
0.4478
0.405
0.3925
0.3859
0.4052
0.42810000000000004
0.4504
0.49
1.3016
1.7806
0.7665
0.8475
1.1844
0.8158
0.964
0.6847000000000001
0.2024
0.2104
0.1973
0.1997
0.2005
0.4627
0.792
0.7478
0.0091
0.5834
0.4842
0.0648
0.012700000000000001
0.027
0.0407
0.0207
0.0308
0.021900000000000003
0.0072
0.0169
0.1026
0.2969
0.4707
0.28600000000000003
7.2614
3.8586
3.1037
0.23070000000000002
0.11
0.0864
0.0804
0.188
0.0948
0.054
0.08560000000000001
0.30210000000000004
0.6146
0.7847999999999999
1.0951
2.6299
4.1668
1.2582
0.3641
0.4067
0.29800000000000004
0.2052
0.3517
5.5019
0.7491000000000001
0.7351000000000001
0.6990000000000001
0.6638
0.6098
0.4609
0.41359999999999997
1.6514000000000002
0.8044
0.5042
0.4283
0.35250000000000004
0.22540000000000002
0.1642
0.1506
0.1221
2.0684
5.5075
5.3301
5.2330000000000005
5.5516000000000005
5.4303
6.3434
5.9099
0.1386
0.14750000000000002
0.14700000000000002
0.14079999999999998
0.1352
0.1502
0.1719
0.1721
0.16510000000000002
0.3487
1.3751
0.504
0.3951
0.39980000000000004
0.5689
1.7814999999999999
2.2772
1.6107999999999998
0.3278
0.26880000000000004
0.1718
0.059800000000000006
0.07
0.0756
0.17070000000000002
0.20479999999999998
0.20700000000000002
0.1881
0.1624
1.8668
1.5796000000000001
1.0055
0.6478
0.5509
0.5294
0.5659
0.5688
0.5577
0.5628
0.5929
1.252
0.8568
0.4527
0.3527
0.1879
0.0807
0.0726
0.0907
3.3042
3.0941
3.2737
3.3651
3.46
3.5757000000000003
4.4367
4.0291
1.6126
2.5678
3.7378
4.9581
1.5507
0.6799
0.4763
0.43
0.501
0.7637
5.4277999999999995
4.1649
5.792199999999999
5.6873000000000005
4.0135
1.7243
0.5133000000000001
0.486
0.4697
0.4627
0.4656
0.4962
0.519
0.45130000000000003
0.4478
0.405
0.3925
0.3859
0.4052
0.42810000000000004
0.4504
0.49
1.3016
1.7806
0.7665
0.8475
1.1844
0.8158
0.964
0.6847000000000001
0.2024
0.2104
0.1973
0.1997
0.2005
0.4627
0.792
0.7478
0.0091
0.5834
0.4842
0.0648
0.012700000000000001
0.027
0.0407
0.0207
0.0308
0.021900000000000003
0.0072
0.0169
0.1026
0.2969
0.4707
0.28600000000000003
7.2614
3.8586
3.1037
0.23070000000000002
0.11
0.0864
0.0804
0.188
0.0948
0.054
0.08560000000000001
0.30210000000000004
0.6146
0.7847999999999999
1.0951
2.6299
4.1668
1.2582
0.3641
0.4067
0.29800000000000004
0.2052
0.3517
5.5019
0.7491000000000001
0.7351000000000001
0.6990000000000001
0.6638
0.6098
0.4609
0.41359999999999997
1.6514000000000002
0.8044
0.5042
0.4283
0.35250000000000004
0.22540000000000002
0.1642
0.1506
0.1221
2.0684
5.5075
5.3301
5.2330000000000005
5.5516000000000005
5.4303
6.3434
5.9099
0.1386
0.14750000000000002
0.14700000000000002
0.14079999999999998
0.1352
0.1502
0.1719
0.1721
0.16510000000000002
0.3487
1.3751
0.504
0.3951
0.39980000000000004
0.5689
1.7814999999999999
2.2772
1.6107999999999998
0.3278
0.26880000000000004
0.1718
0.059800000000000006
0.07
0.0756
0.17070000000000002
0.20479999999999998
0.20700000000000002
0.1881
0.1624
1.8668
1.5796000000000001
1.0055
0.6478
0.5509
0.5294
0.5659
0.5688
0.5577
0.5628
0.5929
1.252
0.8568
0.4527
0.3527
0.1879
0.0807
0.0726
0.0907
3.3042
3.0941
3.2737
3.3651
3.46
3.5757000000000003
4.4367
4.0291
1.6126
2.5678
3.7378
4.9581
1.5507
0.6799
0.4763
0.43
0.501
0.7637
5.4277999999999995
4.1649
5.792199999999999
5.6873000000000005
4.0135
1.7243
0.5133000000000001
0.486
0.4697
0.4627
0.4656
0.4962
0.519
0.45130000000000003
0.4478
0.405
0.3925
0.3859
0.4052
0.42810000000000004
0.4504
0.49
1.3016
1.7806
0.7665
0.8475
1.1844
0.8158
0.964
0.6847000000000001
0.2024
0.2104
0.1973
0.1997
0.2005
0.4627
0.792
0.7478
0.0091
0.5834
0.4842
0.0648
0.012700000000000001
0.027
0.0407
0.0207
0.0308
0.021900000000000003
0.0072
0.0169
0.1026
0.2969
0.4707
0.28600000000000003
7.2614
3.8586
3.1037
0.23070000000000002
0.11
0.0864
0.0804
0.188
0.0948
0.054
0.08560000000000001
0.30210000000000004
0.6146
0.7847999999999999
1.0951
2.6299
4.1668
1.2582
0.3641
0.4067
0.29800000000000004
0.2052
0.3517
5.5019
0.7491000000000001
0.7351000000000001
0.6990000000000001
0.6638
0.6098
0.4609
0.41359999999999997
1.6514000000000002
0.8044
0.5042
0.4283
0.35250000000000004
0.22540000000000002
0.1642
0.1506
0.1221
2.0684
5.5075
5.3301
5.2330000000000005
5.5516000000000005
5.4303
6.3434
5.9099
0.1145
0.1059
0.1051
0.0905
0.10930000000000001
0.1208
0.1101
0.2205
0.2772
0.5541
1.0946
0.42310000000000003
0.2566
1.0752
1.4659
0.1397
0.1147
0.12359999999999999
0.0697
0.8486
0.15589999999999998
0.14129999999999998
0.0969
0.1096
1.2487
0.0204
0.0707
0.10930000000000001
0.1402
0.1795
0.1992
0.2845
0.6091
0.7731
1.0104
1.0952000000000002
0.9639
1.0281
1.5877
0.7339
0.497
0.4274
0.3936
0.3719
0.4313
0.8933
1.453
0.7373000000000001
0.173
0.1577
0.1583
0.1551
0.14739999999999998
0.1721
0.22510000000000002
0.2122
0.3742
0.4941
0.312
0.18209999999999998
0.14400000000000002
0.1147
0.1265
0.5173
0.1031
0.0754
0.03
0.0073
0.029400000000000003
0.0679
0.3125
0.34340000000000004
0.28200000000000003
0.2783
0.2602
0.2491
0.2351
0.2233
0.2244
0.2619
1.1157000000000001
0.9235
0.3216
0.4592
0.4105
0.2885
0.257
0.2331
1.1397
0.1763
0.0625
0.009600000000000001
0.012499999999999999
0.05890000000000001
0.16010000000000002
0.27480000000000004
0.0571
0.1871
0.48839999999999995
0.24689999999999998
0.0229
0.045200000000000004
0.053099999999999994
0.035500000000000004
0.056299999999999996
0.0634
0.0595
0.0435
0.0675
0.4538
0.0004
0.0
0.0
0.0
0.1758
0.6958
0.2496
0.244
0.14550000000000002
1.4756
0.3506
0.3145
0.2787
0.272
0.27149999999999996
0.2508
0.3117
0.9108
0.5203
0.28659999999999997
0.249
0.2299
0.2501
0.2545
0.27259999999999995
0.3667
0.4392
0.5078
0.5439
1.1511
1.1817
0.7178
0.744
0.6073999999999999
0.7852
0.6419
0.7110000000000001
0.3523
0.3059
0.31179999999999997
0.3758
0.3901
0.2531
0.1684
0.1383
0.1153
0.10930000000000001
0.1036
0.1212
0.1266
0.1325
0.1724
0.201
0.27149999999999996
0.4605
0.7078
0.7197
0.5907
0.1145
0.1059
0.1051
0.0905
0.10930000000000001
0.1208
0.1101
0.2205
0.2772
0.5541
1.0946
0.42310000000000003
0.2566
1.0752
1.4659
0.1397
0.1147
0.12359999999999999
0.0697
0.8486
0.15589999999999998
0.14129999999999998
0.0969
0.1096
1.2487
0.0204
0.0707
0.10930000000000001
0.1402
0.1795
0.1992
0.2845
0.6091
0.7731
1.0104
1.0952000000000002
0.9639
1.0281
1.5877
0.7339
0.497
0.4274
0.3936
0.3719
0.4313
0.8933
1.453
0.7373000000000001
0.173
0.1577
0.1583
0.1551
0.14739999999999998
0.1721
0.22510000000000002
0.2122
0.3742
0.4941
0.312
0.18209999999999998
0.14400000000000002
0.1147
0.1265
0.5173
0.1031
0.0754
0.03
0.0073
0.029400000000000003
0.0679
0.3125
0.34340000000000004
0.28200000000000003
0.2783
0.2602
0.2491
0.2351
0.2233
0.2244
0.2619
1.1157000000000001
0.9235
0.3216
0.4592
0.4105
0.2885
0.257
0.2331
1.1397
0.1763
0.0625
0.009600000000000001
0.012499999999999999
0.05890000000000001
0.16010000000000002
0.27480000000000004
0.0571
0.1871
0.48839999999999995
0.24689999999999998
0.0229
0.045200000000000004
0.053099999999999994
0.035500000000000004
0.056299999999999996
0.0634
0.0595
0.0435
0.0675
0.4538
0.0004
0.0
0.0
0.0
0.1758
0.6958
0.2496
0.244
0.14550000000000002
1.4756
0.3506
0.3145
0.2787
0.272
0.27149999999999996
0.2508
0.3117
0.9108
0.5203
0.28659999999999997
0.249
0.2299
0.2501
0.2545
0.27259999999999995
0.3667
0.4392
0.5078
0.5439
1.1511
1.1817
0.7178
0.744
0.6073999999999999
0.7852
0.6419
0.7110000000000001
0.3523
0.3059
0.31179999999999997
0.3758
0.3901
0.2531
0.1684
0.1383
0.1153
0.10930000000000001
0.1036
0.1212
0.1266
0.1325
0.1724
0.201
0.27149999999999996
0.4605
0.7078
0.7197
0.5907
0.1145
0.1059
0.1051
0.0905
0.10930000000000001
0.1208
0.1101
0.2205
0.2772
0.5541
1.0946
0.42310000000000003
0.2566
1.0752
1.4659
0.1397
0.1147
0.12359999999999999
0.0697
0.8486
0.15589999999999998
0.14129999999999998
0.0969
0.1096
1.2487
0.0204
0.0707
0.10930000000000001
0.1402
0.1795
0.1992
0.2845
0.6091
0.7731
1.0104
1.0952000000000002
0.9639
1.0281
1.5877
0.7339
0.497
0.4274
0.3936
0.3719
0.4313
0.8933
1.453
0.7373000000000001
0.173
0.1577
0.1583
0.1551
0.14739999999999998
0.1721
0.22510000000000002
0.2122
0.3742
0.4941
0.312
0.18209999999999998
0.14400000000000002
0.1147
0.1265
0.5173
0.1031
0.0754
0.03
0.0073
0.029400000000000003
0.0679
0.3125
0.34340000000000004
0.28200000000000003
0.2783
0.2602
0.2491
0.2351
0.2233
0.2244
0.2619
1.1157000000000001
0.9235
0.3216
0.4592
0.4105
0.2885
0.257
0.2331
1.1397
0.1763
0.0625
0.009600000000000001
0.012499999999999999
0.05890000000000001
0.16010000000000002
0.27480000000000004
0.0571
0.1871
0.48839999999999995
0.24689999999999998
0.0229
0.045200000000000004
0.053099999999999994
0.035500000000000004
0.056299999999999996
0.0634
0.0595
0.0435
0.0675
0.4538
0.0004
0.0
0.0
0.0
0.1758
0.6958
0.2496
0.244
0.14550000000000002
1.4756
0.3506
0.3145
0.2787
0.272
0.27149999999999996
0.2508
0.3117
0.9108
0.5203
0.28659999999999997
0.249
0.2299
0.2501
0.2545
0.27259999999999995
0.3667
0.4392
0.5078
0.5439
1.1511
1.1817
0.7178
0.744
0.6073999999999999
0.7852
0.6419
0.7110000000000001
0.3523
0.3059
0.31179999999999997
0.3758
0.3901
0.2531
0.1684
0.1383
0.1153
0.10930000000000001
0.1036
0.1212
0.1266
0.1325
0.1724
0.201
0.27149999999999996
0.4605
0.7078
0.7197
0.5907
0.1145
0.1059
0.1051
0.0905
0.10930000000000001
0.1208
0.1101
0.2205
0.2772
0.5541
1.0946
0.42310000000000003
0.2566
1.0752
1.4659
0.1397
0.1147
0.12359999999999999
0.0697
0.8486
0.15589999999999998
0.14129999999999998
0.0969
0.1096
1.2487
0.0204
0.0707
0.10930000000000001
0.1402
0.1795
0.1992
0.2845
0.6091
0.7731
1.0104
1.0952000000000002
0.9639
1.0281
1.5877
0.7339
0.497
0.4274
0.3936
0.3719
0.4313
0.8933
1.453
0.7373000000000001
0.173
0.1577
0.1583
0.1551
0.14739999999999998
0.1721
0.22510000000000002
0.2122
0.3742
0.4941
0.312
0.18209999999999998
0.14400000000000002
0.1147
0.1265
0.5173
0.1031
0.0754
0.03
0.0073
0.029400000000000003
0.0679
0.3125
0.34340000000000004
0.28200000000000003
0.2783
0.2602
0.2491
0.2351
0.2233
0.2244
0.2619
1.1157000000000001
0.9235
0.3216
0.4592
0.4105
0.2885
0.257
0.2331
1.1397
0.1763
0.0625
0.009600000000000001
0.012499999999999999
0.05890000000000001
0.16010000000000002
0.27480000000000004
0.0571
0.1871
0.48839999999999995
0.24689999999999998
0.0229
0.045200000000000004
0.053099999999999994
0.035500000000000004
0.056299999999999996
0.0634
0.0595
0.0435
0.0675
0.4538
0.0004
0.0
0.0
0.0
0.1758
0.6958
0.2496
0.244
0.14550000000000002
1.4756
0.3506
0.3145
0.2787
0.272
0.27149999999999996
0.2508
0.3117
0.9108
0.5203
0.28659999999999997
0.249
0.2299
0.2501
0.2545
0.27259999999999995
0.3667
0.4392
0.5078
0.5439
1.1511
1.1817
0.7178
0.744
0.6073999999999999
0.7852
0.6419
0.7110000000000001
0.3523
0.3059
0.31179999999999997
0.3758
0.3901
0.2531
0.1684
0.1383
0.1153
0.10930000000000001
0.1036
0.1212
0.1266
0.1325
0.1724
0.201
0.27149999999999996
0.4605
0.7078
0.7197
0.5907
0.1145
0.1059
0.1051
0.0905
0.10930000000000001
0.1208
0.1101
0.2205
0.2772
0.5541
1.0946
0.42310000000000003
0.2566
1.0752
1.4659
0.1397
0.1147
0.12359999999999999
0.0697
0.8486
0.15589999999999998
0.14129999999999998
0.0969
0.1096
1.2487
0.0204
0.0707
0.10930000000000001
0.1402
0.1795
0.1992
0.2845
0.6091
0.7731
1.0104
1.0952000000000002
0.9639
1.0281
1.5877
0.7339
0.497
0.4274
0.3936
0.3719
0.4313
0.8933
1.453
0.7373000000000001
0.173
0.1577
0.1583
0.1551
0.14739999999999998
0.1721
0.22510000000000002
0.2122
0.3742
0.4941
0.312
0.18209999999999998
0.14400000000000002
0.1147
0.1265
0.5173
0.1031
0.0754
0.03
0.0073
0.029400000000000003
0.0679
0.3125
0.34340000000000004
0.0327
0.0405
0.0417
0.0333
0.0223
0.0118
0.0
0.0119
0.1207
0.052700000000000004
0.0298
0.028999999999999998
0.0204
0.0276
0.10869999999999999
0.3471
0.21250000000000002
1.2868
0.3929
0.4694
0.8260000000000001
0.761
0.3288
0.0861
0.038000000000000006
0.0364
0.036500000000000005
0.034
0.0308
0.030699999999999998
0.0241
0.0237
0.0187
0.0247
0.0236
0.0266
0.0284
0.0278
0.0288
0.028900000000000002
0.025300000000000003
0.0392
0.0232
0.024
0.0247
0.0237
0.0336
0.0438
1.0791
0.4898
0.2469
0.19540000000000002
0.21339999999999998
0.3204
0.3845
0.5158
0.6015
0.2334
0.2509
0.2465
0.2978
0.4928
0.2379
0.1856
0.1553
0.1392
0.124
0.1238
0.0601
0.1303
1.1103
0.8404
0.0361
0.0354
0.0354
0.035
0.0369
0.0389
0.030399999999999996
0.026299999999999997
0.0237
0.0266
0.023
0.0243
0.0269
0.0264
0.0276
0.0296
0.0253
0.0392
0.038900000000000004
0.0359
0.0405
0.039
0.0468
0.0514
0.3802
0.34199999999999997
0.3183
0.3378
0.35940000000000005
0.43479999999999996
1.201
1.2446
0.25470000000000004
0.197
0.2031
0.1666
0.2542
0.36970000000000003
0.44189999999999996
0.5472
0.7078
2.6153
2.4269
3.6626
10.169
8.9561
9.4622
0.5736
0.3479
0.3357
0.2843
0.2643
0.2748
0.31579999999999997
0.27090000000000003
0.3003
0.7576
1.9973
0.9876
0.6655
0.41559999999999997
0.3426
0.47109999999999996
0.5155000000000001
0.3205
0.25970000000000004
0.2617
0.4598
1.187
4.8312
0.2923
3.7492
0.1357
0.1188
0.09659999999999999
0.087
0.08529999999999999
0.1134
0.1774
0.2576
1.4574
0.791
0.12159999999999999
0.1466
0.1625
0.1806
0.3028
0.3849
0.6821
1.3084
0.0954
0.0422
0.0326
0.0032
0.6499
0.8974
0.0327
0.0405
0.0417
0.0333
0.0223
0.0118
0.0
0.0119
0.1207
0.052700000000000004
0.0298
0.028999999999999998
0.0204
0.0276
0.10869999999999999
0.3471
0.21250000000000002
1.2868
0.3929
0.4694
0.8260000000000001
0.761
0.3288
0.0861
0.038000000000000006
0.0364
0.036500000000000005
0.034
0.0308
0.030699999999999998
0.0241
0.0237
0.0187
0.0247
0.0236
0.0266
0.0284
0.0278
0.0288
0.028900000000000002
0.025300000000000003
0.0392
0.0232
0.024
0.0247
0.0237
0.0336
0.0438
1.0791
0.4898
0.2469
0.19540000000000002
0.21339999999999998
0.3204
0.3845
0.5158
0.6015
0.2334
0.2509
0.2465
0.2978
0.4928
0.2379
0.1856
0.1553
0.1392
0.124
0.1238
0.0601
0.1303
1.1103
0.8404
0.0361
0.0354
0.0354
0.035
0.0369
0.0389
0.030399999999999996
0.026299999999999997
0.0237
0.0266
0.023
0.0243
0.0269
0.0264
0.0276
0.0296
0.0253
0.0392
0.038900000000000004
0.0359
0.0405
0.039
0.0468
0.0514
0.3802
0.34199999999999997
0.3183
0.3378
0.35940000000000005
0.43479999999999996
1.201
1.2446
0.25470000000000004
0.197
0.2031
0.1666
0.2542
0.36970000000000003
0.44189999999999996
0.5472
0.7078
2.6153
2.4269
3.6626
10.169
8.9561
9.4622
0.5736
0.3479
0.3357
0.2843
0.2643
0.2748
0.31579999999999997
0.27090000000000003
0.3003
0.7576
1.9973
0.9876
0.6655
0.41559999999999997
0.3426
0.47109999999999996
0.5155000000000001
0.3205
0.25970000000000004
0.2617
0.4598
1.187
4.8312
0.2923
3.7492
0.1357
0.1188
0.09659999999999999
0.087
0.08529999999999999
0.1134
0.1774
0.2576
1.4574
0.791
0.12159999999999999
0.1466
0.1625
0.1806
0.3028
0.3849
0.6821
1.3084
0.0954
0.0422
0.0326
0.0032
0.6499
0.8974
0.0327
0.0405
0.0417
0.0333
0.0223
0.0118
0.0
0.0119
0.1207
0.052700000000000004
0.0298
0.028999999999999998
0.0204
0.0276
0.10869999999999999
0.3471
0.21250000000000002
1.2868
0.3929
0.4694
0.8260000000000001
0.761
0.3288
0.0861
0.038000000000000006
0.0364
0.036500000000000005
0.034
0.0308
0.030699999999999998
0.0241
0.0237
0.0187
0.0247
0.0236
0.0266
0.0284
0.0278
0.0288
0.028900000000000002
0.025300000000000003
0.0392
0.0232
0.024
0.0247
0.0237
0.0336
0.0438
1.0791
0.4898
0.2469
0.19540000000000002
0.21339999999999998
0.3204
0.3845
0.5158
0.6015
0.2334
0.2509
0.2465
0.2978
0.4928
0.2379
0.1856
0.1553
0.1392
0.124
0.1238
0.0601
0.1303
1.1103
0.8404
0.0361
0.0354
0.0354
0.035
0.0369
0.0389
0.030399999999999996
0.026299999999999997
0.0237
0.0266
0.023
0.0243
0.0269
0.0264
0.0276
0.0296
0.0253
0.0392
0.038900000000000004
0.0359
0.0405
0.039
0.0468
0.0514
0.3802
0.34199999999999997
0.3183
0.3378
0.35940000000000005
0.43479999999999996
1.201
1.2446
0.25470000000000004
0.197
0.2031
0.1666
0.2542
0.36970000000000003
0.44189999999999996
0.5472
0.7078
2.6153
2.4269
3.6626
10.169
8.9561
9.4622
0.5736
0.3479
0.3357
0.2843
0.2643
0.2748
0.31579999999999997
0.27090000000000003
0.3003
0.7576
1.9973
0.9876
0.6655
0.41559999999999997
0.3426
0.47109999999999996
0.5155000000000001
0.3205
0.25970000000000004
0.2617
0.4598
1.187
4.8312
0.2923
3.7492
0.1357
0.1188
0.09659999999999999
0.087
0.08529999999999999
0.1134
0.1774
0.2576
1.4574
0.791
0.12159999999999999
0.1466
0.1625
0.1806
0.3028
0.3849
0.6821
1.3084
0.0954
0.0422
0.0326
0.0032
0.6499
0.8974
0.0327
0.0405
0.0417
0.0333
0.0223
0.0118
0.0
0.0119
0.1207
0.052700000000000004
0.0298
0.028999999999999998
0.0204
0.0276
0.10869999999999999
0.3471
0.21250000000000002
1.2868
0.3929
0.4694
0.8260000000000001
0.761
0.3288
0.0861
0.038000000000000006
0.0364
0.036500000000000005
0.034
0.0308
0.030699999999999998
0.0241
0.0237
0.0187
0.0247
0.0236
0.0266
0.0284
0.0278
0.0288
0.028900000000000002
0.025300000000000003
0.0392
0.0232
0.024
0.0247
0.0237
0.0336
0.0438
1.0791
0.4898
0.2469
0.19540000000000002
0.21339999999999998
0.3204
0.3845
0.5158
0.6015
0.2334
0.2509
0.2465
0.2978
0.4928
0.2379
0.1856
0.1553
0.1392
0.124
0.1238
0.0601
0.1303
1.1103
0.8404
0.0361
0.0354
0.0354
0.035
0.0369
0.0389
0.030399999999999996
0.026299999999999997
0.0237
0.0266
0.023
0.0243
0.0269
0.0264
0.0276
0.0296
0.0253
0.0392
0.038900000000000004
0.0359
0.0405
0.039
0.0468
0.0514
0.3802
0.34199999999999997
0.3183
0.3378
0.35940000000000005
0.43479999999999996
1.201
1.2446
0.25470000000000004
0.197
0.2031
0.1666
0.2542
0.36970000000000003
0.44189999999999996
0.5472
0.7078
2.6153
2.4269
3.6626
10.169
8.9561
9.4622
0.5736
0.3479
0.3357
0.2843
0.2643
0.2748
0.31579999999999997
0.27090000000000003
0.3003
0.7576
1.9973
0.9876
0.6655
0.41559999999999997
0.3426
0.47109999999999996
0.5155000000000001
0.3205
0.25970000000000004
0.2617
0.4598
1.187
4.8312
0.2923
3.7492
0.1357
0.1188
0.09659999999999999
0.087
0.08529999999999999
0.1134
0.1774
0.2576
1.4574
0.791
0.12159999999999999
0.1466
0.1625
0.1806
0.3028
0.3849
0.6821
1.3084
0.0954
0.0422
0.0326
0.0032
0.6499
0.8974
0.0327
0.0405
0.0417
0.0333
0.0223
0.0118
0.0
0.0119
0.1207
0.052700000000000004
0.0298
0.028999999999999998
0.0204
0.0276
0.10869999999999999
0.3471
0.21250000000000002
1.2868
0.3929
0.4694
0.8260000000000001
0.761
0.3288
0.0861
0.038000000000000006
0.0364
0.036500000000000005
0.034
0.0308
0.030699999999999998
0.0241
0.0237
0.0187
0.0247
0.0236
0.0266
0.0284
0.0278
0.0288
0.028900000000000002
0.025300000000000003
0.0392
0.0232
0.024
0.0247
0.0237
0.0336
0.0438
2.638
1.3285
0.5769
0.536
0.5992999999999999
0.8552
0.7574000000000001
0.6498999999999999
0.6073
0.5877
0.5818
0.5948
0.5984
0.7366
0.8045
0.5644
0.5952
0.5538000000000001
1.6912
0.6812
0.8069
0.9641
0.7594000000000001
0.8748
0.4377
0.48619999999999997
0.4685
0.3852
0.3494
0.35660000000000003
0.3183
0.2974
0.2263
0.21989999999999998
0.2289
0.2465
0.2736
0.3456
0.4417
0.35150000000000003
0.3721
0.7661
1.2364
0.6174
0.5741
0.5186
0.4525
0.7943
0.22089999999999999
0.2336
0.2202
0.2338
0.2804
0.26339999999999997
0.5948
0.7716
0.4546
0.9425
1.1503999999999999
0.4629
0.4927
0.9321999999999999
0.8187
0.5725
0.4511
0.42110000000000003
0.4688
0.7363
0.4452
0.26
0.2239
0.2237
1.613
2.2512
2.0242
0.4503
0.12639999999999998
0.097
0.188
0.2506
0.31279999999999997
0.17420000000000002
0.1632
0.1452
0.13119999999999998
0.0926
0.1334
0.4144
4.5197
5.1786
6.5806000000000004
7.603
6.6439
5.055
3.6534
8.2262
0.21239999999999998
0.2652
0.2955
0.2659
0.2383
0.24020000000000002
1.7678
0.6557
0.1825
0.123
0.12290000000000001
0.1106
0.10389999999999999
0.1037
0.124
0.1056
0.1313
0.1839
0.597
0.7159
0.1706
0.0133
0.0089
0.0276
0.2224
0.22920000000000001
0.2195
0.2041
0.2036
0.1988
0.31579999999999997
1.0664
0.2223
0.32130000000000003
0.43520000000000003
0.8458
0.6910000000000001
0.5003
0.5434
0.38880000000000003
0.31930000000000003
0.31710000000000005
0.319
0.5411
0.9055
0.0117
0.0535
0.0848
2.3615
2.0572
1.9383
1.7721
1.7983
1.6444999999999999
2.0198
0.3119
0.2863
0.164
0.0963
0.3316
1.1408
1.6293
0.8739
0.368
0.5992
3.7174
4.771800000000001
5.1294
2.6324
1.069
1.4746000000000001
1.3917
2.638
1.3285
0.5769
0.536
0.5992999999999999
0.8552
0.7574000000000001
0.6498999999999999
0.6073
0.5877
0.5818
0.5948
0.5984
0.7366
0.8045
0.5644
0.5952
0.5538000000000001
1.6912
0.6812
0.8069
0.9641
0.7594000000000001
0.8748
0.4377
0.48619999999999997
0.4685
0.3852
0.3494
0.35660000000000003
0.3183
0.2974
0.2263
0.21989999999999998
0.2289
0.2465
0.2736
0.3456
0.4417
0.35150000000000003
0.3721
0.7661
1.2364
0.6174
0.5741
0.5186
0.4525
0.7943
0.22089999999999999
0.2336
0.2202
0.2338
0.2804
0.26339999999999997
0.5948
0.7716
0.4546
0.9425
1.1503999999999999
0.4629
0.4927
0.9321999999999999
0.8187
0.5725
0.4511
0.42110000000000003
0.4688
0.7363
0.4452
0.26
0.2239
0.2237
1.613
2.2512
2.0242
0.4503
0.12639999999999998
0.097
0.188
0.2506
0.31279999999999997
0.17420000000000002
0.1632
0.1452
0.13119999999999998
0.0926
0.1334
0.4144
4.5197
5.1786
6.5806000000000004
7.603
6.6439
5.055
3.6534
8.2262
0.21239999999999998
0.2652
0.2955
0.2659
0.2383
0.24020000000000002
1.7678
0.6557
0.1825
0.123
0.12290000000000001
0.1106
0.10389999999999999
0.1037
0.124
0.1056
0.1313
0.1839
0.597
0.7159
0.1706
0.0133
0.0089
0.0276
0.2224
0.22920000000000001
0.2195
0.2041
0.2036
0.1988
0.31579999999999997
1.0664
0.2223
0.32130000000000003
0.43520000000000003
0.8458
0.6910000000000001
0.5003
0.5434
0.38880000000000003
0.31930000000000003
0.31710000000000005
0.319
0.5411
0.9055
0.0117
0.0535
0.0848
2.3615
2.0572
1.9383
1.7721
1.7983
1.6444999999999999
2.0198
0.3119
0.2863
0.164
0.0963
0.3316
1.1408
1.6293
0.8739
0.368
0.5992
3.7174
4.771800000000001
5.1294
2.6324
1.069
1.4746000000000001
1.3917
2.638
1.3285
0.5769
0.536
0.5992999999999999
0.8552
0.7574000000000001
0.6498999999999999
0.6073
0.5877
0.5818
0.5948
0.5984
0.7366
0.8045
0.5644
0.5952
0.5538000000000001
1.6912
0.6812
0.8069
0.9641
0.7594000000000001
0.8748
0.4377
0.48619999999999997
0.4685
0.3852
0.3494
0.35660000000000003
0.3183
0.2974
0.2263
0.21989999999999998
0.2289
0.2465
0.2736
0.3456
0.4417
0.35150000000000003
0.3721
0.7661
1.2364
0.6174
0.5741
0.5186
0.4525
0.7943
0.22089999999999999
0.2336
0.2202
0.2338
0.2804
0.26339999999999997
0.5948
0.7716
0.4546
0.9425
1.1503999999999999
0.4629
0.4927
0.9321999999999999
0.8187
0.5725
0.4511
0.42110000000000003
0.4688
0.7363
0.4452
0.26
0.2239
0.2237
1.613
2.2512
2.0242
0.4503
0.12639999999999998
0.097
0.188
0.2506
0.31279999999999997
0.17420000000000002
0.1632
0.1452
0.13119999999999998
0.0926
0.1334
0.4144
4.5197
5.1786
6.5806000000000004
7.603
6.6439
5.055
3.6534
8.2262
0.21239999999999998
0.2652
0.2955
0.2659
0.2383
0.24020000000000002
1.7678
0.6557
0.1825
0.123
0.12290000000000001
0.1106
0.10389999999999999
0.1037
0.124
0.1056
0.1313
0.1839
0.597
0.7159
0.1706
0.0133
0.0089
0.0276
0.2224
0.22920000000000001
0.2195
0.2041
0.2036
0.1988
0.31579999999999997
1.0664
0.2223
0.32130000000000003
0.43520000000000003
0.8458
0.6910000000000001
0.5003
0.5434
0.38880000000000003
0.31930000000000003
0.31710000000000005
0.319
0.5411
0.9055
0.0117
0.0535
0.0848
2.3615
2.0572
1.9383
1.7721
1.7983
1.6444999999999999
2.0198
0.3119
0.2863
0.164
0.0963
0.3316
1.1408
1.6293
0.8739
0.368
0.5992
3.7174
4.771800000000001
5.1294
2.6324
1.069
1.4746000000000001
1.3917
2.638
1.3285
0.5769
0.536
0.5992999999999999
0.8552
0.7574000000000001
0.6498999999999999
0.6073
0.5877
0.5818
0.5948
0.5984
0.7366
0.8045
0.5644
0.5952
0.5538000000000001
1.6912
0.6812
0.8069
0.9641
0.7594000000000001
0.8748
0.4377
0.48619999999999997
0.4685
0.3852
0.3494
0.35660000000000003
0.3183
0.2974
0.2263
0.21989999999999998
0.2289
0.2465
0.2736
0.3456
0.4417
0.35150000000000003
0.3721
0.7661
1.2364
0.6174
0.5741
0.5186
0.4525
0.7943
0.22089999999999999
0.2336
0.2202
0.2338
0.2804
0.26339999999999997
0.5948
0.7716
0.4546
0.9425
1.1503999999999999
0.4629
0.4927
0.9321999999999999
0.8187
0.5725
0.4511
0.42110000000000003
0.4688
0.7363
0.4452
0.26
0.2239
0.2237
1.613
2.2512
2.0242
0.4503
0.12639999999999998
0.097
0.188
0.2506
0.31279999999999997
0.17420000000000002
0.1632
0.1452
0.13119999999999998
0.0926
0.1334
0.4144
4.5197
5.1786
6.5806000000000004
7.603
6.6439
5.055
3.6534
8.2262
0.21239999999999998
0.2652
0.2955
0.2659
0.2383
0.24020000000000002
1.7678
0.6557
0.1825
0.123
0.12290000000000001
0.1106
0.10389999999999999
0.1037
0.124
0.1056
0.1313
0.1839
0.597
0.7159
0.1706
0.0133
0.0089
0.0276
0.2224
0.22920000000000001
0.2195
0.2041
0.2036
0.1988
0.31579999999999997
1.0664
0.2223
0.32130000000000003
0.43520000000000003
0.8458
0.6910000000000001
0.5003
0.5434
0.38880000000000003
0.31930000000000003
0.31710000000000005
0.319
0.5411
0.9055
0.0117
0.0535
0.0848
2.3615
2.0572
1.9383
1.7721
1.7983
1.6444999999999999
2.0198
0.3119
0.2863
0.164
0.0963
0.3316
1.1408
1.6293
0.8739
0.368
0.5992
3.7174
4.771800000000001
5.1294
2.6324
1.069
1.4746000000000001
1.3917
2.638
1.3285
0.5769
0.536
0.5992999999999999
0.8552
0.7574000000000001
0.6498999999999999
0.6073
0.5877
0.5818
0.5948
0.5984
0.7366
0.8045
0.5644
0.5952
0.5538000000000001
1.6912
0.6812
0.8069
0.9641
0.7594000000000001
0.8748
0.4377
0.48619999999999997
0.4685
0.3852
0.3494
0.35660000000000003
0.3183
0.2974
0.2263
0.21989999999999998
0.2289
0.2465
0.2736
0.3456
0.4417
0.35150000000000003
0.3721
0.7661
1.2364
0.6174
0.5741
0.5186
0.4525
0.7943
0.22089999999999999
0.2336
0.2202
0.2338
0.2804
0.26339999999999997
0.5948
0.7716
0.4546
0.9425
1.1503999999999999
0.4629
0.4927
0.9321999999999999
0.8187
0.5725
0.4511
0.42110000000000003
0.4688
0.7363
0.4452
0.26
0.2239
0.2237
0.3306
0.2933
0.2912
0.27990000000000004
0.29200000000000004
0.3775
0.8819999999999999
1.1926
0.9672000000000001
0.8196
0.6868000000000001
0.6614
0.9269
1.1857
0.765
0.7726999999999999
0.8067
1.4896
1.0369
0.9346
1.0792000000000002
0.7846
0.7886
1.509
1.2671000000000001
1.3569
1.6945999999999999
0.9335
0.1595
0.1788
0.3101
0.3554
0.35340000000000005
0.34750000000000003
0.3098
0.29800000000000004
0.35150000000000003
0.36260000000000003
0.6199
0.8814
1.2256
1.8996
1.6204
1.2431
1.1137000000000001
0.9436
0.6215999999999999
0.39490000000000003
0.5491
0.6293
0.6241
0.5621
0.5279
3.3709
1.3864
1.1819
1.0503
0.9556
0.9523
0.9106000000000001
0.9316
0.9538
2.0728999999999997
1.8567
0.9261999999999999
0.6863999999999999
0.5823
0.4242
0.1755
0.037
0.0397
0.0188
0.3186
0.2767
0.25880000000000003
0.24980000000000002
0.2714
0.2937
0.3536
0.4471
0.656
0.8278
1.142
1.7374999999999998
1.8096
1.9820000000000002
1.6479
1.1909
1.1162999999999998
0.9063
0.8506
1.1463999999999999
1.0831
1.2000000000000002
1.6114
1.127
0.7518
0.7791999999999999
0.9458
0.5111
0.5760000000000001
0.5316000000000001
0.6703
0.6003000000000001
0.4803
0.3589
0.45720000000000005
1.5495
1.6871
2.0462
0.6097
0.3124
0.24730000000000002
0.2264
0.7126
0.1482
0.036500000000000005
0.048299999999999996
0.051300000000000005
0.0
0.574
0.7839
0.633
0.459
0.4343
0.4437
0.4588
0.4641
0.4411
0.4366
0.46030000000000004
0.5227999999999999
0.5967
0.6695
0.8472
1.5579
0.3932
0.4027
0.5327999999999999
0.6038
0.6713
0.5916
0.4847
1.6839
1.4034
0.8229
0.225
0.1738
0.1376
0.13779999999999998
0.1406
0.1542
0.1787
0.1921
0.20500000000000002
0.2236
0.24769999999999998
0.2751
0.3308
0.4949
1.6324
0.6418
0.3185
0.2885
0.28300000000000003
0.35219999999999996
0.6676
0.7697
0.3306
0.2933
0.2912
0.27990000000000004
0.29200000000000004
0.3775
0.8819999999999999
1.1926
0.9672000000000001
0.8196
0.6868000000000001
0.6614
0.9269
1.1857
0.765
0.7726999999999999
0.8067
1.4896
1.0369
0.9346
1.0792000000000002
0.7846
0.7886
1.509
1.2671000000000001
1.3569
1.6945999999999999
0.9335
0.1595
0.1788
0.3101
0.3554
0.35340000000000005
0.34750000000000003
0.3098
0.29800000000000004
0.35150000000000003
0.36260000000000003
0.6199
0.8814
1.2256
1.8996
1.6204
1.2431
1.1137000000000001
0.9436
0.6215999999999999
0.39490000000000003
0.5491
0.6293
0.6241
0.5621
0.5279
3.3709
1.3864
1.1819
1.0503
0.9556
0.9523
0.9106000000000001
0.9316
0.9538
2.0728999999999997
1.8567
0.9261999999999999
0.6863999999999999
0.5823
0.4242
0.1755
0.037
0.0397
0.0188
0.3186
0.2767
0.25880000000000003
0.24980000000000002
0.2714
0.2937
0.3536
0.4471
0.656
0.8278
1.142
1.7374999999999998
1.8096
1.9820000000000002
1.6479
1.1909
1.1162999999999998
0.9063
0.8506
1.1463999999999999
1.0831
1.2000000000000002
1.6114
1.127
0.7518
0.7791999999999999
0.9458
0.5111
0.5760000000000001
0.5316000000000001
0.6703
0.6003000000000001
0.4803
0.3589
0.45720000000000005
1.5495
1.6871
2.0462
0.6097
0.3124
0.24730000000000002
0.2264
0.7126
0.1482
0.036500000000000005
0.048299999999999996
0.051300000000000005
0.0
0.574
0.7839
0.633
0.459
0.4343
0.4437
0.4588
0.4641
0.4411
0.4366
0.46030000000000004
0.5227999999999999
0.5967
0.6695
0.8472
1.5579
0.3932
0.4027
0.5327999999999999
0.6038
0.6713
0.5916
0.4847
1.6839
1.4034
0.8229
0.225
0.1738
0.1376
0.13779999999999998
0.1406
0.1542
0.1787
0.1921
0.20500000000000002
0.2236
0.24769999999999998
0.2751
0.3308
0.4949
1.6324
0.6418
0.3185
0.2885
0.28300000000000003
0.35219999999999996
0.6676
0.7697
0.3306
0.2933
0.2912
0.27990000000000004
0.29200000000000004
0.3775
0.8819999999999999
1.1926
0.9672000000000001
0.8196
0.6868000000000001
0.6614
0.9269
1.1857
0.765
0.7726999999999999
0.8067
1.4896
1.0369
0.9346
1.0792000000000002
0.7846
0.7886
1.509
1.2671000000000001
1.3569
1.6945999999999999
0.9335
0.1595
0.1788
0.3101
0.3554
0.35340000000000005
0.34750000000000003
0.3098
0.29800000000000004
0.35150000000000003
0.36260000000000003
0.6199
0.8814
1.2256
1.8996
1.6204
1.2431
1.1137000000000001
0.9436
0.6215999999999999
0.39490000000000003
0.5491
0.6293
0.6241
0.5621
0.5279
3.3709
1.3864
1.1819
1.0503
0.9556
0.9523
0.9106000000000001
0.9316
0.9538
2.0728999999999997
1.8567
0.9261999999999999
0.6863999999999999
0.5823
0.4242
0.1755
0.037
0.0397
0.0188
0.3186
0.2767
0.25880000000000003
0.24980000000000002
0.2714
0.2937
0.3536
0.4471
0.656
0.8278
1.142
1.7374999999999998
1.8096
1.9820000000000002
1.6479
1.1909
1.1162999999999998
0.9063
0.8506
1.1463999999999999
1.0831
1.2000000000000002
1.6114
1.127
0.7518
0.7791999999999999
0.9458
0.5111
0.5760000000000001
0.5316000000000001
0.6703
0.6003000000000001
0.4803
0.3589
0.45720000000000005
1.5495
1.6871
2.0462
0.6097
0.3124
0.24730000000000002
0.2264
0.7126
0.1482
0.036500000000000005
0.048299999999999996
0.051300000000000005
0.0
0.574
0.7839
0.633
0.459
0.4343
0.4437
0.4588
0.4641
0.4411
0.4366
0.46030000000000004
0.5227999999999999
0.5967
0.6695
0.8472
1.5579
0.3932
0.4027
0.5327999999999999
0.6038
0.6713
0.5916
0.4847
1.6839
1.4034
0.8229
0.225
0.1738
0.1376
0.13779999999999998
0.1406
0.1542
0.1787
0.1921
0.20500000000000002
0.2236
0.24769999999999998
0.2751
0.3308
0.4949
1.6324
0.6418
0.3185
0.2885
0.28300000000000003
0.35219999999999996
0.6676
0.7697
0.3306
0.2933
0.2912
0.27990000000000004
0.29200000000000004
0.3775
0.8819999999999999
1.1926
0.9672000000000001
0.8196
0.6868000000000001
0.6614
0.9269
1.1857
0.765
0.7726999999999999
0.8067
1.4896
1.0369
0.9346
1.0792000000000002
0.7846
0.7886
1.509
1.2671000000000001
1.3569
1.6945999999999999
0.9335
0.1595
0.1788
0.3101
0.3554
0.35340000000000005
0.34750000000000003
0.3098
0.29800000000000004
0.35150000000000003
0.36260000000000003
0.6199
0.8814
1.2256
1.8996
1.6204
1.2431
1.1137000000000001
0.9436
0.6215999999999999
0.39490000000000003
0.5491
0.6293
0.6241
0.5621
0.5279
3.3709
1.3864
1.1819
1.0503
0.9556
0.9523
0.9106000000000001
0.9316
0.9538
2.0728999999999997
1.8567
0.9261999999999999
0.6863999999999999
0.5823
0.4242
0.1755
0.037
0.0397
0.0188
0.3186
0.2767
0.25880000000000003
0.24980000000000002
0.2714
0.2937
0.3536
0.4471
0.656
0.8278
1.142
1.7374999999999998
1.8096
1.9820000000000002
1.6479
1.1909
1.1162999999999998
0.9063
0.8506
1.1463999999999999
1.0831
1.2000000000000002
1.6114
1.127
0.7518
0.7791999999999999
0.9458
0.5111
0.5760000000000001
0.5316000000000001
0.6703
0.6003000000000001
0.4803
0.3589
0.45720000000000005
1.5495
1.6871
2.0462
0.6097
0.3124
0.24730000000000002
0.2264
0.7126
0.1482
0.036500000000000005
0.048299999999999996
0.051300000000000005
0.0
0.574
0.7839
0.633
0.459
0.4343
0.4437
0.4588
0.4641
0.4411
0.4366
0.46030000000000004
0.5227999999999999
0.5967
0.6695
0.8472
1.5579
0.3932
0.4027
0.5327999999999999
0.6038
0.6713
0.5916
0.4847
1.6839
1.4034
0.8229
0.225
0.1738
0.1376
0.13779999999999998
0.1406
0.1542
0.1787
0.1921
0.20500000000000002
0.2236
0.24769999999999998
0.2751
0.3308
0.4949
1.6324
0.6418
0.3185
0.2885
0.28300000000000003
0.35219999999999996
0.6676
0.7697
0.3306
0.2933
0.2912
0.27990000000000004
0.29200000000000004
0.3775
0.8819999999999999
1.1926
0.9672000000000001
0.8196
0.6868000000000001
0.6614
0.9269
1.1857
0.765
0.7726999999999999
0.8067
1.4896
1.0369
0.9346
1.0792000000000002
0.7846
0.7886
1.509
1.2671000000000001
1.3569
1.6945999999999999
0.9335
0.1595
0.1788
0.3101
0.3554
0.35340000000000005
0.34750000000000003
0.3098
0.29800000000000004
0.35150000000000003
0.36260000000000003
0.6199
0.8814
1.2256
1.8996
1.6204
1.2431
1.1137000000000001
0.9436
0.6215999999999999
0.39490000000000003
0.21939999999999998
0.195
0.1881
0.1813
0.1795
0.20579999999999998
0.2151
0.5345
0.27159999999999995
0.3398
0.4197
1.0169000000000001
0.6234999999999999
0.32330000000000003
0.3113
0.69
0.29159999999999997
0.27649999999999997
0.2647
0.3039
0.391
0.3791
0.3684
0.31930000000000003
1.15
0.1884
0.1718
0.173
0.1789
0.19519999999999998
0.1847
0.1981
0.2514
0.2986
0.6288
1.2583000000000002
0.3889
0.29569999999999996
0.308
0.32199999999999995
0.3188
1.0526
0.9889
0.6869000000000001
0.7136
0.5764
0.43710000000000004
0.3115
0.17099999999999999
0.13929999999999998
0.1106
0.0623
0.1282
1.2393
0.0146
0.0334
0.0469
0.0929
0.0478
0.0791
0.0468
0.0723
0.1446
0.15489999999999998
0.0822
0.2845
0.3016
0.0352
0.0008
0.0
0.0
0.002
0.48419999999999996
0.5144
0.523
0.5363
0.6346
0.5866
0.5450999999999999
0.8952
0.49470000000000003
0.0458
0.0683
0.26080000000000003
0.5645
0.8874
0.8046
0.7524
0.6429
1.6793
2.6837
2.2809
1.9996999999999998
2.3601
4.8061
5.9656
0.0
0.0
0.0
0.0007999999999999999
0.0028
0.0118
0.0146
0.0474
0.1193
0.15300000000000002
0.14279999999999998
0.1507
0.15839999999999999
0.16649999999999998
0.1494
0.1714
0.2279
1.7125
0.5583
0.4094
0.4666
0.6224000000000001
0.9883
1.0163
0.6224
0.5488999999999999
0.5018
0.45930000000000004
0.46209999999999996
0.4616
0.5297000000000001
1.1324
0.9430000000000001
0.9809
1.1821
1.1914
0.5851
0.4528
0.3981
0.38639999999999997
0.3872
0.3689
0.4993
1.0178
0.6839999999999999
0.6796
0.5704
1.5426
0.12179999999999999
0.0633
0.10830000000000001
0.0845
2.7872
0.0
1.8856000000000002
0.25980000000000003
0.0914
0.113
0.1105
0.15539999999999998
0.1426
0.1199
0.09709999999999999
0.7821
0.0178
0.0047
0.0144
0.0354
0.0
0.0
0.0038
0.0141
0.21939999999999998
0.195
0.1881
0.1813
0.1795
0.20579999999999998
0.2151
0.5345
0.27159999999999995
0.3398
0.4197
1.0169000000000001
0.6234999999999999
0.32330000000000003
0.3113
0.69
0.29159999999999997
0.27649999999999997
0.2647
0.3039
0.391
0.3791
0.3684
0.31930000000000003
1.15
0.1884
0.1718
0.173
0.1789
0.19519999999999998
0.1847
0.1981
0.2514
0.2986
0.6288
1.2583000000000002
0.3889
0.29569999999999996
0.308
0.32199999999999995
0.3188
1.0526
0.9889
0.6869000000000001
0.7136
0.5764
0.43710000000000004
0.3115
0.17099999999999999
0.13929999999999998
0.1106
0.0623
0.1282
1.2393
0.0146
0.0334
0.0469
0.0929
0.0478
0.0791
0.0468
0.0723
0.1446
0.15489999999999998
0.0822
0.2845
0.3016
0.0352
0.0008
0.0
0.0
0.002
0.48419999999999996
0.5144
0.523
0.5363
0.6346
0.5866
0.5450999999999999
0.8952
0.49470000000000003
0.0458
0.0683
0.26080000000000003
0.5645
0.8874
0.8046
0.7524
0.6429
1.6793
2.6837
2.2809
1.9996999999999998
2.3601
4.8061
5.9656
0.0
0.0
0.0
0.0007999999999999999
0.0028
0.0118
0.0146
0.0474
0.1193
0.15300000000000002
0.14279999999999998
0.1507
0.15839999999999999
0.16649999999999998
0.1494
0.1714
0.2279
1.7125
0.5583
0.4094
0.4666
0.6224000000000001
0.9883
1.0163
0.6224
0.5488999999999999
0.5018
0.45930000000000004
0.46209999999999996
0.4616
0.5297000000000001
1.1324
0.9430000000000001
0.9809
1.1821
1.1914
0.5851
0.4528
0.3981
0.38639999999999997
0.3872
0.3689
0.4993
1.0178
0.6839999999999999
0.6796
0.5704
1.5426
0.12179999999999999
0.0633
0.10830000000000001
0.0845
2.7872
0.0
1.8856000000000002
0.25980000000000003
0.0914
0.113
0.1105
0.15539999999999998
0.1426
0.1199
0.09709999999999999
0.7821
0.0178
0.0047
0.0144
0.0354
0.0
0.0
0.0038
0.0141
0.21939999999999998
0.195
0.1881
0.1813
0.1795
0.20579999999999998
0.2151
0.5345
0.27159999999999995
0.3398
0.4197
1.0169000000000001
0.6234999999999999
0.32330000000000003
0.3113
0.69
0.29159999999999997
0.27649999999999997
0.2647
0.3039
0.391
0.3791
0.3684
0.31930000000000003
1.15
0.1884
0.1718
0.173
0.1789
0.19519999999999998
0.1847
0.1981
0.2514
0.2986
0.6288
1.2583000000000002
0.3889
0.29569999999999996
0.308
0.32199999999999995
0.3188
1.0526
0.9889
0.6869000000000001
0.7136
0.5764
0.43710000000000004
0.3115
0.17099999999999999
0.13929999999999998
0.1106
0.0623
0.1282
1.2393
0.0146
0.0334
0.0469
0.0929
0.0478
0.0791
0.0468
0.0723
0.1446
0.15489999999999998
0.0822
0.2845
0.3016
0.0352
0.0008
0.0
0.0
0.002
0.48419999999999996
0.5144
0.523
0.5363
0.6346
0.5866
0.5450999999999999
0.8952
0.49470000000000003
0.0458
0.0683
0.26080000000000003
0.5645
0.8874
0.8046
0.7524
0.6429
1.6793
2.6837
2.2809
1.9996999999999998
2.3601
4.8061
5.9656
0.0
0.0
0.0
0.0007999999999999999
0.0028
0.0118
0.0146
0.0474
0.1193
0.15300000000000002
0.14279999999999998
0.1507
0.15839999999999999
0.16649999999999998
0.1494
0.1714
0.2279
1.7125
0.5583
0.4094
0.4666
0.6224000000000001
0.9883
1.0163
0.6224
0.5488999999999999
0.5018
0.45930000000000004
0.46209999999999996
0.4616
0.5297000000000001
1.1324
0.9430000000000001
0.9809
1.1821
1.1914
0.5851
0.4528
0.3981
0.38639999999999997
0.3872
0.3689
0.4993
1.0178
0.6839999999999999
0.6796
0.5704
1.5426
0.12179999999999999
0.0633
0.10830000000000001
0.0845
2.7872
0.0
1.8856000000000002
0.25980000000000003
0.0914
0.113
0.1105
0.15539999999999998
0.1426
0.1199
0.09709999999999999
0.7821
0.0178
0.0047
0.0144
0.0354
0.0
0.0
0.0038
0.0141
0.21939999999999998
0.195
0.1881
0.1813
0.1795
0.20579999999999998
0.2151
0.5345
0.27159999999999995
0.3398
0.4197
1.0169000000000001
0.6234999999999999
0.32330000000000003
0.3113
0.69
0.29159999999999997
0.27649999999999997
0.2647
0.3039
0.391
0.3791
0.3684
0.31930000000000003
1.15
0.1884
0.1718
0.173
0.1789
0.19519999999999998
0.1847
0.1981
0.2514
0.2986
0.6288
1.2583000000000002
0.3889
0.29569999999999996
0.308
0.32199999999999995
0.3188
1.0526
0.9889
0.6869000000000001
0.7136
0.5764
0.43710000000000004
0.3115
0.17099999999999999
0.13929999999999998
0.1106
0.0623
0.1282
1.2393
0.0146
0.0334
0.0469
0.0929
0.0478
0.0791
0.0468
0.0723
0.1446
0.15489999999999998
0.0822
0.2845
0.3016
0.0352
0.0008
0.0
0.0
0.002
0.48419999999999996
0.5144
0.523
0.5363
0.6346
0.5866
0.5450999999999999
0.8952
0.49470000000000003
0.0458
0.0683
0.26080000000000003
0.5645
0.8874
0.8046
0.7524
0.6429
1.6793
2.6837
2.2809
1.9996999999999998
2.3601
4.8061
5.9656
0.0
0.0
0.0
0.0007999999999999999
0.0028
0.0118
0.0146
0.0474
0.1193
0.15300000000000002
0.14279999999999998
0.1507
0.15839999999999999
0.16649999999999998
0.1494
0.1714
0.2279
1.7125
0.5583
0.4094
0.4666
0.6224000000000001
0.9883
1.0163
0.6224
0.5488999999999999
0.5018
0.45930000000000004
0.46209999999999996
0.4616
0.5297000000000001
1.1324
0.9430000000000001
0.9809
1.1821
1.1914
0.5851
0.4528
0.3981
0.38639999999999997
0.3872
0.3689
0.4993
1.0178
0.6839999999999999
0.6796
0.5704
1.5426
0.12179999999999999
0.0633
0.10830000000000001
0.0845
2.7872
0.0
1.8856000000000002
0.25980000000000003
0.0914
0.113
0.1105
0.15539999999999998
0.1426
0.1199
0.09709999999999999
0.7821
0.0178
0.0047
0.0144
0.0354
0.0
0.0
0.0038
0.0141
0.21939999999999998
0.195
0.1881
0.1813
0.1795
0.20579999999999998
0.2151
0.5345
0.27159999999999995
0.3398
0.4197
1.0169000000000001
0.6234999999999999
0.32330000000000003
0.3113
0.69
0.29159999999999997
0.27649999999999997
0.2647
0.3039
0.391
0.3791
0.3684
0.31930000000000003
1.15
0.1884
0.1718
0.173
0.1789
0.19519999999999998
0.1847
0.1981
0.2514
0.2986
0.6288
1.2583000000000002
0.3889
0.29569999999999996
0.308
0.32199999999999995
0.3188
1.0526
0.9889
0.6869000000000001
0.7136
0.5764
0.43710000000000004
0.3115
0.17099999999999999
0.13929999999999998
0.1106
0.0623
0.1282
1.2393
0.0146
0.0334
0.0469
0.0929
0.0478
0.0791
0.0468
0.0723
0.1446
0.15489999999999998
0.0822
0.2845
0.3016
0.0352
0.0008
0.0
0.0
0.002
