0.0
0.0
0.0
0.0
0.0
0.0
0.0
0.0
0.19153325000000002
0.37482375
0.49819775
0.5558222500000001
0.55409475
0.31472575
0.2396695
0.1306935
0.006998750000000001
0.0
0.0
0.0
0.0
0.0
0.0
0.0
0.0
0.0
0.0
0.0
0.0
0.0
0.0
0.0
0.196104
0.3791215
0.38416449999999996
0.373718
0.44560025000000003
0.44250375000000003
0.33009825
0.18036125
0.011294750000000001
0.0
0.0
0.0
0.0
0.0
0.0
0.0
0.0
0.0
0.0
0.0
0.0
0.0
0.0
0.0
0.12771725
0.255702
0.3623685
0.36171475
0.46646525000000005
0.4542475
0.32406375000000004
0.20320025
0.0135545
0.0
0.0
0.0
0.0
0.0
0.0
0.0
0.0
0.0
0.0
0.0
0.0
0.0
0.0
0.0
0.046293
0.1004855
0.13225425000000002
0.28183749999999996
0.24989975
0.17006975
0.0946195
0.0488025
0.00219075
0.0
0.0
0.0
0.0
0.0
0.0
0.0
0.0
0.0
0.0
0.0
0.0
0.0
0.0
0.0
0.0970005
0.20818075
0.2761065
0.23078800000000002
0.30078375
0.23283175
0.18002875000000002
0.09818500000000001
0.00758025
0.0
0.0
0.0
0.0
0.0
0.0
0.0
0.0
0.0
0.0
0.0
0.0
0.0
0.0
0.0
0.21658675
0.41336275
0.541843
0.6046535
0.61073725
0.55559425
0.4333665
0.24772524999999998
0.039238
0.0
0.0
0.0
0.0
0.0
0.0
0.0
0.0
0.0
0.0
0.0
0.0
0.0
0.0
0.0
0.20834350000000001
0.24463175
0.29175425
0.4367715
0.5623275
0.43682475
0.35042075
0.23445525
0.0231585
0.0
0.0
0.0
0.0
0.0
0.0
0.0
0.0
0.0
0.0
0.0
0.0
0.0
0.0
0.0
0.10295099999999999
0.206163
0.37812
0.41252475
0.5365777500000001
0.43084
0.28318675000000004
0.16116075000000002
0.0163495
0.0
0.0
0.0
0.0
0.0
0.0
0.0
0.0
0.0
0.0
0.0
0.0
0.0
0.0
0.0
0.049435
0.10537025
0.35451725
0.372339
0.474724
0.338574
0.28540025
0.16537775
0.02618125
0.0
0.0
0.0
0.0
0.0
0.0
0.0
0.0
0.0
0.0
0.0
0.0
0.0
0.0
0.0
0.19259625
0.37446675
0.403688
0.484528
0.5664185
0.5202190000000001
0.3120355
0.24333600000000002
0.0447815
0.0
0.0
0.0
0.0
0.0
0.0
0.0
0.0
0.0
0.0
0.0
0.0
0.0
0.0
0.0
0.08375624999999999
0.16848525
0.19624850000000002
0.554453
0.5630145
0.517991
0.41090825000000003
0.23997725
0.043586
0.0
0.0
0.0
0.0
0.0
0.0
0.0
0.0
0.0
0.0
0.0
0.0
0.0
0.0
0.0
0.14855325
0.293596
0.307448
0.29269049999999996
0.38357850000000004
0.25796575
0.13681000000000001
0.07238425
0.008314
0.0
0.0
0.0
0.0
0.0
0.0
0.0
0.0
0.0
0.0
0.0
0.0
0.0
0.0
0.0
0.1439295
0.29283800000000004
0.37054325
0.41770549999999995
0.43866924999999996
0.4869065
0.34064725
0.23062375
0.04245425
0.0
0.0
0.0
0.0
0.0
0.0
0.0
0.0
0.0
0.0
0.0
0.0
0.0
0.0
0.0
0.09063875
0.185811
0.21159275
0.1877885
0.109894
0.14780074999999998
0.22279325
0.1329565
0.02349725
0.0
0.0
0.0
0.0
0.0
0.0
0.0
0.0
0.0
0.0
0.0
0.0
0.0
0.0
0.0
0.050554749999999996
0.11341475
0.06665900000000001
0.10987999999999999
0.18409825000000002
0.18429325
0.148606
0.0832625
0.012630750000000001
0.0
0.0
0.0
0.0
0.0
0.0
0.0
0.0
0.0
0.0
0.0
0.0
0.0
0.0
0.0
0.05108825
0.1120195
0.2133695
0.24052125000000002
0.26406
0.18775375
0.17741425000000002
0.10357875
0.0192565
0.0
0.0
0.0
0.0
0.0
0.0
0.0
0.0
0.0
0.0
0.0
0.0
0.0
0.0
0.0160515
0.21338749999999998
0.405687
0.527215
0.5847315
0.5952554999999999
0.55249925
0.44705175
0.27622874999999997
0.0707855
0.0
0.0
0.0
0.0
0.0
0.0
0.0
0.0
0.0
0.0
0.0
0.0
0.0
0.0
0.00849375
0.21400125
0.404928
0.5257987500000001
0.5776895
0.5744020000000001
0.53000825
0.4344365
0.27367925000000004
0.07084575
0.0
0.0
0.0
0.0
0.0
0.0
0.0
0.0
0.0
0.0
0.0
0.0
0.0
0.0
0.009103
0.21204675
0.39866375
0.5147039999999999
0.572678
0.5799015000000001
0.5342882499999999
0.437583
0.27501675
0.073476
0.0
0.0
0.0
0.0
0.0
0.0
0.0
0.0
0.0
0.0
0.0
0.0
0.0
0.0
0.00346075
0.11917
0.249921
0.34659625
0.514334
0.545182
0.543747
0.36762124999999996
0.2754385
0.0750525
0.0
0.0
0.0
0.0
0.0
0.0
0.0
0.0
0.0
0.0
0.0
0.0
0.0
0.0
0.0070535
0.15940674999999999
0.303068
0.40446925
0.55712125
0.4692015
0.318732
0.33627749999999995
0.2053455
0.055334249999999995
0.0
0.0
0.0
0.0
0.0
0.0
0.0
0.0
0.0
0.0
0.0
0.0
0.0
0.0
0.020275249999999998
0.2198425
0.41527925
0.5409752499999999
0.5994477500000001
0.59931925
0.54735225
0.4478145
0.28584375
0.08619299999999999
0.0
0.0
0.0
0.0
0.0
0.0
0.0
0.0
0.0
0.0
0.0
0.0
0.0
0.0
0.019806
0.20800649999999998
0.3911325
0.3453245
0.5734895
0.4153035
0.0708135
0.32668624999999996
0.20849025000000002
0.062785
0.0
0.0
0.0
0.0
0.0
0.0
0.0
0.0
0.0
0.0
0.0
0.0
0.0
0.0
2.225e-05
0.0403255
0.08141174999999999
0.05462675
0.041659
0.0060405
0.08228175
0.1248035
0.07581075
0.01994475
0.0
0.0
0.0
0.0
0.0
0.0
0.0
0.0
0.0
0.0
0.0
0.0
0.0
0.0
0.01250125
0.2055035
0.39686775
0.52939625
0.60429775
0.6178239999999999
0.49436525
0.43528425
0.2747695
0.09201649999999999
0.0
0.0
0.0
0.0
0.0
0.0
0.0
0.0
0.0
0.0
0.0
0.0
0.0
0.0
0.02261725
0.22700399999999998
0.41825625
0.5446957499999999
0.6079874999999999
0.449078
0.3673525
0.17019425000000002
0.10545375
0.029311
0.0
0.0
0.0
0.0
0.0
0.0
0.0
0.0
0.0
0.0
0.0
0.0
0.0
0.0
0.026064499999999997
0.22771324999999998
0.41922175
0.5485454999999999
0.6169815
0.62772425
0.5825755
0.47849125
0.30766325
0.1008765
0.0
0.0
0.0
0.0
0.0
0.0
0.0
0.0
0.0
0.0
0.0
0.0
0.0
0.0
0.024934249999999998
0.21843100000000001
0.301471
0.3562495
0.41595375
0.40932125
0.3816965
0.46608675
0.302159
0.10087
0.0
0.0
0.0
0.0
0.0
0.0
0.0
0.0
0.0
0.0
0.0
0.0
0.0
0.0
0.01943275
0.22366125
0.40893599999999997
0.52912425
0.59444475
0.604441
0.487566
0.46027925
0.30215175
0.10254375
0.0
0.0
0.0
0.0
0.0
0.0
0.0
0.0
0.0
0.0
0.0
0.0
0.0
0.0
0.01684875
0.18285200000000001
0.329882
0.44732350000000004
0.6039605
0.6097165
0.52016525
0.44277275
0.30749925
0.10675275000000001
0.0
0.0
0.0
0.0
0.0
0.0
0.0
0.0
0.0
0.0
0.0
0.0
0.0
0.0
0.0135445
0.1462295
0.2586035
0.368906
0.47346625
0.45050475
0.42839025
0.37850725
0.2529555
0.09098824999999999
0.0
0.0
0.0
0.0
0.0
0.0
0.0
0.0
0.0
0.0
0.0
0.0
0.0
0.0
0.0021237499999999998
0.047097
0.185122
0.1743005
0.344206
0.25444275
0.24347975
0.15875675
0.013972749999999999
0.1113065
0.0
0.0
0.0
0.0
0.0
0.0
0.0
0.0
0.0
0.0
0.0
0.0
0.0
0.0
0.042319249999999996
0.268749
0.46057975
0.5692552500000001
0.6359517499999999
0.6514194999999999
0.6115055
0.5172005000000001
0.3537425
0.13447475
0.0
0.0
0.0
0.0
0.0
0.0
0.0
0.0
0.0
0.0
0.0
0.0
0.0
0.0
0.03732775
0.25309950000000003
0.44119074999999996
0.55534925
0.6153035
0.63222875
0.5973515
0.5003005
0.18831675
0.050028500000000004
0.0
0.0
0.0
0.0
0.0
0.0
0.0
0.0
0.0
0.0
0.0
0.0
0.0
0.0
0.0
0.06549625
0.12748099999999998
0.32402050000000004
0.40115449999999997
0.42847250000000003
0.261231
0.352788
0.24898599999999999
0.07711675
0.0
0.0
0.0
0.0
0.0
0.0
0.0
0.0
0.0
0.0
0.0
0.0
0.0
0.0
0.0424065
0.2608075
0.46738025
0.60418775
0.5180625
0.69409425
0.6479765
0.5376387499999999
0.2051035
0.076476
0.0
0.0
0.0
0.0
0.0
0.0
0.0
0.0
0.0
0.0
0.0
0.0
0.0
0.0
0.0452575
0.2625265
0.46269325
0.591416
0.664265
0.6792545
0.63632
0.5336744999999999
0.3652145
0.1452995
0.0
0.0
0.0
0.0
0.0
0.0
0.0
0.0
0.0
0.0
0.0
0.0
0.0
0.0
0.020404
0.14268625000000001
0.46018950000000003
0.58678375
0.656235
0.56126725
0.63086875
0.43337374999999995
0.31043875000000004
0.05855375
0.0
0.0
0.0
0.0
0.0
0.0
0.0
0.0
0.0
0.0
0.0
0.0
0.0
0.0
0.009089499999999999
0.26667325
0.46539425
0.5931435
0.66519775
0.5990185
0.55716175
0.52920925
0.32680075
0.14559424999999998
0.0
0.0
0.0
0.0
0.0
0.0
0.0
0.0
0.0
0.0
0.0
0.0
0.0
0.0
0.015737
0.054125
0.0886165
0.09039449999999999
0.1933175
0.25933999999999996
0.26024225
0.123872
0.15247
0.043985750000000004
0.0
0.0
0.0
0.0
0.0
0.0
0.0
0.0
0.0
0.0
0.0
0.0
0.0
0.0
0.02009775
0.111651
0.1032175
0.17593175
0.46086625
0.5735727500000001
0.51478475
0.43152325
0.21038625
0.0894585
0.0
0.0
0.0
0.0
0.0
0.0
0.0
0.0
0.0
0.0
0.0
0.0
0.0
0.0
0.06413075
0.21302574999999999
0.236318
0.1642885
0.17428475000000002
0.1965105
0.3560085
0.33749225
0.31410775
0.0749325
0.0
0.0
0.0
0.0
0.0
0.0
0.0
0.0
0.0
0.0
0.0
0.0
0.0
0.0
0.04933625
0.1604795
0.34814825
0.46594675
0.25465025
0.38886775
0.41802975
0.4781655
0.33107600000000004
0.13424324999999998
0.0
0.0
0.0
0.0
0.0
0.0
0.0
0.0
0.0
0.0
0.0
0.0
0.0
0.0
0.06659075
0.2340835
0.38932825000000004
0.5911055000000001
0.5831535
0.60968925
0.55743575
0.5384055
0.33358075000000004
0.162102
0.0
0.0
0.0
0.0
0.0
0.0
0.0
0.0
0.0
0.0
0.0
0.0
0.0
0.0
0.07229250000000001
0.288397
0.3499975
0.593752
0.6566525000000001
0.2949265
0.6144674999999999
0.36769475
0.30563724999999997
0.161776
0.0
0.0
0.0
0.0
0.0
0.0
0.0
0.0
0.0
0.0
0.0
0.0
0.0
0.0
0.038801999999999996
0.17893
0.28627925
0.23935075
0.361741
0.51007225
0.45185149999999996
0.35788749999999997
0.30396625
0.12156125
0.0
0.0
0.0
0.0
0.0
0.0
0.0
0.0
0.0
0.0
0.0
0.0
0.0
0.0
0.039452
0.09981825000000001
0.26947175
0.39059724999999995
0.46091025
0.503395
0.516049
0.5310765000000001
0.381141
0.17256025
0.0
0.0
0.0
0.0
0.0
0.0
0.0
0.0
0.0
0.0
0.0
0.0
0.0
0.0
0.054594000000000004
0.23364500000000002
0.4011015
0.39858075000000004
0.486151
0.49064274999999996
0.5200045
0.392352
0.2681315
0.14153475000000001
0.0
0.0
0.0
0.0
0.0
0.0
0.0
0.0
0.0
0.0
0.0
0.0
0.0
0.0
0.064756
0.24634725
0.3957795
0.502399
0.5839255000000001
0.5588515
0.53754675
0.4670495
0.28770850000000003
0.1129855
0.0
0.0
0.0
0.0
0.0
0.0
0.0
0.0
0.0
0.0
0.0
0.0
0.0
0.0
0.05724775
0.209127
0.3462495
0.504061
0.660314
0.6700897499999999
0.6291125
0.27210825
0.0557695
0.12290925
0.0026065
0.0
0.0
0.0
0.0
0.0
0.0
0.0
0.0
0.0
0.0
0.0
0.0
0.0
0.10069025000000001
0.3348025
0.381618
0.44833249999999997
0.50300175
0.589908
0.705322
0.5990872500000001
0.43070474999999997
0.20424975
0.01004025
0.0
0.0
0.0
0.0
0.0
0.0
0.0
0.0
0.0
0.0
0.0
0.0
0.0
0.09956625
0.32899775
0.523028
0.64875125
0.71502175
0.723011
0.679153
0.5750772500000001
0.295831
0.19970949999999998
0.01022175
0.0
0.0
0.0
0.0
0.0
0.0
0.0
0.0
0.0
0.0
0.0
0.0
0.0
0.103488
0.32749975
0.512301
0.6346040000000001
0.69989
0.7118819999999999
0.66641275
0.5669135
0.34993275
0.19734075
0.01058675
0.0
0.0
0.0
0.0
0.0
0.0
0.0
0.0
0.0
0.0
0.0
0.0
0.0
0.02238925
0.07182174999999999
0.114388
0.146476
0.6968465
0.7055945
0.6591445
0.55938075
0.4053195
0.19632825
0.01154575
0.0
0.0
0.0
0.0
0.0
0.0
0.0
0.0
0.0
0.0
0.0
0.0
0.0
0.049438499999999996
0.23732475
0.39485950000000003
0.5356025
0.686481
0.69420325
0.6503525
0.526316
0.35922325
0.17299899999999999
0.011044
0.0
0.0
0.0
0.0
0.0
0.0
0.0
0.0
0.0
0.0
0.0
0.0
0.0
0.06021675
0.21023050000000001
0.3753395
0.4492975
0.09450275000000001
0.08979275
0.07567175000000001
0.10502025000000001
0.11549875
0.06165875
0.0021655000000000003
0.0
0.0
0.0
0.0
0.0
0.0
0.0
0.0
0.0
0.0
0.0
0.0
0.0
0.129439
0.36344625
0.54602875
0.66252475
0.7215085
0.72638825
0.6806492500000001
0.5817074999999999
0.431761
0.2195235
0.018948
0.0
0.0
0.0
0.0
0.0
0.0
0.0
0.0
0.0
0.0
0.0
0.0
0.0
0.09532025
0.222311
0.3710555
0.501024
0.406204
0.24715575
0.3153595
0.36444925
0.31934125
0.15315625
0.012293749999999999
0.0
0.0
0.0
0.0
0.0
0.0
0.0
0.0
0.0
0.0
0.0
0.0
0.0
0.12492225
0.34873750000000003
0.5294605
0.64966675
0.711638
0.5609805
0.51850825
0.46272975000000005
0.413489
0.15613
0.013069
0.0
0.0
0.0
0.0
0.0
0.0
0.0
0.0
0.0
0.0
0.0
0.0
0.0
0.09941
0.3723075
0.535202
0.6298039999999999
0.6835675
0.69610025
0.65686475
0.57074275
0.426436
0.22006024999999999
0.022408249999999998
0.0
0.0
0.0
0.0
0.0
0.0
0.0
0.0
0.0
0.0
0.0
0.0
0.0
0.10236175
0.27713425
0.5265235
0.5495055
0.5932225
0.558704
0.65516075
0.5605344999999999
0.39015325
0.21369300000000002
0.0227085
0.0
0.0
0.0
0.0
0.0
0.0
0.0
0.0
0.0
0.0
0.0
0.0
0.0
0.10417449999999999
0.35412725
0.519205
0.6303095
0.69231625
0.36109975
0.616872
0.33797675
0.11166325
0.208399
0.022796
0.0
0.0
0.0
0.0
0.0
0.0
0.0
0.0
0.0
0.0
0.0
0.0
0.0
0.12117175000000001
0.25493925
0.41355975
0.480745
0.13988675
0.51782775
0.6820215
0.127391
0.31608125000000004
0.18097975
0.02982275
0.0
0.0
0.0
0.0
0.0
0.0
0.0
0.0
0.0
0.0
0.0
0.0
0.0
0.061741500000000005
0.28416699999999995
0.27483725
0.25576575
0.441642
0.470406
0.43961225000000004
0.41327825
0.3521565
0.16905675
0.0220015
0.0
0.0
0.0
0.0
0.0
0.0
0.0
0.0
0.0
0.0
0.0
0.0
0.0
0.1015295
0.261686
0.41603500000000004
0.44691525000000004
0.3675065
0.39415924999999996
0.2791065
0.24561650000000002
0.2176345
0.09233975
0.01126175
0.0
0.0
0.0
0.0
0.0
0.0
0.0
0.0
0.0
0.0
0.0
0.0
0.0
0.007918
0.042149
0.06829725
0.18722675
0.173676
0.185827
0.264887
0.22840775
0.0716455
0.03561625
0.00326775
0.0
0.0
0.0
0.0
0.0
0.0
0.0
0.0
0.0
0.0
0.0
0.0
0.0
0.097501
0.0371
0.07913875000000001
0.2686665
0.29963725
0.456104
0.49480225
0.44298325
0.35733800000000004
0.25427574999999997
0.038057
0.0
0.0
0.0
0.0
0.0
0.0
0.0
0.0
0.0
0.0
0.0
0.0
0.0
0.17319649999999998
0.40727125000000003
0.5824002500000001
0.70160175
0.76572875
0.76980925
0.7175035000000001
0.616274
0.46301299999999995
0.24799000000000002
0.04153275
0.0
0.0
0.0
0.0
0.0
0.0
0.0
0.0
0.0
0.0
0.0
0.0
0.004299000000000001
0.17063525000000002
0.39154025000000003
0.54276075
0.63434225
0.68594975
0.6996290000000001
0.6636945
0.57546275
0.43585775
0.23845449999999999
0.041624
0.0
0.0
0.0
0.0
0.0
0.0
0.0
0.0
0.0
0.0
0.0
0.0
0.00398975
0.137761
0.25221425
0.34203875
0.4691645
0.648569
0.6447935
0.3347355
0.42985125
0.33278050000000003
0.17421575
0.0284165
0.0
0.0
0.0
0.0
0.0
0.0
0.0
0.0
0.0
0.0
0.0
0.0
0.00620625
0.141226
0.3880075
0.54351175
0.6440107500000001
0.70046075
0.5589085
0.50999125
0.30965625
0.31919349999999996
0.1945435
0.0375205
0.0
0.0
0.0
0.0
0.0
0.0
0.0
0.0
0.0
0.0
0.0
0.0
0.0088425
0.177581
0.39696699999999996
0.5645165
0.6764344999999999
0.73540225
0.74039
0.39003925
0.6009335
0.453032
0.24860725
0.04754575
0.0
0.0
0.0
0.0
0.0
0.0
0.0
0.0
0.0
0.0
0.0
0.0
0.0
0.1628685
0.14529925
0.197736
0.55293375
0.57392825
0.70843025
0.67220775
0.48268
0.37502800000000003
0.1499215
0.019286249999999998
0.0
0.0
0.0
0.0
0.0
0.0
0.0
0.0
0.0
0.0
0.0
0.0
0.0026284999999999998
0.08804375
0.19688675
0.35829525
0.39217599999999997
0.55313925
0.4635125
0.43192875
0.5853904999999999
0.44813825
0.251743
0.050536250000000005
0.0
0.0
0.0
0.0
0.0
0.0
0.0
0.0
0.0
0.0
0.0
0.0
0.0
0.06557299999999999
0.2139395
0.34655450000000004
0.34357075
0.43955975
0.6220154999999999
0.60546275
0.582486
0.447359
0.23226025
0.0487725
0.0
0.0
0.0
0.0
0.0
0.0
0.0
0.0
0.0
0.0
0.0
0.0
0.013454750000000001
0.16200774999999998
0.4066945
0.5602999999999999
0.669792
0.7270445
0.730755
0.51907525
0.1308895
0.0318265
0.088629
0.017832249999999997
0.0
0.0
0.0
0.0
0.0
0.0
0.0
0.0
0.0
0.0
0.0
0.0
0.018000250000000002
0.1985105
0.41388225
0.5669007500000001
0.669279
0.72160275
0.7264109999999999
0.6799339999999999
0.58214175
0.38070600000000004
0.19812325
0.043266
0.0
0.0
0.0
0.0
0.0
0.0
0.0
0.0
0.0
0.0
0.0
0.0
0.02178725
0.20526
0.36807850000000003
0.5715805
0.68142225
0.7402150000000001
0.57867775
0.60333175
0.51241825
0.3445905
0.2129965
0.0445685
0.0
0.0
0.0
0.0
0.0
0.0
0.0
0.0
0.0
0.0
0.0
0.0
0.0218765
0.2000335
0.38445475
0.50898025
0.519571
0.5994535
0.59850925
0.559025
0.32019375
0.28931450000000003
0.1679185
0.03758125
0.0
0.0
0.0
0.0
0.0
0.0
0.0
0.0
0.0
0.0
0.0
0.0
0.0184115
0.16993799999999998
0.331309
0.511037
0.6847805
0.6965534999999999
0.751491
0.70611725
0.61371975
0.463108
0.26481375
0.0611665
0.0
0.0
0.0
0.0
0.0
0.0
0.0
0.0
0.0
0.0
0.0
0.0
0.0329905
0.12924675
0.2832805
0.6274037499999999
0.74076225
0.79813725
0.80697325
0.7613390000000001
0.65492475
0.35301825000000003
0.29508625
0.07066575
0.0
0.0
0.0
0.0
0.0
0.0
0.0
0.0
0.0
0.0
0.0
0.0
0.037305
0.24452925
0.46533225
0.61002975
0.70177225
0.7415277499999999
0.7398425
0.69637775
0.61357275
0.477769
0.279765
0.0684815
0.0
0.0
0.0
0.0
0.0
0.0
0.0
0.0
0.0
0.0
0.0
0.0
0.038518250000000004
0.23625174999999998
0.44947699999999996
0.60774825
0.7125287499999999
0.7275952499999999
0.51613575
0.50648825
0.3406195
0.2460675
0.092762
0.07276275
0.0
0.0
0.0
0.0
0.0
0.0
0.0
0.0
0.0
0.0
0.0
0.0
0.036095
0.2012895
0.435519
0.5831297499999999
0.6829722500000001
0.6727485000000001
0.14195275000000002
0.2297365
0.1461415
0.38905925
0.2255215
0.06101325
0.0
0.0
0.0
0.0
0.0
0.0
0.0
0.0
0.0
0.0
0.0
0.0
0.0480285
0.20847274999999998
0.402609
0.631861
0.7279165000000001
0.7738947500000001
0.69628675
0.6133350000000001
0.37459875
0.20031775
0.1676615
0.050411250000000005
0.0
0.0
0.0
0.0
0.0
0.0
0.0
0.0
0.0
0.0
0.0
0.0
0.0336625
0.19942674999999999
0.46214825000000004
0.6141057499999999
0.72061725
0.7757375
0.782258
0.5195375
0.44126475
0.49546025
0.2913125
0.06919675
0.0
0.0
0.0
0.0
0.0
0.0
0.0
0.0
0.0
0.0
0.0
0.0
0.0
0.17909475
0.3077835
0.26491975
0.304861
0.7804605
0.79157725
0.74404925
0.441373
0.386572
0.16894599999999999
0.0504965
0.0
0.0
0.0
0.0
0.0
0.0
0.0
0.0
0.0
0.0
0.0
0.0
0.0590995
0.2791945
0.49480650000000004
0.64931575
0.75346125
0.7989342500000001
0.78942925
0.7274345
0.6263555
0.39228325000000003
0.19975675
0.061045999999999996
0.0
0.0
0.0
0.0
0.0
0.0
0.0
0.0
0.0
0.0
0.0
0.0
0.0196135
0.12592625
0.38268675
0.4672435
0.5271305
0.5862675
0.6727075
0.68661075
0.58591675
0.361378
0.1965795
0.06160775
0.0
0.0
0.0
0.0
0.0
0.0
0.0
0.0
0.0
0.0
0.0
0.0
0.050825749999999996
0.24796674999999999
0.481196
0.63056375
0.73579275
0.55969525
0.6880109999999999
0.65287425
0.642715
0.49502975
0.29705375
0.08372525
0.0
0.0
0.0
0.0
0.0
0.0
0.0
0.0
0.0
0.0
0.0
0.0
0.045378999999999996
0.156075
0.30555625
0.453975
0.5297262500000001
0.6078065
0.58907825
0.613494
0.4933495
0.30848375
0.15060475
0.0633185
0.0
0.0
0.0
0.0
0.0
0.0
0.0
0.0
0.0
0.0
0.0
0.0
0.07199375000000001
0.04844775
0.09495475
0.10976475000000001
0.1105235
0.08587874999999999
0.07614725
0.12933975
0.17403725
0.1888425
0.04269
0.02271125
0.0
0.0
0.0
0.0
0.0
0.0
0.0
0.0
0.0
0.0
0.0
0.0
0.02912025
0.05669225
0.293491
0.577865
0.55782325
0.5298272500000001
0.46588675
0.46303275000000005
0.57200425
0.49101425
0.18690975
0.04825525
0.0
0.0
0.0
0.0
0.0
0.0
0.0
0.0
0.0
0.0
0.0
0.0
0.08068925
0.29564625
0.48704375
0.61162375
0.68668725
0.7349285
0.74955125
0.6776147499999999
0.39613375
0.3459575
0.25134775
0.0693505
0.0
0.0
0.0
0.0
0.0
0.0
0.0
0.0
0.0
0.0
0.0
0.0
0.08020050000000001
0.28607024999999997
0.478379
0.6133545
0.7048289999999999
0.72233425
0.63771925
0.32382350000000004
0.28063475
0.31210449999999995
0.2700305
0.08169225000000001
0.0
0.0
0.0
0.0
0.0
0.0
0.0
0.0
0.0
0.0
0.0
0.0
0.085955
0.29821974999999995
0.49099950000000003
0.624961
0.71367625
0.7610972500000001
0.76492325
0.7190825
0.62634725
0.491251
0.2727935
0.089524
0.0
0.0
0.0
0.0
0.0
0.0
0.0
0.0
0.0
0.0
0.0
0.0
0.08904250000000001
0.30067575
0.49003025
0.62314575
0.710474
0.75273575
0.7576637500000001
0.716702
0.6170627500000001
0.44765575
0.29489475
0.0984365
0.0
0.0
0.0
0.0
0.0
0.0
0.0
0.0
0.0
0.0
0.0
0.0
0.0923865
0.30308175
0.4885035
0.62222775
0.7084104999999999
0.7570285
0.7561677499999999
0.7107319999999999
0.61972125
0.4803995
0.28373125
0.09841875
0.0
0.0
0.0
0.0
0.0
0.0
0.0
0.0
0.0
0.0
0.0
0.0
0.07409975
0.23156100000000002
0.49856775
0.642054
0.7409162499999999
0.728159
0.6563372500000001
0.6704427500000001
0.62166725
0.5003237500000001
0.31062
0.0891585
0.0
0.0
0.0
0.0
0.0
0.0
0.0
0.0
0.0
0.0
0.0
0.0
0.09746175
0.31274475
0.502545
0.6332525000000001
0.714289
0.40901175
0.36097199999999996
0.47155275
0.42468425000000004
0.16348075
0.22066
0.083175
0.0
0.0
0.0
0.0
0.0
0.0
0.0
0.0
0.0
0.0
0.0
0.00054475
0.10730374999999999
0.33180475000000004
0.519245
0.6456495
0.72427525
0.75664325
0.754722
0.61096275
0.56449375
0.4451655
0.2534325
0.0773615
0.0
0.0
0.0
0.0
0.0
0.0
0.0
0.0
0.0
0.0
0.0
0.0
0.041389249999999995
0.164409
0.13346625
0.15981225000000002
0.126437
0.20530574999999998
0.24870825
0.38004225
0.25802050000000004
0.1138815
0.12530625
0.0627885
0.000753
0.0
0.0
0.0
0.0
0.0
0.0
0.0
0.0
0.0
0.0
0.00082
0.062348999999999995
0.18256725000000001
0.41448825
0.46687150000000005
0.45705675
0.652402
0.4701205
0.33016
0.5054925
0.259075
0.22152375000000002
0.061369999999999994
0.00151075
0.0
0.0
0.0
0.0
0.0
0.0
0.0
0.0
0.0
0.0
0.004455499999999999
0.13169775
0.37704725
0.5907140000000001
0.73874825
0.8332347499999999
0.83333325
0.83333325
0.8155382499999999
0.71502175
0.5047855
0.21708224999999998
0.0688295
0.0006705
0.0
0.0
0.0
0.0
0.0
0.0
0.0
0.0
0.0
0.0
0.0056585
0.12467425
0.30399175
0.534335
0.6635957499999999
0.46852525
0.670957
0.38434175
0.48846
0.40477949999999996
0.2945835
0.155378
0.04787625
0.0
0.0
0.0
0.0
0.0
0.0
0.0
0.0
0.0
0.0
0.0
0.0
0.022027249999999998
0.01341675
0.043567749999999995
0.0348975
0.06526825
0.0577075
0.12104999999999999
0.15596775
0.18321125000000002
0.116255
0.13456774999999999
0.06881175
0.0
0.0
0.0
0.0
0.0
0.0
0.0
0.0
0.0
0.0
0.0
0.0073325
0.14246225
0.380475
0.5797685
0.7259909999999999
0.8020705
0.829111
0.83333325
0.805819
0.69755675
0.5489109999999999
0.35541649999999997
0.1310905
0.004721250000000001
0.0
0.0
0.0
0.0
0.0
0.0
0.0
0.0
0.0
0.0
0.00687775
0.13532375
0.35104399999999997
0.40883575
0.416193
0.5549824999999999
0.5717424999999999
0.56715925
0.62073725
0.485969
0.32319725
0.16048125
0.08284375
0.0025895000000000002
0.0
0.0
0.0
0.0
0.0
0.0
0.0
0.0
0.0
0.0
0.008338
0.13098725
0.33587775
0.471101
0.477605
0.55769125
0.7047885
0.7685132499999999
0.67532925
0.37460174999999996
0.49559675
0.26444675
0.0571625
0.0038715000000000004
0.0
0.0
0.0
0.0
0.0
0.0
0.0
0.0
0.0
0.0
0.0061747500000000006
0.12743525
0.342656
0.52272975
0.65296875
0.62139025
0.6949105
0.55239675
0.6439225000000001
0.58613525
0.497625
0.3079225
0.10136825000000001
0.007155
0.0
0.0
0.0
0.0
0.0
0.0
0.0
0.0
0.0
0.0
0.0068007499999999995
0.1333085
0.33629000000000003
0.50711175
0.632042
0.7132615
0.751632
0.671415
0.6999299999999999
0.5135824999999999
0.37085199999999996
0.1347045
0.0632115
0.0037595000000000003
0.0
0.0
0.0
0.0
0.0
0.0
0.0
0.0
0.0
0.0
0.0080185
0.138987
0.29518374999999997
0.23880975000000002
0.38410025000000003
0.743932
0.62601125
0.27140675
0.44534725
0.6306309999999999
0.49918925000000003
0.25112
0.117075
0.00646825
0.0
0.0
0.0
0.0
0.0
0.0
0.0
0.0
0.0
0.0
0.0070792500000000005
0.106489
0.2789005
0.398737
0.48644975
0.26501074999999996
0.22725625
0.191257
0.63946225
0.5619700000000001
0.446327
0.30070825
0.08113325
0.00428125
0.0
0.0
0.0
0.0
0.0
0.0
0.0
0.0
0.0
0.0
0.00260625
0.06262474999999999
0.27217874999999997
0.438529
0.633832
0.462979
0.6412107499999999
0.7969204999999999
0.1798265
0.48673425
0.35075675
0.21618225000000002
0.10493899999999999
0.00620775
0.0
0.0
0.0
0.0
0.0
0.0
0.0
0.0
0.0
0.0
0.007892999999999999
0.0506215
0.35821275
0.5321525
0.66022825
0.5348462500000001
0.66060175
0.636328
0.704015
0.48553875
0.4181875
0.34220875
0.11756125
0.006646
0.0
0.0
0.0
0.0
0.0
0.0
0.0
0.0
0.0
0.0
0.01027275
0.045238999999999994
0.291651
0.40384050000000005
0.53655125
0.574783
0.38082675
0.510309
0.46058325
0.4923345
0.160722
0.07118250000000001
0.0791825
0.00662425
0.0
0.0
0.0
0.0
0.0
0.0
0.0
0.0
0.0
0.0
0.01317225
0.15354175
0.3577555
0.517408
0.627925
0.69115275
0.721544
0.7188295
0.6891995
0.6128355
0.48688400000000004
0.3127785
0.11673025
0.00763725
0.0
0.0
0.0
0.0
0.0
0.0
0.0
0.0
0.0
0.0
0.012813000000000001
0.14792650000000002
0.3620545
0.5374315000000001
0.671206
0.76114225
0.8026015
0.79602325
0.7346105
0.6276165
0.5150325
0.3450285
0.13175550000000003
0.0079765
0.0
0.0
0.0
0.0
0.0
0.0
0.0
0.0
0.0
0.0
0.013543
0.16453700000000002
0.37534825
0.54585425
0.6685365000000001
0.7506185000000001
0.786334
0.781892
0.7347435
0.63855775
0.51176625
0.33975925
0.13765775
0.00863
0.0
0.0
0.0
0.0
0.0
0.0
0.0
0.0
0.0
0.0
0.016053
0.08914175
0.08564575
0.15475425
0.166375
0.25268225
0.22992375
0.24769325
0.394735
0.32685000000000003
0.34915300000000005
0.22203675
0.131166
0.01009725
0.0
0.0
0.0
0.0
0.0
0.0
0.0
0.0
0.0
0.0
0.016809750000000002
0.13574625
0.32881849999999996
0.47389575
0.6359462499999999
0.7140682500000001
0.7653435
0.7639472500000001
0.46979475000000004
0.33054700000000004
0.31742575
0.24729275
0.06552675000000001
0.004681
0.0
0.0
0.0
0.0
0.0
0.0
0.0
0.0
0.0
0.0
0.0032054999999999996
0.048851
0.04041225
0.09320175
0.116777
0.131009
0.16826825
0.15965375
0.12197225
0.16815575000000002
0.144042
0.26621724999999996
0.126378
0.0119205
0.0
0.0
0.0
0.0
0.0
0.0
0.0
0.0
0.0
0.0
0.0
0.006217749999999999
0.07209874999999999
0.1233895
0.16758225
0.21695325
0.29969450000000003
0.177737
0.28258075000000005
0.15758175
0.15036725
0.181918
0.08626325
0.0092155
0.0
0.0
0.0
0.0
0.0
0.0
0.0
0.0
0.0
0.0
0.00956475
0.0551645
0.13494725
0.2040225
0.2702265
0.2292005
0.32917375
0.30006525
0.25266925
0.23187049999999998
0.17053100000000002
0.12816275
0.07998925
0.00876225
0.0
0.0
0.0
0.0
0.0
0.0
0.0
0.0
0.0
0.0
0.0
0.0078015
0.01487575
0.07167449999999999
0.16875125
0.24402074999999998
0.29335174999999997
0.1493615
0.24833025
0.18855025
0.10160575
0.2432175
0.144681
0.013001500000000001
0.0
0.0
0.0
0.0
0.0
0.0
0.0
0.0
0.0
0.0
0.020053
0.16249324999999998
0.37952775000000005
0.54903275
0.6706190000000001
0.7367805
0.68325225
0.57560725
0.6171515000000001
0.64868925
0.38419099999999995
0.2328315
0.0025924999999999998
0.0
0.0
0.0
0.0
0.0
0.0
0.0
0.0
0.0
0.0
0.0
0.024776
0.1802945
0.386595
0.5498127500000001
0.665018
0.73858625
0.77177025
0.77203575
0.7285345
0.642561
0.51812825
0.35101675
0.15099875000000001
0.013669249999999999
0.0
0.0
0.0
0.0
0.0
0.0
0.0
0.0
0.0
0.0
0.0238745
0.178238
0.37829399999999996
0.5327580000000001
0.64481875
0.71786775
0.75544275
0.75432875
0.7095119999999999
0.6243467500000001
0.5024095
0.341419
0.14881524999999998
0.013665749999999999
0.0
0.0
0.0
0.0
0.0
0.0
0.0
0.0
0.0
0.0
0.024482
0.1817535
0.38385125
0.5384589999999999
0.6522322500000001
0.7184807499999999
0.69681975
0.67880825
0.54898825
0.32989075
0.22152425
0.24465299999999998
0.09055475
0.014743000000000001
0.0
0.0
0.0
0.0
0.0
0.0
0.0
0.0
0.0
0.0
0.019746
0.1054605
0.23595449999999998
0.305685
0.24147749999999998
0.38871
0.51175525
0.57036775
0.62826925
0.59993275
0.4305665
0.3194625
0.103534
0.016886500000000002
0.0
0.0
0.0
0.0
0.0
0.0
0.0
0.0
0.0
0.0
0.03213675
0.023327999999999998
0.139565
0.16014425
0.433092
0.5786359999999999
0.7658272500000001
0.765696
0.722469
0.63270975
0.50739475
0.3434795
0.15265575
0.0194135
0.0
0.0
0.0
0.0
0.0
0.0
0.0
0.0
0.0
0.0
0.030241499999999998
0.18270375000000003
0.37088475
0.50839125
0.6159242500000001
0.69986825
0.745093
0.74997625
0.71301
0.6319385
0.40063375
0.19666675
0.0616465
0.016327
0.0
0.0
0.0
0.0
0.0
0.0
0.0
0.0
0.0
0.0
0.029527499999999998
0.18182275
0.37084649999999997
0.5116555
0.615965
0.6943385
0.741445
0.74817475
0.7079857500000001
0.6229815
0.497975
0.24464850000000002
0.150608
0.02148375
0.0
0.0
0.0
0.0
0.0
0.0
0.0
0.0
0.0
0.0
0.0299785
0.1839595
0.374556
0.52193875
0.571423
0.703922
0.7416732500000001
0.7307362500000001
0.37886975
0.31518375
0.17334049999999998
0.12667725
0.06444575000000001
0.01157675
0.0
0.0
0.0
0.0
0.0
0.0
0.0
0.0
0.0
0.0
0.027746749999999997
0.10725449999999999
0.38789925
0.48679325
0.5490425
0.605718
0.67497225
0.7038505
0.657572
0.5699997499999999
0.45703375
0.30074375
0.14152574999999998
0.021564
0.0
0.0
0.0
0.0
0.0
0.0
0.0
0.0
0.0
0.0
0.009774
0.0964995
0.139387
0.25482875
0.478656
0.5662865
0.46661425
0.53559175
0.54859
0.507459
0.31324725000000003
0.30842825
0.128541
0.00644025
0.0
0.0
0.0
0.0
0.0
0.0
0.0
0.0
0.0
0.0
0.0
0.003276
0.19063925
0.21772075000000002
0.32093825
0.26241250000000005
0.21570775
0.42855775
0.3392765
0.22100450000000002
0.2421225
0.24500425
0.038502
0.019723749999999998
0.0
0.0
0.0
0.0
0.0
0.0
0.0
0.0
0.0
0.0
0.0372425
0.19177225
0.38516950000000005
0.53772
0.649323
0.7165104999999999
0.74914
0.7408312499999999
0.69683875
0.6138535
0.49718775
0.34497500000000003
0.06567624999999999
0.025256499999999998
0.0
0.0
0.0
0.0
0.0
0.0
0.0
0.0
0.0
0.0
0.03246375
0.15677549999999998
0.17960125
0.47748275
0.43983675
0.55287025
0.50569425
0.35220175
0.35099825
0.42301125
0.28305149999999996
0.1956225
0.1109405
0.023262
0.0
0.0
0.0
0.0
0.0
0.0
0.0
0.0
0.0
0.0
0.03381375
0.20439875000000002
0.403854
0.5580275
0.6737915
0.7423010000000001
0.774985
0.77516075
0.23272800000000002
0.47266874999999997
0.28504425
0.29269225
0.10607275
0.02872575
0.0
0.0
0.0
0.0
0.0
0.0
0.0
0.0
0.0
0.0
0.037891
0.22143825
0.4384375
0.6097492499999999
0.736502
0.822009
0.83333325
0.83333325
0.80066225
0.70428775
0.5674585
0.39443625
0.18532749999999998
0.025033
0.0
0.0
0.0
0.0
0.0
0.0
0.0
0.0
0.0
0.0
0.03579625
0.2094145
0.414587
0.5785162500000001
0.70056575
0.7817215
0.8192315
0.8098372500000001
0.59828475
0.420582
0.36377699999999996
0.19371750000000001
0.12834025
0.026547249999999998
0.0
0.0
0.0
0.0
0.0
0.0
0.0
0.0
0.0
0.0
0.036322
0.20661575
0.40782375000000004
0.56639275
0.6896775
0.770774
0.80899925
0.8024122499999999
0.64978225
0.6363574999999999
0.3217395
0.24134825000000001
0.172016
0.02612575
0.0
0.0
0.0
0.0
0.0
0.0
0.0
0.0
0.0
0.0
0.0364635
0.20969049999999997
0.41488125000000003
0.57616725
0.6995465000000001
0.77847825
0.81586175
0.80860275
0.7611867499999999
0.67008125
0.5424255
0.378452
0.17822775
0.027218250000000003
0.0
0.0
0.0
0.0
0.0
0.0
0.0
0.0
0.0
0.0
0.037271
0.2066285
0.38130200000000003
0.34873824999999997
0.4385135
0.677884
0.7972195000000001
0.78874225
0.5880105
0.47340875
0.525319
0.36698075
0.1767595
0.02912125
0.0
0.0
0.0
0.0
0.0
0.0
0.0
0.0
0.0
0.0
0.0377545
0.166713
0.391449
0.5409555
0.6558272500000001
0.72847775
0.53088175
0.669412
0.5508982499999999
0.58055425
0.45045999999999997
0.24012999999999998
0.13034674999999998
0.02750875
0.0
0.0
0.0
0.0
0.0
0.0
0.0
0.0
0.0
0.0
0.037624250000000005
0.172871
0.34330099999999997
0.5243645
0.5852682499999999
0.65938125
0.69516475
0.59505025
0.6037067500000001
0.43139
0.32192649999999995
0.2277265
0.105859
0.00823375
0.0
0.0
0.0
0.0
0.0
0.0
0.0
0.0
0.0
0.0
0.038512250000000005
0.15322775
0.27193575
0.38073874999999996
0.48597199999999996
0.5965725
0.64620725
0.5966325
0.42963650000000003
0.21644725
0.2500805
0.23179575
0.12211849999999999
0.022113499999999998
0.0
0.0
0.0
0.0
0.0
0.0
0.0
0.0
0.0
0.0
0.013288500000000002
0.11754625
0.3666625
0.51925575
0.609565
0.6819907500000001
0.6639977499999999
0.458173
0.572465
0.206351
0.40188650000000004
0.33939675
0.14325975
0.033710500000000004
0.0
0.0
0.0
0.0
0.0
0.0
0.0
0.0
0.0
0.0
0.038097
0.18776875
0.35010050000000004
0.42682975
0.50737025
0.58840875
0.42500825
0.585053
0.5618035
0.3087235
0.47686399999999995
0.10978375
0.17838425000000002
0.01924625
0.0
0.0
0.0
0.0
0.0
0.0
0.0
0.0
0.0
0.0
0.04296125
0.203208
0.392412
0.54642925
0.6604092500000001
0.73620175
0.77267625
0.7701749999999999
0.72626975
0.64302175
0.523394
0.37259125
0.144935
0.03439975
0.0
0.0
0.0
0.0
0.0
0.0
0.0
0.0
0.0
0.0
0.03048075
0.1349625
0.34424775
0.488566
0.65729025
0.7290442500000001
0.76215025
0.755236
0.71136375
0.5509022499999999
0.40493049999999997
0.268064
0.16016425
0.034923
0.0
0.0
0.0
0.0
0.0
0.0
0.0
0.0
0.0
0.0
0.04597375
0.1987295
0.38423775
0.4716655
0.578233
0.734701
0.69048875
0.036899749999999995
0.37635250000000003
0.5032555
0.03839
0.1417785
0.16600974999999998
0.041441000000000006
0.0
0.0
0.0
0.0
0.0
0.0
0.0
0.0
0.0
0.0
0.0419805
0.09986075
0.272089
0.34621325000000003
0.5299222499999999
0.6353857500000001
0.6677519999999999
0.7002235
0.268389
0.45095525
0.033301000000000004
0.0221635
0.08517925
0.00320475
0.0
0.0
0.0
0.0
0.0
0.0
0.0
0.0
0.0
0.0
0.00893075
0.1144665
0.029429749999999998
0.13681725
0.25627175
0.20548249999999998
0.32710199999999995
0.411125
0.6041654999999999
0.596112
0.48867675000000005
0.35067075
0.16331325000000002
0.03846025
0.0
0.0
0.0
0.0
0.0
0.0
0.0
0.0
0.0
0.0
0.04363175
0.207323
0.39173250000000004
0.52649
0.6198987499999999
0.688573
0.7266024999999999
0.7216217500000001
0.6821295
0.6123317500000001
0.50888225
0.3686275
0.1555515
0.03649175
0.0
0.0
0.0
0.0
0.0
0.0
0.0
0.0
0.0
0.0
0.0424045
0.20587325
0.3975265
0.5502904999999999
0.6724255
0.7559135
0.79996375
0.7949895
0.5791325
0.5119215
0.40845975
0.318836
0.18505449999999998
0.000782
0.0
0.0
0.0
0.0
0.0
0.0
0.0
0.0
0.0
0.0
0.04326025
0.20703
0.3966595
0.543785
0.66257075
0.7404215000000001
0.78568925
0.7907835
0.6528145
0.67448475
0.554762
0.39074225
0.18330975000000002
0.04024125
0.0
0.0
0.0
0.0
0.0
0.0
0.0
0.0
0.0
0.0
0.04375125
0.212885
0.40702974999999997
0.559242
0.6779394999999999
0.76066175
0.8051695
0.80120125
0.75706
0.67099125
0.32567075
0.3219115
0.128042
0.03915175
0.0
0.0
0.0
0.0
0.0
0.0
0.0
0.0
0.0
0.0
0.0450715
0.2065615
0.39517675
0.4890575
0.572091
0.6439855
0.35510775
0.5639624999999999
0.5373450000000001
0.47757150000000004
0.40708125
0.31956425
0.0
0.04652475
0.0
0.0
0.0
0.0
0.0
0.0
0.0
0.0
0.0
0.0
0.039807499999999996
0.11803525000000001
0.21708375000000002
0.23302475
0.23195249999999998
0.08455
0.045429000000000004
0.15863675
0.092112
0.42551025
0.40419425000000003
0.29252300000000003
0.0440755
0.04797125
0.0
0.0
0.0
0.0
0.0
0.0
0.0
0.0
0.0
0.0
0.0455565
0.21233225
0.39588875
0.53159475
0.64239275
0.7221925
0.76646825
0.7666167500000001
0.73013625
0.229715
0.45351225
0.15873500000000001
0.03160925
0.044446
0.0
0.0
0.0
0.0
0.0
0.0
0.0
0.0
0.0
0.0
0.0072035
0.0883685
0.0806525
0.19995775000000002
0.0298935
0.31526299999999996
0.4100595
0.6780395
0.14927175
0.5120822500000001
0.393049
0.38421775
0.19787125
0.04535225
0.0
0.0
0.0
0.0
0.0
0.0
0.0
0.0
0.0
0.0
0.044519500000000004
0.2189025
0.421919
0.579073
0.7017325
0.77615375
0.81024225
0.7976905000000001
0.7468207499999999
0.6622207499999999
0.5464684999999999
0.39562025
0.205681
0.04319725
0.0
0.0
0.0
0.0
0.0
0.0
0.0
0.0
0.0
0.0
0.042567999999999995
0.211941
0.40024475000000004
0.546205
0.6625304999999999
0.74424225
0.7844785000000001
0.7825532500000001
0.7384525
0.6558205
0.5399962500000001
0.39018675
0.202293
0.041103
0.0
0.0
0.0
0.0
0.0
0.0
0.0
0.0
0.0
0.0
0.025598
0.135991
0.35560899999999995
0.5208415
0.5992179999999999
0.47020049999999997
0.32762425
0.62459175
0.4828035
0.54441575
0.3911815
0.30376825
0.18842525000000002
0.041618
0.0
0.0
0.0
0.0
0.0
0.0
0.0
0.0
0.0
0.0
0.042096249999999995
0.1981415
0.3794035
0.51774825
0.6137325
0.6680185000000001
0.6446175
0.70280525
0.62081825
0.13251249999999998
0.41858249999999997
0.0654715
0.19567400000000001
0.04484375
0.0
0.0
0.0
0.0
0.0
0.0
0.0
0.0
0.0
0.0
0.042471249999999995
0.19785724999999998
0.32601575000000005
0.5312865
0.64909375
0.72966025
0.7741140000000001
0.77440075
0.7345415000000001
0.65736225
0.54322825
0.39470049999999995
0.206087
0.0416765
0.0
0.0
0.0
0.0
0.0
0.0
0.0
0.0
0.0
0.0
0.03964175
0.2028065
0.3827695
0.515061
0.6285867500000001
0.7104277499999999
0.75199025
0.753338
0.7115655000000001
0.6350285
0.5234205
0.37898824999999997
0.19809475000000001
0.04352675
0.0
0.0
0.0
0.0
0.0
0.0
0.0
0.0
0.0
0.0
0.0391415
0.20092525
0.38279825
0.5204719999999999
0.636398
0.7160394999999999
0.7564007500000001
0.75535875
0.71600125
0.6375890000000001
0.5225394999999999
0.36647325000000003
0.15799700000000003
0.04468325
0.0
0.0
0.0
0.0
0.0
0.0
0.0
0.0
0.0
0.0
0.039724249999999996
0.19292925
0.31088774999999996
0.41040899999999997
0.614719
0.59566325
0.73231675
0.73392675
0.369092
0.520655
0.12045525
0.09583175
0.12065475
0.01531175
0.0
0.0
0.0
0.0
0.0
0.0
0.0
0.0
0.0
0.0
0.04087475
0.18748150000000002
0.365937
0.499241
0.59116075
0.6617325
0.59484975
0.5660575
0.3485
0.31616275
0.15166300000000002
0.15241524999999997
0.0147705
0.039495249999999996
0.0
0.0
0.0
0.0
0.0
0.0
0.0
0.0
0.0
0.0
0.0360955
0.18849000000000002
0.365442
0.506889
0.6135142499999999
0.687465
0.72941025
0.7210712499999999
0.5854674999999999
0.45944375000000004
0.40329925
0.18778825000000002
0.157199
0.006554
0.0
0.0
0.0
0.0
0.0
0.0
0.0
0.0
0.0
0.0
0.0389155
0.19035875
0.37070525
0.5079725
0.60671075
0.664621
0.5888
0.64424975
0.2095585
0.3365815
0.494404
0.35025225
0.01862275
0.029878250000000002
0.0
0.0
0.0
0.0
0.0
0.0
0.0
0.0
0.0
0.0
0.03957475
0.17267349999999998
0.364122
0.498202
0.602159
0.678697
0.7240135
0.4771705
0.549259
0.32273375
0.168266
0.35581875
0.181459
0.052699750000000004
0.0
0.0
0.0
0.0
0.0
0.0
0.0
0.0
0.0
0.0
0.014353
0.01590475
0.28578825
0.471012
0.6256349999999999
0.643555
0.6149245
0.601197
0.41152175
0.5043925
0.32958375
0.37288525
0.19843424999999998
0.045411
0.0
0.0
0.0
0.0
0.0
0.0
0.0
0.0
0.0
0.0
0.037394750000000004
0.19228925000000002
0.37540375
0.5205465
0.6334805
0.27272075
0.707326
0.7494529999999999
0.5862404999999999
0.63830725
0.5018254999999999
0.21649025
0.0
0.04655875
0.0
0.0
0.0
0.0
0.0
0.0
0.0
0.0
0.0
0.0
0.03750125
0.19883025000000001
0.388293
0.53317125
0.638018
0.7015337500000001
0.7268975000000001
0.72116125
0.6751005
0.59627275
0.49711425000000004
0.37564875000000003
0.1933645
0.048991
0.0
0.0
0.0
0.0
0.0
0.0
0.0
0.0
0.0
0.0
0.034804499999999995
0.19312025
0.374547
0.510424
0.612826
0.43891475
0.5449695
0.5109454999999999
0.517343
0.44006225
0.4986545
0.38014825
0.20186725000000003
0.04486175
0.0
0.0
0.0
0.0
0.0
0.0
0.0
0.0
0.0
0.0
0.0362495
0.1891995
0.374152
0.51717275
0.6259385
0.69923175
0.741147
0.73975225
0.7040080000000001
0.6322175
0.5252125
0.31835199999999997
0.20237125
0.050091500000000004
0.0
0.0
0.0
0.0
0.0
0.0
0.0
0.0
0.0
0.0
0.0366925
0.1859065
0.368036
0.514675
0.6229235
0.6909474999999999
0.7219555000000001
0.70279575
0.47789499999999996
0.27342325
0.23941525
0.292577
0.15902825
0.04699825
0.0
0.0
0.0
0.0
0.0
0.0
0.0
0.0
0.0
0.0
0.0366775
0.17952925
0.358476
0.5095145
0.6261927500000001
0.70727175
0.7482565
0.061408000000000004
0.7129154999999999
0.58336775
0.493485
0.1838995
0.20468350000000002
0.0469775
0.0
0.0
0.0
0.0
0.0
0.0
0.0
0.0
0.0
0.0
0.03318975
0.183808
0.368915
0.51956325
0.6339365
0.713051
0.75866625
0.7605475
0.7198175
0.6413075
0.52927125
0.3865825
0.20411400000000002
0.047453249999999995
0.0
0.0
0.0
0.0
0.0
0.0
0.0
0.0
0.0
0.0
0.0325935
0.18371175
0.370197
0.5179245
0.6340005
0.71304175
0.754078
0.75126075
0.70918625
0.6344465
0.52326675
0.379424
0.1992585
0.04791125
0.0
0.0
0.0
0.0
0.0
0.0
0.0
0.0
0.0
0.0
0.0326815
0.17927825000000003
0.36290775000000003
0.5094412500000001
0.62505625
0.70188225
0.74270775
0.74017625
0.7019777500000001
0.5979964999999999
0.49020800000000003
0.31589249999999996
0.14384175
0.019665
0.0
0.0
0.0
0.0
0.0
0.0
0.0
0.0
0.0
0.0
0.03255425
0.12704775
0.30062475
0.48942525
0.5999995
0.674446
0.6010295
0.5937057499999999
0.22588999999999998
0.3003505
0.322522
0.31995549999999995
0.176096
0.0383745
0.0
0.0
0.0
0.0
0.0
0.0
0.0
0.0
0.0
0.0
0.0308785
0.17291325000000002
0.31760675
0.40272949999999996
0.55065675
0.614322
0.6387364999999999
0.408862
0.40909500000000004
0.21798974999999998
0.0993455
0.33495125000000003
0.18050475
0.051871
0.0
0.0
0.0
0.0
0.0
0.0
0.0
0.0
0.0
0.0
0.03309875
0.16543425
0.33423575
0.47675825
0.5856287499999999
0.5570535
0.53443375
0.09613525
0.213331
0.09650924999999999
0.27687425000000004
0.34145925
0.15087825000000002
0.045950000000000005
0.0
0.0
0.0
0.0
0.0
0.0
0.0
0.0
0.0
0.0
0.02917625
0.17393025
0.35481575
0.4988275
0.60577225
0.6751732500000001
0.7089967500000001
0.7088665
0.6737545
0.60782925
0.5067515
0.27291925
0.172598
0.0435665
0.0
0.0
0.0
0.0
0.0
0.0
0.0
0.0
0.0
0.0
0.027188749999999998
0.1714425
0.34995275
0.49229199999999995
0.5990515000000001
0.58824525
0.636617
0.21652449999999998
0.58683475
0.26689100000000004
0.37277425
0.16863175000000002
0.18466925
0.040264
0.0
0.0
0.0
0.0
0.0
0.0
0.0
0.0
0.0
0.0
0.02898125
0.167567
0.34610075
0.49232725
0.599822
0.59412325
0.31840275
0.1982675
0.6290205
0.59508775
0.4900425
0.3602015
0.19166975
0.04572625
0.0
0.0
0.0
0.0
0.0
0.0
0.0
0.0
0.0
0.0
0.0279585
0.16860375
0.34783925
0.48495375
0.57933475
0.6563825000000001
0.7078745
0.71627325
0.5674715
0.6168455
0.50945475
0.36927725
0.1916085
0.03874825
0.0
0.0
0.0
0.0
0.0
0.0
0.0
0.0
0.0
0.0
0.02513375
0.1590645
0.3312965
0.4774615
0.58848175
0.6595785
0.6966175
0.6917105
0.20237675
0.31275625
0.44491725000000004
0.07211825000000001
0.17767750000000002
0.0412955
0.0
0.0
0.0
0.0
0.0
0.0
0.0
0.0
0.0
0.0
0.02662925
0.085237
0.13828725
0.21183225
0.57379875
0.6574645
0.698767
0.6975275000000001
0.4456175
0.28658425
0.218056
0.235587
0.032640749999999996
0.00663275
0.0
0.0
0.0
0.0
0.0
0.0
0.0
0.0
0.0
0.0
0.02372475
0.16462625
0.34834550000000003
0.4984265
0.47104325
0.35463625000000004
0.62315325
0.73550725
0.7016285
0.5187765000000001
0.462296
0.3395715
0.09709375
0.03214775
0.0
0.0
0.0
0.0
0.0
0.0
0.0
0.0
0.0
0.0
0.0140835
0.0308465
0.058799500000000005
0.31146675
0.32292375
0.57742075
0.08297075
0.32294975
0.707611
0.636726
0.52930725
0.32389975
0.20142825
0.04166225
0.0
0.0
0.0
0.0
0.0
0.0
0.0
0.0
0.0
0.0
0.022437000000000002
0.168442
0.35728025
0.5112085000000001
0.6301247499999999
0.71595275
0.76259875
0.765235
0.729115
0.6548177500000001
0.5397815
0.39337925
0.2041755
0.0385085
0.0
0.0
0.0
0.0
0.0
0.0
0.0
0.0
0.0
0.0
0.0205485
0.1648175
0.35085425
0.50080975
0.61864425
0.698302
0.7436554999999999
0.7477604999999999
0.714121
0.6417780000000001
0.5304995
0.3850045
0.1985905
0.037399999999999996
0.0
0.0
0.0
0.0
0.0
0.0
0.0
0.0
0.0
0.0
0.01943675
0.1597565
0.3448495
0.49536825
0.615293
0.69765625
0.73743125
0.7352704999999999
0.6942419999999999
0.61996475
0.50954975
0.368662
0.18301575
0.039159
0.0
0.0
0.0
0.0
0.0
0.0
0.0
0.0
0.0
0.0
0.0087705
0.09502175
0.33093425000000004
0.47957
0.438047
0.591724
0.722337
0.7248669999999999
0.6877115
0.6156477499999999
0.503157
0.36228275000000004
0.18734425
0.039503250000000004
0.0
0.0
0.0
0.0
0.0
0.0
0.0
0.0
0.0
0.0
0.0193135
0.15634575
0.3355515
0.48334699999999997
0.601869
0.68585675
0.7307725
0.73252725
0.6961900000000001
0.6186782500000001
0.4997305
0.3566005
0.1828265
0.03303075
0.0
0.0
0.0
0.0
0.0
0.0
0.0
0.0
0.0
0.0
0.0205675
0.16259925
0.35390675
0.5053775
0.6231917499999999
0.702441
0.7425912499999999
0.7429952500000001
0.70438325
0.6245437500000001
0.512659
0.3703125
0.19074875
0.035851999999999995
0.0
0.0
0.0
0.0
0.0
0.0
0.0
0.0
0.0
0.0
0.020021999999999998
0.08819325
0.3130285
0.443388
0.48790724999999996
0.69120525
0.72843675
0.72859825
0.694684
0.62768225
0.52043375
0.3757805
0.1909085
0.03395975
0.0
0.0
0.0
0.0
0.0
0.0
0.0
0.0
0.0
0.0
0.01773425
0.155684
0.34352225
0.49913475
0.61775325
0.698264
0.736578
0.73765125
0.70172925
0.6055695
0.48040974999999997
0.315535
0.08164249999999999
0.035405
0.0
0.0
0.0
0.0
0.0
0.0
0.0
0.0
0.0
0.0
0.019635000000000003
0.12654425
0.29470525
0.39798649999999997
0.5837335
0.5491335
0.48050925
0.09069625
0.179702
0.14656149999999998
0.239489
0.34767725
0.13731274999999998
0.03679725
0.0
0.0
0.0
0.0
0.0
0.0
0.0
0.0
0.0
0.0
0.018932749999999998
0.0623825
0.27073149999999996
0.19908325
0.13811975
0.6329764999999999
0.59784
0.74103225
0.0858805
0.13546424999999998
0.40764125
0.280116
0.15087475
0.034634
0.0
0.0
0.0
0.0
0.0
0.0
0.0
0.0
0.0
0.0
0.017582999999999998
0.14544274999999998
0.32233875
0.4698805
0.5918065
0.67943875
0.7264465
0.641081
0.40210025
0.5502137500000001
0.22579375
0.06452675000000001
0.17888525000000002
0.034637749999999995
0.0
0.0
0.0
0.0
0.0
0.0
0.0
0.0
0.0
0.0
0.016802499999999998
0.14687925000000002
0.33260525
0.47264275
0.534987
0.48347725
0.6504310000000001
0.65419675
0.6507915000000001
0.57193775
0.31026575
0.18871475000000001
0.10337874999999999
0.0251355
0.0
0.0
0.0
0.0
0.0
0.0
0.0
0.0
0.0
0.0
0.0
0.07466575
0.014244
0.02359
0.1133155
0.17475725
0.2777655
0.18883375000000002
0.12832425
0.21310125
0.41508775000000003
0.3509255
0.17534225
0.03279425
0.0
0.0
0.0
0.0
0.0
0.0
0.0
0.0
0.0
0.0
0.015029500000000001
0.0460045
0.04702825
0.1902135
0.319005
0.209901
0.2873975
0.11936450000000001
0.19239225
0.17718725000000002
0.41383225
0.01467675
0.168433
0.03449575
0.0
0.0
0.0
0.0
0.0
0.0
0.0
0.0
0.0
0.0
0.0120915
0.14555825
0.336762
0.4926625
0.6123575
0.6919095
0.73554225
0.73955925
0.70079775
0.61948775
0.5045919999999999
0.35797924999999997
0.01087925
0.0006490000000000001
0.0
0.0
0.0
0.0
0.0
0.0
0.0
0.0
0.0
0.0
0.012930500000000001
0.14025875
0.21004525000000002
0.46508625000000003
0.5750190000000001
0.65831125
0.7073355
0.715699
0.68188525
0.18141524999999997
0.49914525
0.35374125
0.09306974999999999
0.01567025
0.0
0.0
0.0
0.0
0.0
0.0
0.0
0.0
0.0
0.0
0.0131225
0.02706675
0.16587125
0.42381650000000004
0.5061555
0.6733975
0.714083
0.713484
0.50821775
0.526404
0.24313849999999998
0.1744665
0.15029125
0.029515
0.0
0.0
0.0
0.0
0.0
0.0
0.0
0.0
0.0
0.0
0.013108
0.13504125
0.31945375000000004
0.46747425
0.5744502499999999
0.643004
0.6771325
0.52836425
0.35778899999999997
0.2130195
0.3289145
0.1809845
0.013867
0.0
0.0
0.0
0.0
0.0
0.0
0.0
0.0
0.0
0.0
0.0
0.00853375
0.13551625
0.32170575
0.476538
0.5935465000000001
0.6753490000000001
0.71765775
0.71964725
0.6792185
0.6038830000000001
0.494301
0.34778475
0.16378675
0.0238115
0.0
0.0
0.0
0.0
0.0
0.0
0.0
0.0
0.0
0.0
0.008271
0.134093
0.319887
0.4742935
0.5885877500000001
0.663709
0.70184875
0.699514
0.549224
0.475634
0.42233675
0.1326185
0.12979849999999998
0.02318525
0.0
0.0
0.0
0.0
0.0
0.0
0.0
0.0
0.0
0.0
0.008295249999999999
0.11862524999999999
0.31688525
0.47176175
0.58987175
0.6685902499999999
0.70892775
0.710862
0.6684185
0.590904
0.480507
0.33494975
0.15472825
0.021746500000000002
0.0
0.0
0.0
0.0
0.0
0.0
0.0
0.0
0.0
0.0
0.008330500000000001
0.112844
0.29244074999999997
0.4587065
0.483639
0.654941
0.70207175
0.6265149999999999
0.4793895
0.12620875
0.18863925
0.1895855
0.07773825
0.01952025
0.0
0.0
0.0
0.0
0.0
0.0
0.0
0.0
0.0
0.0
0.008121
0.1267065
0.31284275
0.47187725
0.59284575
0.6778115
0.72682025
0.7306627499999999
0.692104
0.61120325
0.28416699999999995
0.32643825
0.1578945
0.020194749999999997
0.0
0.0
0.0
0.0
0.0
0.0
0.0
0.0
0.0
0.0
0.006863
0.12725475
0.3129865
0.464637
0.5712569999999999
0.650317
0.70239125
0.71311025
0.6831777499999999
0.1486815
0.36197025000000005
0.27613325
0.13544975
0.018495249999999998
0.0
0.0
0.0
0.0
0.0
0.0
0.0
0.0
0.0
0.0
0.00025624999999999997
0.010888249999999999
0.00841975
0.08618275
0.1088635
0.056688249999999996
0.227615
0.26455399999999996
0.4311545
0.379306
0.30517849999999996
0.33872949999999996
0.13208975
0.01788475
0.0
0.0
0.0
0.0
0.0
0.0
0.0
0.0
0.0
0.0
0.000277
0.075949
0.19249225
0.4252725
0.45944650000000004
0.60744925
0.4804255
0.47171925
0.43227075000000004
0.5777202499999999
0.38305225000000004
0.1505435
0.056604999999999996
0.0
0.0
0.0
0.0
0.0
0.0
0.0
0.0
0.0
0.0
0.0
0.0062039999999999994
0.12414950000000001
0.31193025
0.47339299999999995
0.59234275
0.674352
0.717681
0.71550175
0.594341
0.1858735
0.24257925
0.219326
0.104199
0.015041
0.0
0.0
0.0
0.0
0.0
0.0
0.0
0.0
0.0
0.0
0.005604250000000001
0.12308225
0.311684
0.47061925000000004
0.59531625
0.6824629999999999
0.37742624999999996
0.6790235
0.6877162499999999
0.60469925
0.482796
0.32574975
0.14246
0.015367
0.0
0.0
0.0
0.0
0.0
0.0
0.0
0.0
0.0
0.0
0.00941325
0.11112649999999999
0.29446175
0.45068225
0.574052
0.66060825
0.622694
0.602504
0.28349975
0.37777125
0.1178385
0.0782385
0.12041674999999999
0.01277475
0.0
0.0
0.0
0.0
0.0
0.0
0.0
0.0
0.0
0.0
0.010316
0.10801000000000001
0.27344975
0.243425
0.50784
0.491026
0.381021
0.592017
0.3980415
0.1870755
0.26939525
0.23224275
0.10184225000000001
0.011303
0.0
0.0
0.0
0.0
0.0
0.0
0.0
0.0
0.0
0.0
0.00346925
0.09803574999999999
0.28842874999999996
0.45582775
0.5826
0.665976
0.4665665
0.1445355
0.244615
0.51225225
0.35245
0.23355725000000002
0.12401025
0.009987
0.0
0.0
0.0
0.0
0.0
0.0
0.0
0.0
0.0
0.0
0.0056535000000000005
0.11350525
0.29486874999999996
0.45189425
0.5779445
0.621591
0.71340275
0.7115375
0.31781574999999995
0.33041424999999996
0.461281
0.20897174999999998
0.13283075
0.009120749999999999
0.0
0.0
0.0
0.0
0.0
0.0
0.0
0.0
0.0
0.0
0.0049865000000000005
0.11440824999999999
0.303791
0.47207
0.6039635
0.694079
0.74195475
0.42545475
0.6988025
0.610202
0.48770425
0.32433049999999997
0.12331600000000001
0.0073225
0.0
0.0
0.0
0.0
0.0
0.0
0.0
0.0
0.0
0.0
0.00494275
0.1157085
0.3104925
0.472289
0.5960145
0.6806515000000001
0.723056
0.7213267499999999
0.6764217499999999
0.5913082500000001
0.46799599999999997
0.3083325
0.05203075
0.0019545
0.0
0.0
0.0
0.0
0.0
0.0
0.0
0.0
0.0
0.0
0.004118
0.11482125
0.311668
0.47524700000000003
0.59320275
0.6687995
0.70538
0.5383847500000001
0.4584925
0.27718624999999997
0.228428
0.1643645
0.07468274999999999
0.00379325
0.0
0.0
0.0
0.0
0.0
0.0
0.0
0.0
0.0
0.0
0.002818
0.09309574999999999
0.21569875
0.39176075
0.31980074999999997
0.54659425
0.5708015000000001
0.42899200000000004
0.26563425
0.29717275
0.31667
0.1746115
0.03263675
0.0
0.0
0.0
0.0
0.0
0.0
0.0
0.0
0.0
0.0
0.0
0.00220375
0.1061615
0.29069475
0.45572825
0.39998475
0.39868824999999997
0.6854790000000001
0.68462
0.5313705
0.5739157500000001
0.45393175
0.15126900000000001
0.06147875
0.0013354999999999999
0.0
0.0
0.0
0.0
0.0
0.0
0.0
0.0
0.0
0.0
0.0
0.0532085
0.18549675
0.39977175
0.509768
0.6527350000000001
0.694115
0.69050775
0.15729474999999998
0.18532675
0.19901425
0.17837325
0.03505675
0.0
0.0
0.0
0.0
0.0
0.0
0.0
0.0
0.0
0.0
0.0
0.002297
0.09981075
0.2106285
0.31232525
0.43026875000000003
0.5495140000000001
0.6496345
0.699472
0.65734575
0.57668825
0.418772
0.29910375
0.08538549999999999
0.00338725
0.0
0.0
0.0
0.0
0.0
0.0
0.0
0.0
0.0
0.0
0.0
0.10728075
0.3061805
0.471877
0.58340925
0.654293
0.69351
0.6643877499999999
0.623591
0.56594525
0.33482724999999997
0.270139
0.0648685
0.00078875
0.0
0.0
0.0
0.0
0.0
0.0
0.0
0.0
0.0
0.0
0.0
0.049877000000000005
0.08015925
0.07290925
0.337836
0.57882075
0.66766525
0.63018775
0.6761325
0.56757925
0.46886125
0.30286475
0.11139675
0.00278125
0.0
0.0
0.0
0.0
0.0
0.0
0.0
0.0
0.0
0.0
0.0
0.10342975
0.30118675
0.39246024999999995
0.5793247499999999
0.66248625
0.70722775
0.7110627500000001
0.67084525
0.5895
0.46747375
0.299026
0.1073205
0.00204775
0.0
0.0
0.0
0.0
0.0
0.0
0.0
0.0
0.0
0.0
0.0
0.09965275
0.29367624999999997
0.45887124999999995
0.5796495
0.6641805000000001
0.7094705
0.65354425
0.67037875
0.58361775
0.40491675
0.254496
0.0940295
0.0
0.0
0.0
0.0
0.0
0.0
0.0
0.0
0.0
0.0
0.0
0.0
0.097618
0.28963925
0.4510725
0.5655475
0.65066275
0.39943525
0.5458667500000001
0.49360899999999996
0.495807
0.23642724999999998
0.08998824999999999
0.062470750000000005
0.0
0.0
0.0
0.0
0.0
0.0
0.0
0.0
0.0
0.0
0.0
0.0
0.09562975
0.28426025
0.41121575
0.5712615
0.6593747499999999
0.7035309999999999
0.0692895
0.619248
0.19072125
0.33188799999999996
0.26162025
0.08457875
0.0
0.0
0.0
0.0
0.0
0.0
0.0
0.0
0.0
0.0
0.0
0.0
0.091683
0.27620225
0.44052050000000004
0.56655175
0.65475875
0.7044735
0.625695
0.5517415
0.15378624999999999
0.15784475
0.2195665
0.074822
0.0
0.0
0.0
0.0
0.0
0.0
0.0
0.0
0.0
0.0
0.0
0.0
0.07780575
0.267737
0.38898225000000003
0.49656150000000004
0.5152855
0.55389075
0.2015725
0.19870500000000002
0.36085675
0.39195474999999996
0.042770749999999996
0.0
0.0
0.0
0.0
0.0
0.0
0.0
0.0
0.0
0.0
0.0
0.0
0.0
0.09323350000000001
0.2884615
0.4528155
0.57509325
0.6605767499999999
0.70803525
0.7120095
0.67250375
0.58787
0.46081375
0.28505650000000005
0.08809550000000001
0.0
0.0
0.0
0.0
0.0
0.0
0.0
0.0
0.0
0.0
0.0
0.0
0.09135325
0.285333
0.45557749999999997
0.57234025
0.5369539999999999
0.5656832500000001
0.4974135
0.37270024999999996
0.46448375
0.4245975
0.16013249999999998
0.055859
0.0
0.0
0.0
0.0
0.0
0.0
0.0
0.0
0.0
0.0
0.0
0.0
0.08928024999999999
0.286416
0.461086
0.58837425
0.6737145
0.71762775
0.7141219999999999
0.6667675000000001
0.5765335
0.44636225
0.2618105
0.05609875
0.0
0.0
0.0
0.0
0.0
0.0
0.0
0.0
0.0
0.0
0.0
0.0
0.00173825
0.046523499999999995
0.13661075
0.38494925
0.46142500000000003
0.352931
0.33543775
0.14312899999999998
0.1146215
0.15592675
0.0720305
0.031882
0.0
0.0
0.0
0.0
0.0
0.0
0.0
0.0
0.0
0.0
0.0
0.0
0.08899649999999999
0.29696425
0.48231799999999997
0.6158262499999999
0.7054135
0.7452730000000001
0.7330927500000001
0.67919775
0.5847787499999999
0.45357425
0.27299025
0.07609199999999999
0.0
0.0
0.0
0.0
0.0
0.0
0.0
0.0
0.0
0.0
0.0
0.0
0.08799425
0.2915875
0.4566935
0.5823397499999999
0.6736697500000001
0.7212825
0.72108775
0.67249325
0.58298375
0.45221525
0.270611
0.07137125
0.0
0.0
0.0
0.0
0.0
0.0
0.0
0.0
0.0
0.0
0.0
0.0
0.085412
0.2907915
0.4695935
0.59237425
0.669783
0.7060492500000001
0.7000795000000001
0.6561705
0.29004375
0.30289575
0.21104725
0.05878575
0.0
0.0
0.0
0.0
0.0
0.0
0.0
0.0
0.0
0.0
0.0
0.0
0.0809735
0.2741485
0.43967125
0.5529255000000001
0.6312727499999999
0.67586575
0.6834422499999999
0.6453285
0.55949375
0.42888774999999996
0.24929099999999998
0.0572545
0.0
0.0
0.0
0.0
0.0
0.0
0.0
0.0
0.0
0.0
0.0
0.0
0.080291
0.27505324999999997
0.44729050000000004
0.56369075
0.6342555
0.60543025
0.20228725
0.6030855
0.5263295
0.40656025
0.17571799999999999
0.00066625
0.0
0.0
0.0
0.0
0.0
0.0
0.0
0.0
0.0
0.0
0.0
0.0
0.00380925
0.00908125
0.161258
0.23816274999999998
0.32270675
0.4333575
0.67597575
0.62801425
0.54581925
0.42414175
0.21005675
0.056025
0.0
0.0
0.0
0.0
0.0
0.0
0.0
0.0
0.0
0.0
0.0
0.0
0.07682625
0.22936275
0.360557
0.5752102499999999
0.6520195
0.68256025
0.675825
0.6348189999999999
0.5521805000000001
0.42339325
0.2413375
0.053035
0.0
0.0
0.0
0.0
0.0
0.0
0.0
0.0
0.0
0.0
0.0
0.0
0.057481250000000005
0.22045025000000001
0.376611
0.47346350000000004
0.5141420000000001
0.56461975
0.64751175
0.383172
0.52435425
0.29179075
0.100326
0.007176999999999999
0.0
0.0
0.0
0.0
0.0
0.0
0.0
0.0
0.0
0.0
0.0
0.0
0.0008362500000000001
0.1070025
0.338537
0.46589425
0.64712125
0.67879675
0.6676725
0.6113315
0.26511525
0.36181025
0.0647905
0.03241625
0.0
0.0
0.0
0.0
0.0
0.0
0.0
0.0
0.0
0.0
0.0
0.0
0.07036750000000001
0.26758974999999996
0.45212925000000004
0.5796805
0.65782025
0.696502
0.3419095
0.142926
0.4645595
0.21056450000000002
0.101524
0.0
0.0
0.0
0.0
0.0
0.0
0.0
0.0
0.0
0.0
0.0
0.0
0.0
0.07622975
0.28587875
0.4701535
0.5992315
0.67721975
0.7079847499999999
0.689314
0.63982225
0.5566252500000001
0.4254475
0.2356095
0.04302175
0.0
0.0
0.0
0.0
0.0
0.0
0.0
0.0
0.0
0.0
0.0
0.0
0.06533225000000001
0.20974625
0.34694925
0.5787255
0.661716
0.7004495
0.69253725
0.63905125
0.54558225
0.4077305
0.2190965
0.037962499999999996
0.0
0.0
0.0
0.0
0.0
0.0
0.0
0.0
0.0
0.0
0.0
0.0
0.06655849999999999
0.26328625
0.440788
0.5582977499999999
0.641044
0.6852152499999999
0.6832515
0.636818
0.5444785000000001
0.40864625
0.2202695
0.03549025
0.0
0.0
0.0
0.0
0.0
0.0
0.0
0.0
0.0
0.0
0.0
0.0
0.06702225
0.26455700000000004
0.44423625
0.5709270000000001
0.6565570000000001
0.6975009999999999
0.5162519999999999
0.5343957500000001
0.33352974999999996
0.2828865
0.055674999999999995
0.00895225
0.0
0.0
0.0
0.0
0.0
0.0
0.0
0.0
0.0
0.0
0.0
0.0
0.017401
0.0446355
0.105022
0.351435
0.15795325
0.59031625
0.590197
0.27649874999999996
0.25501775
0.08920475
0.09261799999999999
0.016295
0.0
0.0
0.0
0.0
0.0
0.0
0.0
0.0
0.0
0.0
0.0
0.0
0.061518
0.26222525
0.44830775
0.5790635
0.6680539999999999
0.7090515000000001
0.7044450000000001
0.64720975
0.54614725
0.40249799999999997
0.20174025
0.026332750000000002
0.0
0.0
0.0
0.0
0.0
0.0
0.0
0.0
0.0
0.0
0.0
0.0
0.0
0.003556
0.01045425
0.0172945
0.037627249999999994
0.08191875
0.04256525
0.11560575000000001
0.03848875
0.027038
0.04998075
0.0043360000000000004
0.0
0.0
0.0
0.0
0.0
0.0
0.0
0.0
0.0
0.0
0.0
0.0
0.02261225
0.08941275
0.21806125
0.23725675000000002
0.5344665
0.7043652499999999
0.70195175
0.648992
0.519765
0.25785275
0.1235255
0.014823000000000001
0.0
0.0
0.0
0.0
0.0
0.0
0.0
0.0
0.0
0.0
0.0
0.0
0.059075749999999996
0.26486000000000004
0.46008150000000003
0.593489
0.6801437499999999
0.71368325
0.699379
0.639966
0.53758025
0.39239425
0.194084
0.018545750000000003
0.0
0.0
0.0
0.0
0.0
0.0
0.0
0.0
0.0
0.0
0.0
0.0
0.05353525
0.24208125
0.42981549999999996
0.5566749999999999
0.64260325
0.686277
0.67590625
0.39940675
0.43036399999999997
0.36150725
0.1776865
0.015567500000000001
0.0
0.0
0.0
0.0
0.0
0.0
0.0
0.0
0.0
0.0
0.0
0.0
0.0507135
0.23453475000000001
0.42371749999999997
0.557264
0.6458875000000001
0.69006075
0.67959875
0.14510874999999998
0.012428000000000002
0.36772375
0.15568575
0.0116175
0.0
0.0
0.0
0.0
0.0
0.0
0.0
0.0
0.0
0.0
0.0
0.0
0.050666249999999996
0.24314449999999999
0.42837675000000003
0.55660425
0.641212
0.6772225
0.6663775000000001
0.61251625
0.5105554999999999
0.36527350000000003
0.172798
0.011577
0.0
0.0
0.0
0.0
0.0
0.0
0.0
0.0
0.0
0.0
0.0
0.0
0.0328875
0.2486355
0.43947575
0.5747015
0.66321825
0.6997519999999999
0.6859172499999999
0.6275545
0.5180990000000001
0.29239175
0.039367
0.00029925000000000004
0.0
0.0
0.0
0.0
0.0
0.0
0.0
0.0
0.0
0.0
0.0
0.0
0.0466085
0.23637524999999998
0.42527375
0.555332
0.63312875
0.67184975
0.5494885
0.35667575
0.3682855
0.16216450000000002
0.11555475
0.00613
0.0
0.0
0.0
0.0
0.0
0.0
0.0
0.0
0.0
0.0
0.0
0.0
0.041921
0.22898249999999998
0.34242825
0.45156475
0.543114
0.548155
0.6330055
0.58029
0.445091
0.25559925
0.0
0.0
0.0
0.0
0.0
0.0
0.0
0.0
0.0
0.0
0.0
0.0
0.0
0.0
0.0160105
0.0
0.1015125
0.07909975
0.15531725
0.38312575
0.49524450000000003
0.49072525
0.27802499999999997
0.259307
0.08554550000000001
0.006730000000000001
0.0
0.0
0.0
0.0
0.0
0.0
0.0
0.0
0.0
0.0
0.0
0.0
0.01253775
0.0910305
0.2143085
0.306421
0.52115775
0.5651202500000001
0.5283685
0.60196525
0.50117775
0.352371
0.15479425
0.0060285
0.0
0.0
0.0
0.0
0.0
0.0
0.0
0.0
0.0
0.0
0.0
0.0
0.027989249999999997
0.20753525
0.3284935
0.47674500000000003
0.5293764999999999
0.61294125
0.614665
0.59719425
0.49539325
0.34476
0.14895575
0.00315325
0.0
0.0
0.0
0.0
0.0
0.0
0.0
0.0
0.0
0.0
0.0
0.0
0.0326955
0.15460675000000001
0.41169324999999996
0.53179625
0.5234475
0.59238925
0.4893285
0.222821
0.37297275
0.27213475
0.10591075
0.0
0.0
0.0
0.0
0.0
0.0
0.0
0.0
0.0
0.0
0.0
0.0
0.0
0.0044885
0.06938549999999999
0.1152115
0.26582825000000004
0.45466125
0.54872475
0.46520100000000003
0.43454550000000003
0.32812074999999996
0.152944
0.05516325
0.0
0.0
0.0
0.0
0.0
0.0
0.0
0.0
0.0
0.0
0.0
0.0
0.0
0.0
0.009947
0.04359425
0.07251049999999999
0.162178
0.233459
0.22304624999999997
0.2031235
0.1635175
0.07998375
0.040534999999999995
0.0
0.0
0.0
0.0
0.0
0.0
0.0
0.0
0.0
0.0
0.0
0.0
0.0
0.006897
0.0469865
0.1120895
0.12908175
0.1795825
0.2080855
0.1807385
0.1366685
0.0986445
0.088932
0.0312075
0.0
0.0
0.0
0.0
0.0
0.0
0.0
0.0
0.0
0.0
0.0
0.0
0.0
0.005316499999999999
0.05094375
0.1457
0.1980905
0.14862475
0.23765175
0.19705675
0.1852165
0.11636275
0.0754405
0.05022475
0.0
0.0
0.0
0.0
0.0
0.0
0.0
0.0
0.0
0.0
0.0
0.0
0.0
0.03182675
0.23444575
0.4424615
0.5783082500000001
0.6634915
0.702527
0.68969125
0.62632475
0.51578825
0.34766874999999997
0.13477025
0.0
0.0
0.0
0.0
0.0
0.0
0.0
0.0
0.0
0.0
0.0
0.0
0.0
0.02863425
0.22974675
0.42797075
0.5595975
0.6467759999999999
0.68708225
0.67359475
0.60956575
0.496712
0.33160725
0.12475149999999999
0.0
0.0
0.0
0.0
0.0
0.0
0.0
0.0
0.0
0.0
0.0
0.0
0.0
0.02443575
0.21308000000000002
0.40483175
0.53290075
0.61518775
0.65675075
0.647517
0.5888519999999999
0.4815775
0.1809065
0.11587225
0.0
0.0
0.0
0.0
0.0
0.0
0.0
0.0
0.0
0.0
0.0
0.0
0.0
0.02310125
0.21281624999999998
0.40791375
0.5445402500000001
0.6303695
0.6713465
0.65600825
0.58758375
0.47693225
0.313721
0.111185
0.0
0.0
0.0
0.0
0.0
0.0
0.0
0.0
0.0
0.0
0.0
0.0
0.0
0.02187575
0.20899125000000002
0.39753575
0.5280142499999999
0.6205152500000001
0.6643925
0.65705675
0.596438
0.48882275
0.3217765
0.11501349999999999
0.0
0.0
0.0
0.0
0.0
0.0
0.0
0.0
0.0
0.0
0.0
0.0
0.0
0.019776
0.173287
0.357298
0.53851775
0.625691
0.6664355000000001
0.6573807500000001
0.59318675
0.48370425
0.31556799999999996
0.10739375
0.0
0.0
0.0
0.0
0.0
0.0
0.0
0.0
0.0
0.0
0.0
0.0
0.0
0.019382
0.20216874999999998
0.39359375
0.52661725
0.6110965
0.64906925
0.4696675
0.35341825
0.31517975000000004
0.102258
0.022076250000000002
0.0
0.0
0.0
0.0
0.0
0.0
0.0
0.0
0.0
0.0
0.0
0.0
0.0
0.01740625
0.20450625
0.4080125
0.545327
0.626052
0.660577
0.6451195000000001
0.5816085000000001
0.4719995
0.30414775
0.099393
0.0
0.0
0.0
0.0
0.0
0.0
0.0
0.0
0.0
0.0
0.0
0.0
0.0
0.01641675
0.2026575
0.39943075
0.52916575
0.6151057499999999
0.6525855
0.639178
0.57525425
0.46390575
0.2978195
0.09518975
0.0
0.0
0.0
0.0
0.0
0.0
0.0
0.0
0.0
0.0
0.0
0.0
0.0
0.015009499999999999
0.19809475000000001
0.3921605
0.510293
0.5798730000000001
0.6181835
0.614993
0.5609875
0.45827625
0.294428
0.092462
0.0
0.0
0.0
0.0
0.0
0.0
0.0
0.0
0.0
0.0
0.0
0.0
0.0
0.013678000000000001
0.1968335
0.39168475
0.51802525
0.58463175
0.6141252500000001
0.6057865
0.5527632499999999
0.4492985
0.28613225
0.08768425
0.0
0.0
0.0
0.0
0.0
0.0
0.0
0.0
0.0
0.0
0.0
0.0
0.0
0.00524225
0.14948599999999998
0.38603975
0.5133909999999999
0.5891292499999999
0.56106525
0.55235075
0.5258635
0.343417
0.21585474999999998
0.058429499999999995
0.0
0.0
0.0
0.0
0.0
0.0
0.0
0.0
0.0
0.0
0.0
0.0
0.0
0.00999475
0.18214325
0.37231475
0.5069870000000001
0.596818
0.637248
0.6261152499999999
0.564984
0.452051
0.2795985
0.077965
0.0
0.0
0.0
0.0
0.0
0.0
0.0
0.0
0.0
0.0
0.0
0.0
0.0
0.00869675
0.18400975
0.3796735
0.507108
0.5872415
0.62949575
0.62003125
0.55678975
0.22863050000000001
0.1709425
0.03753925
0.0
0.0
0.0
0.0
0.0
0.0
0.0
0.0
0.0
0.0
0.0
0.0
0.0
0.0
0.00980025
0.06509375
0.032869
0.11908374999999999
0.15035775
0.245047
0.2509435
0.08147475
0.0347955
0.031161750000000002
0.0
0.0
0.0
0.0
0.0
0.0
0.0
0.0
0.0
0.0
0.0
0.0
0.0
0.0
0.0313315
0.23677825000000002
0.34189400000000003
0.41735225000000004
0.4245
0.41809375
0.407056
0.28957925
0.112584
0.020297999999999997
0.0
0.0
0.0
0.0
0.0
0.0
0.0
0.0
0.0
0.0
0.0
0.0
0.0
0.0
0.10051425
0.1605765
0.31300324999999996
0.60638
0.64266775
0.6254475
0.5577000000000001
0.44268375
0.264884
0.0652625
0.0
0.0
0.0
0.0
0.0
0.0
0.0
0.0
0.0
0.0
0.0
0.0
0.0
0.0
0.1681075
0.36589325
0.49693200000000004
0.56730225
0.595429
0.58387325
0.223644
0.21967775
0.212085
0.04408525
0.0
0.0
0.0
0.0
0.0
0.0
0.0
0.0
0.0
0.0
0.0
0.0
0.0
0.0
0.16334125
0.35440225
0.49201350000000005
0.57409875
0.6100304999999999
0.59933925
0.53930075
0.4281295
0.2519885
0.058286000000000004
0.0
0.0
0.0
0.0
0.0
0.0
0.0
0.0
0.0
0.0
0.0
0.0
0.0
0.0
0.1038395
0.233131
0.35818900000000004
0.43476875000000004
0.615562
0.6009175
0.389803
0.35325025
0.2326075
0.0443285
0.0
0.0
0.0
0.0
0.0
0.0
0.0
0.0
0.0
0.0
0.0
0.0
0.0
0.0
0.02091125
0.1819955
0.3378
0.18005875
0.4194175
0.349169
0.22676625
0.16146225
0.07429999999999999
0.0132975
0.0
0.0
0.0
0.0
0.0
0.0
0.0
0.0
0.0
0.0
0.0
0.0
0.0
0.0
0.13085249999999998
0.35341525
0.5021565
0.58800675
0.6196865
0.59631925
0.52653475
0.41568125
0.24349325
0.0503095
0.0
0.0
0.0
0.0
0.0
0.0
0.0
0.0
0.0
0.0
0.0
0.0
0.0
0.0
0.112104
0.34035825
0.4820125
0.558099
0.52232475
0.51593275
0.53210425
0.417269
0.24050725
0.04643175
0.0
0.0
0.0
0.0
0.0
0.0
0.0
0.0
0.0
0.0
0.0
0.0
0.0
0.0
0.09064749999999999
0.10443999999999999
0.13780925
0.1517485
0.07768699999999999
0.24478725
0.24129499999999998
0.35840125
0.116896
0.018483250000000003
0.0
0.0
0.0
0.0
0.0
0.0
0.0
0.0
0.0
0.0
0.0
0.0
0.0
0.0
0.025733250000000003
0.14557675
0.308628
0.2629945
0.4155315
0.617711
0.549841
0.4313745
0.2439425
0.04208025
0.0
0.0
0.0
0.0
0.0
0.0
0.0
0.0
0.0
0.0
0.0
0.0
0.0
0.0
0.09789149999999999
0.3550315
0.49936675
0.5802597500000001
0.61195725
0.5981395
0.5333685
0.41696449999999996
0.23930525
0.04064225
0.0
0.0
0.0
0.0
0.0
0.0
0.0
0.0
0.0
0.0
0.0
0.0
0.0
0.0
0.09241450000000001
0.28842975000000004
0.49313575
0.577418
0.480976
0.401308
0.5075347499999999
0.395854
0.141799
0.02005525
0.0
0.0
0.0
0.0
0.0
0.0
0.0
0.0
0.0
0.0
0.0
0.0
0.0
0.0
0.12351999999999999
0.060719499999999996
0.26292200000000004
0.48396775000000003
0.6294935
0.16789275
0.35652225
0.24116125
0.168252
0.02146575
0.0
0.0
0.0
0.0
0.0
0.0
0.0
0.0
0.0
0.0
0.0
0.0
0.0
0.0
0.08694400000000001
0.24481925000000002
0.25945999999999997
0.59164925
0.6310875
0.61621975
0.548971
0.42803775
0.239149
0.03514925
0.0
0.0
0.0
0.0
0.0
0.0
0.0
0.0
0.0
0.0
0.0
0.0
0.0
0.0
0.11080625000000001
0.32249675
0.49351325
0.58821375
0.6289710000000001
0.6109455
0.5396420000000001
0.41708850000000003
0.22875700000000002
0.03026125
0.0
0.0
0.0
0.0
0.0
0.0
0.0
0.0
0.0
0.0
0.0
0.0
0.0
0.0
0.08110500000000001
0.3291915
0.473253
0.5487655
0.58015725
0.56188725
0.49451049999999996
0.3799135
0.20806200000000002
0.026048500000000002
0.0
0.0
0.0
0.0
0.0
0.0
0.0
0.0
0.0
0.0
0.0
0.0
0.0
0.0
0.06567375
0.20713725
0.11445749999999999
0.064508
0.48800475
0.44435375
0.24548675
0.30328924999999995
0.15510025
0.01222075
0.0
0.0
0.0
0.0
0.0
0.0
0.0
0.0
0.0
0.0
0.0
0.0
0.0
0.0
0.06944
0.20403925
0.27513525
0.4529745
0.5543585000000001
0.54559175
0.48562625000000004
0.37373399999999996
0.20049475
0.02164525
0.0
0.0
0.0
0.0
0.0
0.0
0.0
0.0
0.0
0.0
0.0
0.0
0.0
0.0
0.07181
0.31212725
0.45484500000000005
0.53445625
0.5681115
0.549254
0.4832905
0.3702885
0.197452
0.019703250000000002
0.0
0.0
0.0
0.0
0.0
0.0
0.0
0.0
0.0
0.0
0.0
0.0
0.0
0.0
0.0692175
0.31235425
0.4594
0.541575
0.575846
0.55715925
0.49280475
0.37740625
0.18882849999999998
0.0122545
0.0
0.0
0.0
0.0
0.0
0.0
0.0
0.0
0.0
0.0
0.0
0.0
0.0
0.0
0.068439
0.31011900000000003
0.456766
0.54183225
0.58008575
0.56539175
0.502348
0.38583999999999996
0.207403
0.020312999999999998
0.0
0.0
0.0
0.0
0.0
0.0
0.0
0.0
0.0
0.0
0.0
0.0
0.0
0.0
0.06671925000000001
0.31678575000000003
0.46848674999999995
0.5492685
0.5796982500000001
0.5610582500000001
0.41908924999999997
0.3515415
0.11497249999999999
0.005788000000000001
0.0
0.0
0.0
0.0
0.0
0.0
0.0
0.0
0.0
0.0
0.0
0.0
0.0
0.0
0.08759925
0.27889875000000003
0.435262
0.5235135000000001
0.56778575
0.54714875
0.47748375
0.35533024999999996
0.181761
0.00799425
0.0
0.0
0.0
0.0
0.0
0.0
0.0
0.0
0.0
0.0
0.0
0.0
0.0
0.0
0.05692125
0.30036075
0.45515075
0.5399437500000001
0.5747965
0.55704625
0.489451
0.3703505
0.18669775000000002
0.01217125
0.0
0.0
0.0
0.0
0.0
0.0
0.0
0.0
0.0
0.0
0.0
0.0
0.0
0.0
0.0554765
0.2950095
0.45002575
0.44500425
0.4505365
0.44847125
0.410274
0.26310275
0.07547675
0.001896
0.0
0.0
0.0
0.0
0.0
0.0
0.0
0.0
0.0
0.0
0.0
0.0
0.0
0.0
0.09788474999999999
0.3050365
0.469883
0.56578125
0.599459
0.57411475
0.49271125
0.3668415
0.18695825
0.01099
0.0
0.0
0.0
0.0
0.0
0.0
0.0
0.0
0.0
0.0
0.0
0.0
0.0
0.0
0.0457055
0.29668325
0.45008275
0.5247904999999999
0.55024275
0.5402547499999999
0.48215525000000004
0.36473825
0.18784700000000001
0.0123625
0.0
0.0
0.0
0.0
0.0
0.0
0.0
0.0
0.0
0.0
0.0
0.0
0.0
0.0
0.01116
0.04841975
0.16733175
0.310369
0.38619875000000004
0.127673
0.00705025
0.31231175
0.08943625
0.0011645000000000002
0.0
0.0
0.0
0.0
0.0
0.0
0.0
0.0
0.0
0.0
0.0
0.0
0.0
0.0
0.0427065
0.27253625
0.29541725
0.5095967499999999
0.551882
0.45360975000000003
0.283708
0.21664175
0.13872325000000002
0.0
0.0
0.0
0.0
0.0
0.0
0.0
0.0
0.0
0.0
0.0
0.0
0.0
0.0
0.0
0.0141085
0.155014
0.11637075
0.20822049999999998
0.25744425
0.25682925
0.499
0.259303
0.05702375
0.0
0.0
0.0
0.0
0.0
0.0
0.0
0.0
0.0
0.0
0.0
0.0
0.0
0.0
0.0
0.02413575
0.11689125
0.06371825
0.3383215
0.3191395
0.44340325
0.25641674999999997
0.17355299999999999
0.08747225
0.0
0.0
0.0
0.0
0.0
0.0
0.0
0.0
0.0
0.0
0.0
0.0
0.0
0.0
0.0
0.0396875
0.15353550000000002
0.3219065
0.44486174999999994
0.39865875
0.475598
0.39406824999999995
0.25765925
0.13132624999999998
0.0
0.0
0.0
0.0
0.0
0.0
0.0
0.0
0.0
0.0
0.0
0.0
0.0
0.0
0.0
0.01266275
0.123124
0.21334450000000002
0.135973
0.355294
0.46541375
0.3751405
0.253327
0.13912125
0.0
0.0
0.0
0.0
0.0
0.0
0.0
0.0
0.0
0.0
0.0
0.0
0.0
0.0
0.0
0.0071185
0.06786275
0.09703875
0.22493525
0.29291525
0.33816725000000003
0.29558724999999997
0.244305
0.1203175
0.0
0.0
0.0
0.0
0.0
0.0
0.0
0.0
0.0
0.0
0.0
0.0
0.0
0.0
0.0
0.06113875
0.25683724999999996
0.42190625
0.36301375
0.56558825
0.554351
0.48647625
0.35874925
0.17767775
0.0
0.0
0.0
0.0
0.0
0.0
0.0
0.0
0.0
0.0
0.0
0.0
0.0
0.0
0.0
0.063219
0.258276
0.41736675
0.50536225
0.53906925
0.52473025
0.4604055
0.34232875
0.17055075
0.0
0.0
0.0
0.0
0.0
0.0
0.0
0.0
0.0
0.0
0.0
0.0
0.0
0.0
0.0
0.02852025
0.15041749999999998
0.33199025
0.40747525
0.47728325
0.5299945
0.46299725
0.34260475
0.16953075
0.0
0.0
0.0
0.0
0.0
0.0
0.0
0.0
0.0
0.0
0.0
0.0
0.0
0.0
0.0
0.034123
0.25122475
0.41425575
0.5104695
0.55058525
0.53271075
0.46777025
0.34266599999999997
0.1681335
0.0
0.0
0.0
0.0
0.0
0.0
0.0
0.0
0.0
0.0
0.0
0.0
0.0
0.0
0.0
0.053136749999999996
0.25114975
0.411889
0.498996
0.5298462500000001
0.519424
0.4599225
0.34165275
0.17025675
0.0
0.0
0.0
0.0
0.0
0.0
0.0
0.0
0.0
0.0
0.0
0.0
0.0
0.0
0.0
0.03049025
0.25013650000000004
0.42662900000000004
0.5301137499999999
0.57411175
0.44538825000000004
0.18986699999999998
0.13215125
0.099812
0.0
0.0
0.0
0.0
0.0
0.0
0.0
0.0
0.0
0.0
0.0
0.0
0.0
0.0
0.0
0.05177325
0.25305825
0.42058575000000004
0.517035
0.5610372499999999
0.553654
0.49096425
0.32283675
0.14743325
0.00658
0.0
0.0
0.0
0.0
0.0
0.0
0.0
0.0
0.0
0.0
0.0
0.0
0.0
0.0
0.00489375
0.04963475
0.103525
0.19464925
0.25783425
0.282774
0.29179
0.212154
0.11766299999999999
0.0
0.0
0.0
0.0
0.0
0.0
0.0
0.0
0.0
0.0
0.0
0.0
0.0
0.0
0.0
0.05221575
0.259602
0.43619725
0.54061075
0.58455875
0.572849
0.5091725
0.3778745
0.1893155
0.009155749999999999
0.0
0.0
0.0
0.0
0.0
0.0
0.0
0.0
0.0
0.0
0.0
0.0
0.0
0.0
0.018940750000000003
0.1486525
0.2803465
0.34452175
0.40896024999999997
0.42432400000000003
0.37517925
0.27616525000000003
0.13022399999999998
0.002499
0.0
0.0
0.0
0.0
0.0
0.0
0.0
0.0
0.0
0.0
0.0
0.0
0.0
0.0
0.002885
0.04494625
0.0691745
0.12116075
0.26326499999999997
0.51336775
0.34818175
0.28876100000000005
0.1382445
0.00276225
0.0
0.0
0.0
0.0
0.0
0.0
0.0
0.0
0.0
0.0
0.0
0.0
0.0
0.0
0.014215
0.179195
0.39121174999999997
0.49107875
0.5359855
0.5308545
0.47063299999999997
0.34923675
0.17181225
0.00727525
0.0
0.0
0.0
0.0
0.0
0.0
0.0
0.0
0.0
0.0
0.0
0.0
0.0
0.0
0.011497249999999999
0.18661525
0.3920995
0.49759625
0.5414795
0.5338780000000001
0.472933
0.349711
0.10550024999999999
0.0010580000000000001
0.0
0.0
0.0
0.0
0.0
0.0
0.0
0.0
0.0
0.0
0.0
0.0
0.0
0.0
0.0345845
0.23161325
0.40446525
0.51227225
0.55825075
0.5508697499999999
0.4885985
0.36238475
0.181127
0.00938025
0.0
0.0
0.0
0.0
0.0
0.0
0.0
0.0
0.0
0.0
0.0
0.0
0.0
0.0
0.0146965
0.211857
0.4041135
0.436694
0.52269975
0.4607865
0.37725349999999996
0.10448149999999999
0.05316125
0.0
0.0
0.0
0.0
0.0
0.0
0.0
0.0
0.0
0.0
0.0
0.0
0.0
0.0
0.0
0.025045500000000002
0.21868775
0.38484199999999996
0.49230825
0.54738675
0.54003
0.48746875
0.3681995
0.18516149999999998
0.009414249999999999
0.0
0.0
0.0
0.0
0.0
0.0
0.0
0.0
0.0
0.0
0.0
0.0
0.0
0.0
0.000635
0.022373
0.09246825
0.31152975
0.2797595
0.36194824999999997
0.162624
0.0238045
0.01234575
0.0
0.0
0.0
0.0
0.0
0.0
0.0
0.0
0.0
0.0
0.0
0.0
0.0
0.0
0.0
0.02911375
0.23027275
0.4069625
0.51812775
0.5660299999999999
0.55690275
0.494537
0.368136
0.11612525
0.0
0.0
0.0
0.0
0.0
0.0
0.0
0.0
0.0
0.0
0.0
0.0
0.0
0.0
0.0
0.009567
0.19749150000000001
0.36006875000000005
0.48027875
0.5284855
0.5223435
0.464489
0.34957625000000003
0.17863725
0.00865125
0.0
0.0
0.0
0.0
0.0
0.0
0.0
0.0
0.0
0.0
0.0
0.0
0.0
0.0
0.0012855000000000002
0.032232750000000004
0.0245155
0.02987975
0.0312885
0.06331025
0.06721675
0.08071824999999999
0.0330115
0.00469725
0.0
0.0
0.0
0.0
0.0
0.0
0.0
0.0
0.0
0.0
0.0
0.0
0.0
0.0
0.00663125
0.177392
0.32425075
0.47953625
0.5215005
0.5114595
0.45408024999999996
0.34613324999999995
0.17889549999999999
0.0089865
0.0
0.0
0.0
0.0
0.0
0.0
0.0
0.0
0.0
0.0
0.0
0.0
0.0
0.0
0.0072195
0.1276705
0.25260974999999997
0.363851
0.39369925
0.381281
0.38225549999999997
0.2275805
0.0883275
0.000243
0.0
0.0
0.0
0.0
0.0
0.0
0.0
0.0
0.0
0.0
0.0
0.0
0.0
0.0
0.007470500000000001
0.1914685
0.3590845
0.46485275000000004
0.5131155
0.5100272499999999
0.456964
0.3444235
0.17832900000000002
0.009586
0.0
0.0
0.0
0.0
0.0
0.0
0.0
0.0
0.0
0.0
0.0
0.0
0.0
0.0
0.01233325
0.20162200000000002
0.3559605
0.4791725
0.45179975
0.45147475
0.30748424999999996
0.2270045
0.1166995
0.0095955
0.0
0.0
0.0
0.0
0.0
0.0
0.0
0.0
0.0
0.0
0.0
0.0
0.0
0.0
0.0054625
0.18286575
0.37432575
0.48588925
0.5325622499999999
0.5277854999999999
0.46828949999999997
0.3508095
0.18282775
0.00985275
0.0
0.0
0.0
0.0
0.0
0.0
0.0
0.0
0.0
0.0
0.0
0.0
0.0
0.0
0.008444
0.12880025
0.26104325
0.3627065
0.36055175
0.23816374999999998
0.2195995
0.31402625
0.12339875
0.0032389999999999997
0.0
0.0
0.0
0.0
0.0
0.0
0.0
0.0
0.0
0.0
0.0
0.0
0.0
0.0
0.007529
0.0125845
0.06688875
0.11312900000000001
0.38227375
0.24300575
0.266695
0.37084249999999996
0.15296175
0.008907
0.0
0.0
0.0
0.0
0.0
0.0
0.0
0.0
0.0
0.0
0.0
0.0
0.0
0.0
0.006200249999999999
0.13607624999999998
0.3216085
0.48689075000000004
0.5355185
0.52883075
0.4723485
0.3224155
0.1119675
0.0126105
0.0
0.0
0.0
0.0
0.0
0.0
0.0
0.0
0.0
0.0
0.0
0.0
0.0
0.0
0.0035127500000000002
0.1003335
0.2660245
0.45914575
0.51046775
0.50819625
0.418268
0.33222775
0.144618
0.01440175
0.0
0.0
0.0
0.0
0.0
0.0
0.0
0.0
0.0
0.0
0.0
0.0
0.0
0.0
0.003733
0.1086145
0.15028175
0.35462325
0.52562575
0.526278
0.47314625
0.356979
0.18747025
0.0129245
0.0
0.0
0.0
0.0
0.0
0.0
0.0
0.0
0.0
0.0
0.0
0.0
0.0
0.0
0.0031775
0.178166
0.335263
0.444179
0.501399
0.4036975
0.467718
0.356905
0.10123449999999999
0.0049232500000000005
0.0
0.0
0.0
0.0
0.0
0.0
0.0
0.0
0.0
0.0
0.0
0.0
0.0
0.0
0.01441175
0.18614125
0.39672575
0.5212417500000001
0.48584225
0.096401
0.2419605
0.12231375
0.06582025
8.3e-05
0.0
0.0
0.0
0.0
0.0
0.0
0.0
0.0
0.0
0.0
0.0
0.0
0.0
0.0
0.0
0.02109075
0.0603775
0.06165925
0.42757
0.489506
0.50407525
0.38730275000000003
0.20785325
0.00711925
0.0
0.0
0.0
0.0
0.0
0.0
0.0
0.0
0.0
0.0
0.0
0.0
0.0
0.0
0.0162385
0.20662250000000001
0.39297825000000003
0.5136197499999999
0.56859225
0.5665245
0.50526875
0.388096
0.20883000000000002
0.0196585
0.0
0.0
0.0
0.0
0.0
0.0
0.0
0.0
0.0
0.0
0.0
0.0
0.0
0.0
0.00435475
0.180425
0.3611725
0.47563175
0.50759675
0.36801825000000005
0.11656675
0.138382
0.079577
0.015782
0.0
0.0
0.0
0.0
0.0
0.0
0.0
0.0
0.0
0.0
0.0
0.0
0.0
0.0
0.0
0.0450865
0.07370874999999999
0.221478
0.1953115
0.10034725
0.110675
0.09697675
0.08301049999999999
0.005619
0.0
0.0
0.0
0.0
0.0
0.0
0.0
